------------------------------------------------------------------------------------------
NUMBER OF PATCHES        
------------------------------------------------------------------------------------------
2  
  
------------------------------------------------------------------------------------------
NUMBER OF CONTROL POINTS - PATCH 0        
------------------------------------------------------------------------------------------
1010  

------------------------------------------------------------------------------------------
INDEX MATERIAL - PATCH 0
------------------------------------------------------------------------------------------
0 

------------------------------------------------------------------------------------------
THICKNESS - PATCH 0        
------------------------------------------------------------------------------------------
4.  
     
------------------------------------------------------------------------------------------
CONTROL POINTS COORDINATES AND WEIGHT (X,Y,Z,W) - PATCH 0
------------------------------------------------------------------------------------------
-5.0   2.52660774904e-15   0.0   1.0
-5.23809523810   2.64692240375e-15   0.0   1.0
-5.71428571429   2.88755171319e-15   0.0   1.0
-6.42857142857   3.24849567733e-15   0.0   1.0
-7.14285714286   3.60943964148e-15   0.0   1.0
-7.85714285714   3.97038360563e-15   0.0   1.0
-8.57142857143   4.33132756978e-15   0.0   1.0
-9.28571428571   4.69227153393e-15   0.0   1.0
-9.76190476190   4.93290084336e-15   0.0   1.0
-10.0   5.05321549807e-15   0.0   1.0
-4.99999933553   0.0534284859046   0.0   1.0
-5.23809454198   0.0559726995191   0.0   1.0
-5.71428495489   0.0610611267481   0.0   1.0
-6.42857057425   0.0686937675916   0.0   1.0
-7.14285619361   0.0763264084351   0.0   1.0
-7.85714181298   0.0839590492786   0.0   1.0
-8.57142743234   0.0915916901221   0.0   1.0
-9.28571305170   0.0992243309656   0.0   1.0
-9.76190346461   0.104312758195   0.0   1.0
-9.99999867106   0.106856971809   0.0   1.0
-4.99827914526   0.16028506079   0.0   1.0
-5.23629243789   0.167917682733   0.0   1.0
-5.71231902316   0.183182926618   0.0   1.0
-6.42635890105   0.206080792445   0.0   1.0
-7.14039877894   0.228978658272   0.0   1.0
-7.85443865684   0.251876524099   0.0   1.0
-8.56847853473   0.274774389926   0.0   1.0
-9.28251841263   0.297672255754   0.0   1.0
-9.75854499789   0.312937499638   0.0   1.0
-9.99655829052   0.320570121581   0.0   1.0
-4.99059208748   0.320406667942   0.0   1.0
-5.22823932974   0.33566412832   0.0   1.0
-5.70353381427   0.366179049077   0.0   1.0
-6.41647554105   0.411951430211   0.0   1.0
-7.12941726783   0.457723811346   0.0   1.0
-7.84235899462   0.503496192481   0.0   1.0
-8.5553007214   0.549268573615   0.0   1.0
-9.26824244818   0.59504095475   0.0   1.0
-9.74353693271   0.625555875506   0.0   1.0
-9.98118417497   0.640813335884   0.0   1.0
-4.97774298693   0.480196903599   0.0   1.0
-5.21477836726   0.503063422818   0.0   1.0
-5.68884912792   0.548796461256   0.0   1.0
-6.39995526891   0.617396018913   0.0   1.0
-7.11106140990   0.68599557657   0.0   1.0
-7.82216755089   0.754595134228   0.0   1.0
-8.53327369188   0.823194691885   0.0   1.0
-9.24437983287   0.891794249542   0.0   1.0
-9.71845059353   0.93752728798   0.0   1.0
-9.95548597386   0.960393807199   0.0   1.0
-4.95979883211   0.639495215334   0.0   1.0
-5.19597972888   0.669947368445   0.0   1.0
-5.66834152241   0.730851674668   0.0   1.0
-6.37688421271   0.822208134001   0.0   1.0
-7.08542690301   0.913564593335   0.0   1.0
-7.79396959332   1.00492105267   0.0   1.0
-8.50251228362   1.09627751200   0.0   1.0
-9.21105497392   1.18763397134   0.0   1.0
-9.68341676745   1.24853827756   0.0   1.0
-9.91959766422   1.27899043067   0.0   1.0
-4.93675632704   0.798136516444   0.0   1.0
-5.17183996167   0.836143017228   0.0   1.0
-5.64200723091   0.912156018794   0.0   1.0
-6.34725813477   1.02617552114   0.0   1.0
-7.05250903863   1.14019502349   0.0   1.0
-7.75775994250   1.25421452584   0.0   1.0
-8.46301084636   1.36823402819   0.0   1.0
-9.16826175023   1.48225353054   0.0   1.0
-9.63842901947   1.55826653211   0.0   1.0
-9.87351265409   1.59627303289   0.0   1.0
-4.90863531349   0.955956629838   0.0   1.0
-5.14237985223   1.00147837412   0.0   1.0
-5.60986892971   1.09252186267   0.0   1.0
-6.31110254592   1.22908709551   0.0   1.0
-7.01233616213   1.36565232834   0.0   1.0
-7.71356977835   1.50221756117   0.0   1.0
-8.41480339456   1.63878279401   0.0   1.0
-9.11603701078   1.77534802684   0.0   1.0
-9.58352608825   1.86639151540   0.0   1.0
-9.81727062699   1.91191325968   0.0   1.0
-4.87547552117   1.11279550903   0.0   1.0
-5.10764102218   1.16578577136   0.0   1.0
-5.57197202419   1.27176629603   0.0   1.0
-6.26846852722   1.43073708303   0.0   1.0
-6.96496503024   1.58970787004   0.0   1.0
-7.66146153327   1.74867865704   0.0   1.0
-8.35795803629   1.90764944404   0.0   1.0
-9.05445453932   2.06662023105   0.0   1.0
-9.51878554133   2.17260075572   0.0   1.0
-9.75095104234   2.22559101805   0.0   1.0
-4.83729978718   1.26848936705   0.0   1.0
-5.06764739610   1.32889362263   0.0   1.0
-5.52834261392   1.44970213377   0.0   1.0
-6.21938544066   1.63091490049   0.0   1.0
-6.91042826740   1.81212766722   0.0   1.0
-7.60147109414   1.99334043394   0.0   1.0
-8.29251392089   2.17455320066   0.0   1.0
-8.98355674763   2.35576596738   0.0   1.0
-9.44425196545   2.47657447853   0.0   1.0
-9.67459957437   2.53697873410   0.0   1.0
-4.79416571751   1.42288322002   0.0   1.0
-5.02245932310   1.49063956383   0.0   1.0
-5.47904653430   1.62615225145   0.0   1.0
-6.16392735108   1.82942128288   0.0   1.0
-6.84880816787   2.03269031431   0.0   1.0
-7.53368898466   2.23595934574   0.0   1.0
-8.21856980144   2.43922837717   0.0   1.0
-8.90345061823   2.64249740861   0.0   1.0
-9.36003782942   2.77801009623   0.0   1.0
-9.58833143502   2.84576644004   0.0   1.0
-4.74608776693   1.57580977538   0.0   1.0
-4.97209194631   1.65084833612   0.0   1.0
-5.42410030507   1.80092545758   0.0   1.0
-6.10211284320   2.02604113978   0.0   1.0
-6.78012538133   2.25115682198   0.0   1.0
-7.45813791947   2.47627250417   0.0   1.0
-8.13615045760   2.70138818637   0.0   1.0
-8.81416299573   2.92650386857   0.0   1.0
-9.26617135449   3.07658099003   0.0   1.0
-9.49217553387   3.15161955077   0.0   1.0
-4.69313994892   1.72711883977   0.0   1.0
-4.91662280363   1.80936259404   0.0   1.0
-5.36358851305   1.97385010259   0.0   1.0
-6.03403707718   2.22058136541   0.0   1.0
-6.70448564131   2.46731262824   0.0   1.0
-7.37493420544   2.71404389106   0.0   1.0
-8.04538276957   2.96077515388   0.0   1.0
-8.71583133370   3.20750641671   0.0   1.0
-9.16279704312   3.37199392526   0.0   1.0
-9.38627989783   3.45423767953   0.0   1.0
-4.63539207119   1.87666234953   0.0   1.0
-4.85612502696   1.96602722332   0.0   1.0
-5.29759093850   2.14475697090   0.0   1.0
-5.95978980582   2.41285159226   0.0   1.0
-6.62198867313   2.68094621362   0.0   1.0
-7.28418754044   2.94904083498   0.0   1.0
-7.94638640776   3.21713545634   0.0   1.0
-8.60858527507   3.48523007771   0.0   1.0
-9.05005118661   3.66395982528   0.0   1.0
-9.27078414238   3.75332469907   0.0   1.0
-4.57283586679   2.02425867905   0.0   1.0
-4.79058995568   2.12065194948   0.0   1.0
-5.22609813347   2.31343849034   0.0   1.0
-5.87936040016   2.60261830163   0.0   1.0
-6.53262266684   2.89179811293   0.0   1.0
-7.18588493353   3.18097792422   0.0   1.0
-7.83914720021   3.47015773551   0.0   1.0
-8.49240946689   3.75933754680   0.0   1.0
-8.92791764468   3.95212408767   0.0   1.0
-9.14567173358   4.04851735810   0.0   1.0
-4.50561884167   2.16979174907   0.0   1.0
-4.72017211984   2.27311516569   0.0   1.0
-5.14927867619   2.47976199893   0.0   1.0
-5.79293851072   2.78973224880   0.0   1.0
-6.43659834524   3.09970249867   0.0   1.0
-7.08025817977   3.40967274853   0.0   1.0
-7.72391801429   3.71964299840   0.0   1.0
-8.36757784881   4.02961324827   0.0   1.0
-8.79668440516   4.23626008151   0.0   1.0
-9.01123768334   4.33958349813   0.0   1.0
-4.43375132231   2.31308522054   0.0   1.0
-4.64488233766   2.42323213580   0.0   1.0
-5.06714436835   2.64352596633   0.0   1.0
-5.70053741439   2.97396671212   0.0   1.0
-6.33393046044   3.30440745792   0.0   1.0
-6.96732350648   3.63484820371   0.0   1.0
-7.60071655253   3.96528894950   0.0   1.0
-8.23410959857   4.29572969529   0.0   1.0
-8.65637162927   4.51602352582   0.0   1.0
-8.86750264461   4.62617044108   0.0   1.0
-4.35734642791   2.45401186715   0.0   1.0
-4.56483911495   2.57086957511   0.0   1.0
-4.97982448904   2.80458499103   0.0   1.0
-5.60230255017   3.15515811491   0.0   1.0
-6.22478061130   3.50573123879   0.0   1.0
-6.84725867242   3.85630436267   0.0   1.0
-7.46973673355   4.20687748655   0.0   1.0
-8.09221479468   4.55745061043   0.0   1.0
-8.50720016877   4.79116602635   0.0   1.0
-8.71469285581   4.90802373431   0.0   1.0
-4.27644322302   2.59240498490   0.0   1.0
-4.48008337650   2.71585284133   0.0   1.0
-4.88736368345   2.96274855417   0.0   1.0
-5.49828414388   3.33309212344   0.0   1.0
-6.10920460432   3.70343569272   0.0   1.0
-6.72012506475   4.07377926199   0.0   1.0
-7.33104552518   4.44412283126   0.0   1.0
-7.94196598561   4.81446640053   0.0   1.0
-8.34924629257   5.06136211338   0.0   1.0
-8.55288644604   5.18480996980   0.0   1.0
-4.19115777567   2.72814137854   0.0   1.0
-4.39073671736   2.85805287276   0.0   1.0
-4.78989460076   3.11787586119   0.0   1.0
-5.38863142586   3.50761034384   0.0   1.0
-5.98736825095   3.89734482649   0.0   1.0
-6.58610507605   4.28707930914   0.0   1.0
-7.18484190114   4.67681379178   0.0   1.0
-7.78357872624   5.06654827443   0.0   1.0
-8.18273660963   5.32637126287   0.0   1.0
-8.38231555133   5.45628275708   0.0   1.0
-4.10156496375   2.86107418817   0.0   1.0
-4.29687758107   2.99731581618   0.0   1.0
-4.68750281571   3.26979907220   0.0   1.0
-5.27344066767   3.67852395622   0.0   1.0
-5.85937851964   4.08724884025   0.0   1.0
-6.44531637160   4.49597372427   0.0   1.0
-7.03125422356   4.90469860830   0.0   1.0
-7.61719207553   5.31342349232   0.0   1.0
-8.00781731017   5.58590674834   0.0   1.0
-8.20312992749   5.72214837634   0.0   1.0
-4.0077537917   2.99106437372   0.0   1.0
-4.19859921035   3.13349601057   0.0   1.0
-4.58029004766   3.41835928426   0.0   1.0
-5.15282630361   3.84565419479   0.0   1.0
-5.72536255957   4.27294910532   0.0   1.0
-6.29789881553   4.70024401585   0.0   1.0
-6.87043507148   5.12753892638   0.0   1.0
-7.44297132744   5.55483383692   0.0   1.0
-7.82466216475   5.83969711060   0.0   1.0
-8.01550758340   5.98212874745   0.0   1.0
-3.90982706250   3.11798307678   0.0   1.0
-4.09600930357   3.26645846139   0.0   1.0
-4.46837378571   3.56340923061   0.0   1.0
-5.02692050892   4.00883538443   0.0   1.0
-5.58546723214   4.45426153826   0.0   1.0
-6.14401395535   4.89968769208   0.0   1.0
-6.70256067856   5.34511384591   0.0   1.0
-7.26110740178   5.79053999973   0.0   1.0
-7.63347188392   6.08749076895   0.0   1.0
-7.81965412499   6.23596615356   0.0   1.0
-3.80788203992   3.24169721401   0.0   1.0
-3.98920975610   3.39606374801   0.0   1.0
-4.35186518848   3.70479681602   0.0   1.0
-4.89584833704   4.16789641802   0.0   1.0
-5.43983148560   4.63099602002   0.0   1.0
-5.98381463416   5.09409562202   0.0   1.0
-6.52779778272   5.55719522402   0.0   1.0
-7.07178093128   6.02029482603   0.0   1.0
-7.43443636365   6.32902789403   0.0   1.0
-7.61576407984   6.48339442803   0.0   1.0
-3.70202387947   3.36208015660   0.0   1.0
-3.87831073087   3.52217921168   0.0   1.0
-4.23088443368   3.84237732183   0.0   1.0
-4.75974498789   4.32267448706   0.0   1.0
-5.28860554210   4.80297165229   0.0   1.0
-5.81746609631   5.28326881752   0.0   1.0
-6.34632665052   5.76356598275   0.0   1.0
-6.87518720473   6.24386314798   0.0   1.0
-7.22776090754   6.56406125813   0.0   1.0
-7.40404775894   6.72416031321   0.0   1.0
-3.59236195373   3.47900854467   0.0   1.0
-3.76342680867   3.64467561823   0.0   1.0
-4.10555651855   3.97600976534   0.0   1.0
-4.61875108337   4.47301098601   0.0   1.0
-5.13194564819   4.97001220668   0.0   1.0
-5.64514021301   5.46701342734   0.0   1.0
-6.15833477782   5.96401464801   0.0   1.0
-6.67152934264   6.46101586868   0.0   1.0
-7.01365905252   6.79235001579   0.0   1.0
-7.18472390746   6.95801708935   0.0   1.0
-3.47900857066   3.59236198511   0.0   1.0
-3.64467564545   3.76342684154   0.0   1.0
-3.97600979504   4.10555655441   0.0   1.0
-4.47301101942   4.61875112371   0.0   1.0
-4.97001224380   5.13194569301   0.0   1.0
-5.46701346818   5.64514026231   0.0   1.0
-5.96401469256   6.15833483161   0.0   1.0
-6.46101591694   6.67152940091   0.0   1.0
-6.79235006652   7.01365911378   0.0   1.0
-6.95801714132   7.18472397021   0.0   1.0
-3.36208022513   3.7020239826   0.0   1.0
-3.52217928347   3.87831083891   0.0   1.0
-3.84237740014   4.23088455154   0.0   1.0
-4.32267457516   4.75974512049   0.0   1.0
-4.80297175018   5.28860568943   0.0   1.0
-5.28326892520   5.81746625837   0.0   1.0
-5.76356610022   6.34632682731   0.0   1.0
-6.24386327523   6.87518739626   0.0   1.0
-6.56406139191   7.22776110889   0.0   1.0
-6.72416045025   7.4040479652   0.0   1.0
-3.24169710959   3.80788188044   0.0   1.0
-3.39606363862   3.98920958903   0.0   1.0
-3.70479669668   4.35186500622   0.0   1.0
-4.16789628376   4.89584813200   0.0   1.0
-4.63099587085   5.43983125777   0.0   1.0
-5.09409545793   5.98381438355   0.0   1.0
-5.55719504502   6.52779750933   0.0   1.0
-6.02029463210   7.07178063510   0.0   1.0
-6.32902769016   7.43443605229   0.0   1.0
-6.48339421919   7.61576376088   0.0   1.0
-3.11798295188   3.90982698789   0.0   1.0
-3.26645833054   4.09600922541   0.0   1.0
-3.56340908786   4.46837370044   0.0   1.0
-4.00883522385   5.02692041300   0.0   1.0
-4.45426135983   5.58546712555   0.0   1.0
-4.89968749581   6.14401383811   0.0   1.0
-5.34511363180   6.70256055067   0.0   1.0
-5.79053976778   7.26110726322   0.0   1.0
-6.0874905251   7.63347173826   0.0   1.0
-6.23596590376   7.81965397578   0.0   1.0
-2.9910649326   4.00775446945   0.0   1.0
-3.13349659606   4.19859992038   0.0   1.0
-3.41835992297   4.58029082223   0.0   1.0
-3.84565491334   5.15282717501   0.0   1.0
-4.27294990371   5.72536352779   0.0   1.0
-4.70024489409   6.29789988057   0.0   1.0
-5.12753988446   6.87043623335   0.0   1.0
-5.55483487483   7.44297258613   0.0   1.0
-5.83969820174   7.82466348798   0.0   1.0
-5.98212986520   8.01550893890   0.0   1.0
-2.86107324104   4.10156369218   0.0   1.0
-2.99731482395   4.29687624895   0.0   1.0
-3.26979798976   4.68750136249   0.0   1.0
-3.67852273848   5.2734390328   0.0   1.0
-4.08724748721   5.85937670311   0.0   1.0
-4.49597223593   6.44531437342   0.0   1.0
-4.90469698465   7.03125204373   0.0   1.0
-5.31342173337   7.61718971404   0.0   1.0
-5.58590489918   8.00781482759   0.0   1.0
-5.72214648209   8.20312738436   0.0   1.0
-2.72814170083   4.19115823503   0.0   1.0
-2.85805321040   4.39073719860   0.0   1.0
-3.11787622952   4.78989512575   0.0   1.0
-3.50761075821   5.38863201647   0.0   1.0
-3.89734528690   5.98736890718   0.0   1.0
-4.28707981560   6.58610579790   0.0   1.0
-4.67681434429   7.18484268862   0.0   1.0
-5.06654887298   7.78357957934   0.0   1.0
-5.32637189210   8.18273750648   0.0   1.0
-5.45628340167   8.38231647006   0.0   1.0
-2.59240680497   4.27644618853   0.0   1.0
-2.71585474807   4.48008648322   0.0   1.0
-2.96275063425   4.88736707261   0.0   1.0
-3.33309446353   5.49828795668   0.0   1.0
-3.70343829282   6.10920884076   0.0   1.0
-4.07378212210   6.72012972484   0.0   1.0
-4.44412595138   7.33105060891   0.0   1.0
-4.81446978066   7.94197149299   0.0   1.0
-5.06136566685   8.34925208237   0.0   1.0
-5.18481360994   8.55289237706   0.0   1.0
-2.45400802950   4.35733975947   0.0   1.0
-2.57086555471   4.56483212896   0.0   1.0
-2.80458060514   4.97981686796   0.0   1.0
-3.15515318078   5.60229397646   0.0   1.0
-3.50572575642   6.22477108495   0.0   1.0
-3.85629833206   6.84724819345   0.0   1.0
-4.20687090771   7.46972530194   0.0   1.0
-4.55744348335   8.09220241044   0.0   1.0
-4.79115853378   8.50718714943   0.0   1.0
-4.90801605899   8.71467951893   0.0   1.0
-2.31308755809   4.43375580546   0.0   1.0
-2.42323458467   4.64488703429   0.0   1.0
-2.64352863782   5.06714949196   0.0   1.0
-2.97396971755   5.70054317845   0.0   1.0
-3.30441079727   6.33393686495   0.0   1.0
-3.63485187700   6.96733055144   0.0   1.0
-3.96529295673   7.60072423794   0.0   1.0
-4.29573403646   8.23411792443   0.0   1.0
-4.51602808961   8.65638038209   0.0   1.0
-4.62617511618   8.86751161092   0.0   1.0
-2.16979027326   4.50561591487   0.0   1.0
-2.27311361960   4.72016905367   0.0   1.0
-2.47976031229   5.14927533127   0.0   1.0
-2.78973035133   5.79293474768   0.0   1.0
-3.09970039037   6.43659416409   0.0   1.0
-3.40967042940   7.08025358050   0.0   1.0
-3.71964046844   7.72391299691   0.0   1.0
-4.02961050748   8.36757241332   0.0   1.0
-4.23625720017   8.79667869093   0.0   1.0
-4.33958054651   9.01123182973   0.0   1.0
-2.02426337605   4.57284626724   0.0   1.0
-2.12065687015   4.79060085140   0.0   1.0
-2.31344385834   5.22611001970   0.0   1.0
-2.60262434064   5.87937377217   0.0   1.0
-2.89180482293   6.53263752463   0.0   1.0
-3.18098530522   7.18590127709   0.0   1.0
-3.47016578752   7.83916502956   0.0   1.0
-3.75934626981   8.49242878202   0.0   1.0
-3.95213325801   8.92793795033   0.0   1.0
-4.04852675210   9.14569253448   0.0   1.0
-1.87665642882   4.63537762123   0.0   1.0
-1.96602102067   4.85610988891   0.0   1.0
-2.14475020436   5.29757442426   0.0   1.0
-2.41284397991   5.95977122729   0.0   1.0
-2.68093775546   6.62196803033   0.0   1.0
-2.94903153100   7.28416483336   0.0   1.0
-3.21712530655   7.94636163639   0.0   1.0
-3.48521908209   8.60855843942   0.0   1.0
-3.66394826579   9.05002297478   0.0   1.0
-3.75331285764   9.27075524246   0.0   1.0
-1.72712102589   4.69314578790   0.0   1.0
-1.80936488427   4.91662892065   0.0   1.0
-1.97385260102   5.36359518617   0.0   1.0
-2.22058417614   6.03404458444   0.0   1.0
-2.46731575127   6.70449398271   0.0   1.0
-2.71404732640   7.37494338098   0.0   1.0
-2.96077890152   8.04539277925   0.0   1.0
-3.20751047665   8.71584217752   0.0   1.0
-3.37199819340   9.16280844303   0.0   1.0
-3.45424205178   9.38629157579   0.0   1.0
-1.57581094274   4.74609149800   0.0   1.0
-1.65084955906   4.97209585505   0.0   1.0
-1.80092679170   5.42410456915   0.0   1.0
-2.02604264067   6.10211764029   0.0   1.0
-2.25115848963   6.78013071144   0.0   1.0
-2.47627433859   7.45814378258   0.0   1.0
-2.70139018756   8.13615685372   0.0   1.0
-2.92650603652   8.81416992487   0.0   1.0
-3.07658326916   9.26617863896   0.0   1.0
-3.15162188548   9.49218299601   0.0   1.0
-1.42288163554   4.79416038050   0.0   1.0
-1.49063790390   5.02245373196   0.0   1.0
-1.62615044062   5.47904043486   0.0   1.0
-1.82941924570   6.16392048922   0.0   1.0
-2.03268805078   6.84880054358   0.0   1.0
-2.23595685585   7.53368059793   0.0   1.0
-2.43922566093   8.21856065229   0.0   1.0
-2.64249446601   8.90344070665   0.0   1.0
-2.77800700273   9.36002740955   0.0   1.0
-2.84576327109   9.58832076101   0.0   1.0
-1.26849012544   4.83730263266   0.0   1.0
-1.32889441713   5.06765037707   0.0   1.0
-1.44970300051   5.52834586589   0.0   1.0
-1.63091587557   6.21938909913   0.0   1.0
-1.81212875063   6.91043233237   0.0   1.0
-1.99334162569   7.60147556560   0.0   1.0
-2.17455450076   8.29251879884   0.0   1.0
-2.35576737582   8.98356203208   0.0   1.0
-2.47657595920   9.44425752090   0.0   1.0
-2.53698025088   9.67460526532   0.0   1.0
-1.11279521266   4.87547434293   0.0   1.0
-1.16578546088   5.10763978783   0.0   1.0
-1.27176595732   5.57197067763   0.0   1.0
-1.43073670199   6.26846701234   0.0   1.0
-1.58970744666   6.96496334704   0.0   1.0
-1.74867819132   7.66145968174   0.0   1.0
-1.90764893599   8.35795601645   0.0   1.0
-2.06661968065   9.05445235115   0.0   1.0
-2.17260017710   9.51878324096   0.0   1.0
-2.22559042532   9.75094868586   0.0   1.0
-0.95595698464   4.90863716910   0.0   1.0
-1.00147874581   5.14238179620   0.0   1.0
-1.09252226816   5.60987105040   0.0   1.0
-1.22908755168   6.31110493170   0.0   1.0
-1.3656528352   7.01233881300   0.0   1.0
-1.50221811872   7.71357269430   0.0   1.0
-1.63878340224   8.41480657559   0.0   1.0
-1.77534868576   9.11604045689   0.0   1.0
-1.86639220811   9.58352971109   0.0   1.0
-1.91191396928   9.81727433819   0.0   1.0
-0.79813592631   4.93675281151   0.0   1.0
-0.836142398991   5.17183627873   0.0   1.0
-0.912155344354   5.64200321316   0.0   1.0
-1.02617476240   6.34725361480   0.0   1.0
-1.14019418044   7.05250401645   0.0   1.0
-1.25421359849   7.75775441809   0.0   1.0
-1.36823301653   8.46300481974   0.0   1.0
-1.48225243458   9.16825522138   0.0   1.0
-1.55826537994   9.63842215581   0.0   1.0
-1.59627185262   9.87350562303   0.0   1.0
-0.639495494164   4.95980076322   0.0   1.0
-0.669947660553   5.19598175195   0.0   1.0
-0.73085199333   5.66834372940   0.0   1.0
-0.822208492496   6.37688669557   0.0   1.0
-0.913564991663   7.08542966174   0.0   1.0
-1.00492149083   7.79397262792   0.0   1.0
-1.09627799000   8.50251559409   0.0   1.0
-1.18763448916   9.21105856027   0.0   1.0
-1.24853882194   9.68342053772   0.0   1.0
-1.27899098833   9.91960152644   0.0   1.0
-0.480197506336   4.97774981013   0.0   1.0
-0.503064054257   5.21478551537   0.0   1.0
-0.548797150099   5.68885692586   0.0   1.0
-0.617396793861   6.39996404159   0.0   1.0
-0.685996437623   7.11107115733   0.0   1.0
-0.754596081386   7.82217827306   0.0   1.0
-0.823195725148   8.53328538879   0.0   1.0
-0.89179536891   9.24439250452   0.0   1.0
-0.937528464752   9.71846391501   0.0   1.0
-0.960395012673   9.95549962026   0.0   1.0
-0.320405575484   4.99057453338   0.0   1.0
-0.33566298384   5.22822093973   0.0   1.0
-0.366177800553   5.70351375244   0.0   1.0
-0.411950025622   6.41645297149   0.0   1.0
-0.457722250691   7.12939219055   0.0   1.0
-0.50349447576   7.84233140960   0.0   1.0
-0.549266700829   8.55527062866   0.0   1.0
-0.595038925898   9.26820984771   0.0   1.0
-0.625553742611   9.74350266041   0.0   1.0
-0.640811150967   9.98114906677   0.0   1.0
-0.160285483569   4.99829494475   0.0   1.0
-0.167918125644   5.23630898973   0.0   1.0
-0.183183409793   5.71233707971   0.0   1.0
-0.206081336017   6.42637921467   0.0   1.0
-0.228979262241   7.14042134964   0.0   1.0
-0.251877188465   7.8544634846   0.0   1.0
-0.274775114689   8.56850561956   0.0   1.0
-0.297673040914   9.28254775453   0.0   1.0
-0.312938325063   9.75857584450   0.0   1.0
-0.320570967138   9.99658988949   0.0   1.0
-1.16093678629e-07   5.00085584410   0.0   1.0
-1.21621949553e-07   5.23899183667   0.0   1.0
-1.3267849068e-07   5.71526382183   0.0   1.0
-1.4926330192e-07   6.42967179956   0.0   1.0
-1.65848113062e-07   7.14407977728   0.0   1.0
-1.82432924448e-07   7.85848775501   0.0   1.0
-1.99017735347e-07   8.57289573274   0.0   1.0
-2.15602546205e-07   9.28730371047   0.0   1.0
-2.26659087069e-07   9.76357569562   0.0   1.0
-2.32187357257e-07   10.0017116882   0.0   1.0
0.160285152537   4.99827829604   0.0   1.0
0.167917778848   5.23629154823   0.0   1.0
0.183183031471   5.71231805261   0.0   1.0
0.206080910405   6.42635780919   0.0   1.0
0.228978789339   7.14039756577   0.0   1.0
0.251876668273   7.85443732234   0.0   1.0
0.274774547206   8.56847707892   0.0   1.0
0.29767242614   9.28251683550   0.0   1.0
0.312937678763   9.75854333988   0.0   1.0
0.320570305074   9.99655659208   0.0   1.0
0.320406568324   4.99059132625   0.0   1.0
0.335664023959   5.22823853226   0.0   1.0
0.366178935228   5.70353294429   0.0   1.0
0.411951302131   6.41647456232   0.0   1.0
0.457723669035   7.12941618036   0.0   1.0
0.503496035938   7.84235779840   0.0   1.0
0.549268402842   8.55529941643   0.0   1.0
0.595040769745   9.26824103447   0.0   1.0
0.625555681014   9.74353544649   0.0   1.0
0.640813136649   9.98118265250   0.0   1.0
0.480197117033   4.97774553394   0.0   1.0
0.503063646416   5.21478103555   0.0   1.0
0.548796705181   5.68885203879   0.0   1.0
0.617396293328   6.39995854363   0.0   1.0
0.685995881476   7.11106504848   0.0   1.0
0.754595469623   7.82217155333   0.0   1.0
0.823195057771   8.53327805818   0.0   1.0
0.891794645919   9.24438456303   0.0   1.0
0.937527704684   9.71845556626   0.0   1.0
0.960394234066   9.95549106788   0.0   1.0
0.639494953189   4.95979641433   0.0   1.0
0.669947093817   5.19597719597   0.0   1.0
0.730851375073   5.66833875924   0.0   1.0
0.822207796957   6.37688110414   0.0   1.0
0.913564218842   7.08542344905   0.0   1.0
1.00492064073   7.79396579395   0.0   1.0
1.09627706261   8.50250813886   0.0   1.0
1.18763348449   9.21105048376   0.0   1.0
1.24853776575   9.68341204703   0.0   1.0
1.27898990638   9.91959282866   0.0   1.0
0.798136642022   4.93675752331   0.0   1.0
0.836143148785   5.17184121489   0.0   1.0
0.912156162311   5.64200859807   0.0   1.0
1.0261756826   6.34725967283   0.0   1.0
1.14019520289   7.05251074758   0.0   1.0
1.25421472318   7.75776182234   0.0   1.0
1.36823424347   8.46301289710   0.0   1.0
1.48225376376   9.16826397186   0.0   1.0
1.55826677728   9.63843135503   0.0   1.0
1.59627328404   9.87351504662   0.0   1.0
0.95595664124   4.90863522668   0.0   1.0
1.00147838606   5.14237976129   0.0   1.0
1.09252187570   5.60986883049   0.0   1.0
1.22908711017   6.31110243431   0.0   1.0
1.36565234463   7.01233603812   0.0   1.0
1.50221757909   7.71356964193   0.0   1.0
1.63878281355   8.41480324574   0.0   1.0
1.77534804802   9.11603684955   0.0   1.0
1.86639153766   9.58352591876   0.0   1.0
1.91191328248   9.81727045336   0.0   1.0
1.11279532343   4.87547481362   0.0   1.0
1.16578557693   5.10764028094   0.0   1.0
1.27176608392   5.57197121557   0.0   1.0
1.43073684441   6.26846761751   0.0   1.0
1.58970760490   6.96496401946   0.0   1.0
1.74867836539   7.66146042140   0.0   1.0
1.90764912588   8.35795682335   0.0   1.0
2.06661988638   9.05445322529   0.0   1.0
2.17260039337   9.51878415992   0.0   1.0
2.22559064687   9.75094962724   0.0   1.0
1.26848958899   4.83730069627   0.0   1.0
1.32889385513   5.06764834847   0.0   1.0
1.44970238741   5.52834365288   0.0   1.0
1.63091518584   6.21938660949   0.0   1.0
1.81212798427   6.91042956610   0.0   1.0
1.99334078269   7.60147252271   0.0   1.0
2.17455358112   8.29251547932   0.0   1.0
2.35576637955   8.98355843593   0.0   1.0
2.47657491183   9.44425374034   0.0   1.0
2.53697917797   9.67460139254   0.0   1.0
1.42288306688   4.79416502827   0.0   1.0
1.49063940340   5.02245860105   0.0   1.0
1.62615207643   5.47904574660   0.0   1.0
1.82942108599   6.16392646492   0.0   1.0
2.03269009554   6.84880718325   0.0   1.0
2.23595910510   7.53368790157   0.0   1.0
2.43922811465   8.21856861990   0.0   1.0
2.64249712420   8.90344933822   0.0   1.0
2.77800979724   9.36003648377   0.0   1.0
2.84576613376   9.58833005655   0.0   1.0
1.57580959997   4.74608766986   0.0   1.0
1.65084815235   4.97209184461   0.0   1.0
1.80092525711   5.42410019412   0.0   1.0
2.02604091425   6.10211271839   0.0   1.0
2.25115657139   6.78012524265   0.0   1.0
2.47627222852   7.45813776692   0.0   1.0
2.70138788566   8.13615029118   0.0   1.0
2.92650354280   8.81416281545   0.0   1.0
3.07658064756   9.26617116496   0.0   1.0
3.15161919994   9.49217533971   0.0   1.0
1.72711979454   4.69314210788   0.0   1.0
1.80936359428   4.91662506540   0.0   1.0
1.97385119376   5.36359098044   0.0   1.0
2.22058259298   6.03403985299   0.0   1.0
2.46731399220   6.70448872555   0.0   1.0
2.71404539142   7.37493759810   0.0   1.0
2.96077679064   8.04538647066   0.0   1.0
3.20750818985   8.71583534321   0.0   1.0
3.37199578933   9.16280125825   0.0   1.0
3.45423958907   9.38628421577   0.0   1.0
1.87666065287   4.63538839409   0.0   1.0
1.96602544587   4.85612117476   0.0   1.0
2.14475503185   5.29758673610   0.0   1.0
2.41284941083   5.95978507812   0.0   1.0
2.68094378982   6.62198342013   0.0   1.0
2.94903816880   7.28418176214   0.0   1.0
3.21713254778   7.94638010416   0.0   1.0
3.48522692676   8.60857844617   0.0   1.0
3.66395651275   9.05004400751   0.0   1.0
3.75332130574   9.27077678818   0.0   1.0
2.02426079193   4.57284030010   0.0   1.0
2.12065416298   4.79059460011   0.0   1.0
2.31344090507   5.22610320012   0.0   1.0
2.6026210182   5.87936610013   0.0   1.0
2.89180113133   6.53262900015   0.0   1.0
3.18098124447   7.18589190016   0.0   1.0
3.4701613576   7.83915480018   0.0   1.0
3.75934147073   8.49241770019   0.0   1.0
3.95212821282   8.92792630020   0.0   1.0
4.04852158387   9.14568060021   0.0   1.0
2.16978934417   4.50561413179   0.0   1.0
2.27311264627   4.72016718568   0.0   1.0
2.47975925048   5.14927329347   0.0   1.0
2.78972915679   5.79293245515   0.0   1.0
3.09969906310   6.43659161684   0.0   1.0
3.40966896941   7.08025077852   0.0   1.0
3.71963887572   7.72390994020   0.0   1.0
4.02960878203   8.36756910189   0.0   1.0
4.23625538623   8.79667520968   0.0   1.0
4.33957868834   9.01122826357   0.0   1.0
2.31308714865   4.43375486638   0.0   1.0
2.42323415573   4.64488605050   0.0   1.0
2.64352816988   5.06714841872   0.0   1.0
2.97396919112   5.70054197106   0.0   1.0
3.30441021235   6.33393552340   0.0   1.0
3.63485123359   6.96732907574   0.0   1.0
3.96529225482   7.60072262808   0.0   1.0
4.29573327606   8.23411618043   0.0   1.0
4.51602729022   8.65637854865   0.0   1.0
4.62617429729   8.86750973277   0.0   1.0
2.45401012912   4.35734345980   0.0   1.0
2.57086775432   4.56483600551   0.0   1.0
2.80458300471   4.97982109692   0.0   1.0
3.1551558803   5.60229873403   0.0   1.0
3.50572875589   6.22477637115   0.0   1.0
3.85630163148   6.84725400826   0.0   1.0
4.20687450707   7.46973164538   0.0   1.0
4.55744738266   8.09220928249   0.0   1.0
4.79116263305   8.50719437390   0.0   1.0
4.90802025824   8.71468691961   0.0   1.0
2.59240635494   4.27644542384   0.0   1.0
2.71585427660   4.48008568212   0.0   1.0
2.96275011993   4.88736619867   0.0   1.0
3.33309388492   5.49828697351   0.0   1.0
3.70343764991   6.10920774834   0.0   1.0
4.07378141490   6.72012852317   0.0   1.0
4.44412517989   7.33104929801   0.0   1.0
4.81446894489   7.94197007284   0.0   1.0
5.06136478821   8.34925058940   0.0   1.0
5.18481270988   8.55289084768   0.0   1.0
2.72814035319   4.19115618591   0.0   1.0
2.85805179858   4.39073505190   0.0   1.0
3.11787468936   4.78989278389   0.0   1.0
3.50760902553   5.38862938188   0.0   1.0
3.89734336171   5.98736597987   0.0   1.0
4.28707769788   6.58610257785   0.0   1.0
4.67681203405   7.18483917584   0.0   1.0
5.06654637022   7.78357577383   0.0   1.0
5.32636926100   8.18273350582   0.0   1.0
5.45628070639   8.38231237181   0.0   1.0
2.86107472638   4.10156576599   0.0   1.0
2.99731638002   4.29687842151   0.0   1.0
3.26979968729   4.68750373255   0.0   1.0
3.67852464820   5.27344169912   0.0   1.0
4.08724960912   5.85937966569   0.0   1.0
4.49597457003   6.44531763226   0.0   1.0
4.90469953094   7.03125559883   0.0   1.0
5.31342449185   7.61719356540   0.0   1.0
5.58590779912   8.00781887645   0.0   1.0
5.72214945276   8.20313153197   0.0   1.0
2.99106417219   4.00775346073   0.0   1.0
3.13349579943   4.19859886363   0.0   1.0
3.41835905393   4.58028966941   0.0   1.0
3.84565393567   5.15282587809   0.0   1.0
4.27294881741   5.72536208676   0.0   1.0
4.70024369915   6.29789829544   0.0   1.0
5.12753858089   6.87043450411   0.0   1.0
5.55483346263   7.44297071279   0.0   1.0
5.83969671713   7.82466151857   0.0   1.0
5.98212834437   8.01550692147   0.0   1.0
3.11798311943   3.90982717098   0.0   1.0
3.26645850607   4.09600941722   0.0   1.0
3.56340927935   4.46837390969   0.0   1.0
4.00883543927   5.02692064841   0.0   1.0
4.45426159919   5.58546738712   0.0   1.0
4.89968775911   6.14401412583   0.0   1.0
5.34511391903   6.70256086454   0.0   1.0
5.79054007895   7.26110760325   0.0   1.0
6.08749085223   7.63347209573   0.0   1.0
6.23596623887   7.81965434196   0.0   1.0
3.24169718429   3.80788194887   0.0   1.0
3.39606371688   3.98920966072   0.0   1.0
3.70479678205   4.35186508442   0.0   1.0
4.16789637980   4.89584821997   0.0   1.0
4.63099597756   5.43983135552   0.0   1.0
5.09409557531   5.98381449108   0.0   1.0
5.55719517307   6.52779762663   0.0   1.0
6.02029477083   7.07178076218   0.0   1.0
6.32902783600   7.43443618588   0.0   1.0
6.48339436858   7.61576389773   0.0   1.0
3.36208016731   3.70202390169   0.0   1.0
3.52217922289   3.87831075415   0.0   1.0
3.84237733407   4.23088445907   0.0   1.0
4.32267450082   4.75974501646   0.0   1.0
4.80297166758   5.28860557384   0.0   1.0
5.28326883434   5.81746613122   0.0   1.0
5.76356600110   6.34632668861   0.0   1.0
6.24386316786   6.87518724599   0.0   1.0
6.56406127903   7.22776095092   0.0   1.0
6.72416033461   7.40404780338   0.0   1.0
3.47900860209   3.59236200510   0.0   1.0
3.64467567838   3.76342686249   0.0   1.0
3.97600983096   4.10555657726   0.0   1.0
4.47301105983   4.61875114942   0.0   1.0
4.97001228870   5.13194572157   0.0   1.0
5.46701351757   5.64514029373   0.0   1.0
5.96401474644   6.15833486589   0.0   1.0
6.46101597531   6.67152943805   0.0   1.0
6.79235012789   7.01365915282   0.0   1.0
6.95801720418   7.18472401020   0.0   1.0
3.59236194250   3.47900851585   0.0   1.0
3.76342679690   3.64467558803   0.0   1.0
4.10555650571   3.97600973240   0.0   1.0
4.61875106893   4.47301094894   0.0   1.0
5.13194563214   4.97001216549   0.0   1.0
5.64514019535   5.46701338204   0.0   1.0
6.15833475857   5.96401459859   0.0   1.0
6.67152932178   6.46101581514   0.0   1.0
7.01365903059   6.79234995951   0.0   1.0
7.18472388500   6.95801703169   0.0   1.0
3.70202395271   3.36208020062   0.0   1.0
3.87831080760   3.52217925779   0.0   1.0
4.23088451739   3.84237737213   0.0   1.0
4.75974508206   4.32267454365   0.0   1.0
5.28860564673   4.80297171517   0.0   1.0
5.81746621140   5.28326888669   0.0   1.0
6.34632677608   5.76356605820   0.0   1.0
6.87518734075   6.24386322972   0.0   1.0
7.22776105053   6.56406134406   0.0   1.0
7.40404790542   6.72416040124   0.0   1.0
3.80788194704   3.24169714944   0.0   1.0
3.98920965880   3.39606368037   0.0   1.0
4.35186508233   3.70479674222   0.0   1.0
4.89584821762   4.16789633500   0.0   1.0
5.43983135292   4.63099592777   0.0   1.0
5.98381448821   5.09409552055   0.0   1.0
6.52779762350   5.55719511333   0.0   1.0
7.07178075879   6.02029470610   0.0   1.0
7.43443618232   6.32902776796   0.0   1.0
7.61576389408   6.48339429888   0.0   1.0
3.90982699718   3.11798297721   0.0   1.0
4.09600923514   3.26645835708   0.0   1.0
4.46837371106   3.56340911681   0.0   1.0
5.02692042494   4.00883525641   0.0   1.0
5.58546713882   4.45426139601   0.0   1.0
6.14401385271   4.89968753562   0.0   1.0
6.70256056659   5.34511367522   0.0   1.0
7.26110728047   5.79053981482   0.0   1.0
7.63347175639   6.08749057455   0.0   1.0
7.81965399435   6.23596595442   0.0   1.0
4.00775442789   2.99106485519   0.0   1.0
4.19859987684   3.13349651496   0.0   1.0
4.58029077473   3.41835983450   0.0   1.0
5.15282712157   3.84565481381   0.0   1.0
5.72536346841   4.27294979312   0.0   1.0
6.29789981525   4.70024477244   0.0   1.0
6.87043616209   5.12753975175   0.0   1.0
7.44297250894   5.55483473106   0.0   1.0
7.82466340683   5.83969805060   0.0   1.0
8.01550885578   5.98212971037   0.0   1.0
4.10156368932   2.86107326708   0.0   1.0
4.29687624595   2.99731485123   0.0   1.0
4.68750135922   3.26979801952   0.0   1.0
5.27343902913   3.67852277196   0.0   1.0
5.85937669903   4.08724752440   0.0   1.0
6.44531436893   4.49597227684   0.0   1.0
7.03125203883   4.90469702928   0.0   1.0
7.61718970874   5.31342178172   0.0   1.0
8.00781482201   5.58590495002   0.0   1.0
8.20312737864   5.72214653416   0.0   1.0
4.19115831975   2.72814173162   0.0   1.0
4.39073728736   2.85805324265   0.0   1.0
4.78989522258   3.11787626471   0.0   1.0
5.38863212540   3.50761079780   0.0   1.0
5.98736902822   3.89734533089   0.0   1.0
6.58610593104   4.28707986398   0.0   1.0
7.18484283386   4.67681439706   0.0   1.0
7.78357973669   5.06654893015   0.0   1.0
8.18273767190   5.32637195221   0.0   1.0
8.38231663951   5.45628346324   0.0   1.0
4.27644616654   2.59240678353   0.0   1.0
4.48008646018   2.71585472560   0.0   1.0
4.88736704747   2.96275060975   0.0   1.0
5.49828792841   3.33309443597   0.0   1.0
6.10920880934   3.70343826218   0.0   1.0
6.72012969028   4.07378208840   0.0   1.0
7.33105057121   4.44412591462   0.0   1.0
7.94197145215   4.81446974084   0.0   1.0
8.34925203943   5.06136562498   0.0   1.0
8.55289233308   5.18481356706   0.0   1.0
4.3573397058   2.45400800428   0.0   1.0
4.56483207274   2.57086552829   0.0   1.0
4.97981680663   2.80458057632   0.0   1.0
5.60229390746   3.15515314836   0.0   1.0
6.22477100829   3.50572572040   0.0   1.0
6.84724810911   3.85629829244   0.0   1.0
7.46972520994   4.20687086448   0.0   1.0
8.09220231077   4.55744343652   0.0   1.0
8.50718704466   4.79115848455   0.0   1.0
8.71467941160   4.90801600856   0.0   1.0
4.43375586325   2.31308757884   0.0   1.0
4.64488709483   2.42323460640   0.0   1.0
5.06714955800   2.64352866153   0.0   1.0
5.70054325275   2.97396974422   0.0   1.0
6.33393694750   3.30441082691   0.0   1.0
6.96733064225   3.63485190960   0.0   1.0
7.60072433700   3.96529299229   0.0   1.0
8.23411803175   4.29573407498   0.0   1.0
8.65638049492   4.51602813011   0.0   1.0
8.86751172650   4.62617515767   0.0   1.0
4.50561597550   2.16979029086   0.0   1.0
4.72016911719   2.27311363805   0.0   1.0
5.14927540058   2.47976033242   0.0   1.0
5.79293482565   2.78973037397   0.0   1.0
6.43659425072   3.09970041552   0.0   1.0
7.08025367579   3.40967045707   0.0   1.0
7.72391310086   3.71964049862   0.0   1.0
8.36757252594   4.02961054018   0.0   1.0
8.79667880932   4.23625723454   0.0   1.0
9.01123195101   4.33958058173   0.0   1.0
4.57284620483   2.02426336092   0.0   1.0
4.79060078602   2.12065685429   0.0   1.0
5.22610994838   2.31344384105   0.0   1.0
5.87937369193   2.60262432118   0.0   1.0
6.53263743548   2.89180480131   0.0   1.0
7.18590117903   3.18098528144   0.0   1.0
7.83916492257   3.47016576157   0.0   1.0
8.49242866612   3.75934624170   0.0   1.0
8.92793782849   3.95213322846   0.0   1.0
9.14569240967   4.04852672183   0.0   1.0
4.63537760944   1.87665639786   0.0   1.0
4.85610987656   1.96602098823   0.0   1.0
5.29757441079   2.14475016898   0.0   1.0
5.95977121214   2.41284394010   0.0   1.0
6.62196801349   2.68093771122   0.0   1.0
7.28416481484   2.94903148235   0.0   1.0
7.94636161619   3.21712525347   0.0   1.0
8.60855841754   3.48521902459   0.0   1.0
9.05002295177   3.66394820534   0.0   1.0
9.27075521889   3.75331279571   0.0   1.0
4.69314587942   1.72712106049   0.0   1.0
4.91662901654   1.80936492051   0.0   1.0
5.36359529077   1.97385264056   0.0   1.0
6.03404470211   2.22058422063   0.0   1.0
6.70449411346   2.46731580070   0.0   1.0
7.37494352480   2.71404738077   0.0   1.0
8.04539293615   2.96077896084   0.0   1.0
8.71584234750   3.20751054091   0.0   1.0
9.16280862173   3.37199826095   0.0   1.0
9.38629175884   3.45424212097   0.0   1.0
4.746091515   1.57581094491   0.0   1.0
4.97209587286   1.65084956133   0.0   1.0
5.42410458857   1.80092679418   0.0   1.0
6.10211766214   2.02604264345   0.0   1.0
6.78013073571   2.25115849273   0.0   1.0
7.45814380929   2.476274342   0.0   1.0
8.13615688286   2.70139019127   0.0   1.0
8.81416995643   2.92650604055   0.0   1.0
9.26617867214   3.07658327339   0.0   1.0
9.49218303000   3.15162188982   0.0   1.0
4.79416029066   1.42288160243   0.0   1.0
5.02245363783   1.49063786921   0.0   1.0
5.47904033218   1.62615040278   0.0   1.0
6.1639203737   1.82941920313   0.0   1.0
6.84880041522   2.03268800347   0.0   1.0
7.53368045675   2.23595680382   0.0   1.0
8.21856049827   2.43922560417   0.0   1.0
8.90344053979   2.64249440452   0.0   1.0
9.36002723414   2.77800693808   0.0   1.0
9.58832058131   2.84576320486   0.0   1.0
4.83730270271   1.26849014152   0.0   1.0
5.06765045045   1.32889443397   0.0   1.0
5.52834594595   1.44970301888   0.0   1.0
6.21938918919   1.63091589624   0.0   1.0
6.91043243244   1.81212877360   0.0   1.0
7.60147567568   1.99334165096   0.0   1.0
8.29251891893   2.17455452832   0.0   1.0
8.98356216217   2.35576740568   0.0   1.0
9.44425765767   2.47657599059   0.0   1.0
9.67460540541   2.53698028304   0.0   1.0
4.87547446968   1.11279522674   0.0   1.0
5.10763992061   1.16578547564   0.0   1.0
5.57197082249   1.27176597342   0.0   1.0
6.2684671753   1.43073672010   0.0   1.0
6.96496352811   1.58970746678   0.0   1.0
7.66145988092   1.74867821345   0.0   1.0
8.35795623373   1.90764896013   0.0   1.0
9.05445258654   2.06661970681   0.0   1.0
9.51878348842   2.17260020459   0.0   1.0
9.75094893936   2.22559045349   0.0   1.0
4.90863678929   0.955956923899   0.0   1.0
5.14238139830   1.00147868218   0.0   1.0
5.60987061633   1.09252219874   0.0   1.0
6.31110444337   1.22908747358   0.0   1.0
7.01233827041   1.36565274843   0.0   1.0
7.71357209745   1.50221802327   0.0   1.0
8.41480592449   1.63878329811   0.0   1.0
9.11603975153   1.77534857296   0.0   1.0
9.58352896956   1.86639208952   0.0   1.0
9.81727357857   1.91191384780   0.0   1.0
4.93675362412   0.798136025979   0.0   1.0
5.17183713003   0.836142503406   0.0   1.0
5.64200414185   0.912155458261   0.0   1.0
6.34725465958   1.02617489054   0.0   1.0
7.05250517731   1.14019432283   0.0   1.0
7.75775569505   1.25421375511   0.0   1.0
8.46300621278   1.36823318739   0.0   1.0
9.16825673051   1.48225261967   0.0   1.0
9.63842374233   1.55826557453   0.0   1.0
9.87350724824   1.59627205196   0.0   1.0
4.95979969251   0.639495365056   0.0   1.0
5.19598063025   0.669947525297   0.0   1.0
5.66834250573   0.730851845779   0.0   1.0
6.37688531894   0.822208326501   0.0   1.0
7.08542813216   0.913564807223   0.0   1.0
7.79397094537   1.00492128795   0.0   1.0
8.50251375859   1.09627776867   0.0   1.0
9.21105657181   1.18763424939   0.0   1.0
9.68341844728   1.24853856987   0.0   1.0
9.91959938502   1.27899073011   0.0   1.0
4.97774999941   0.480197540571   0.0   1.0
5.21478571367   0.503064090122   0.0   1.0
5.68885714218   0.548797189224   0.0   1.0
6.39996428495   0.617396837877   0.0   1.0
7.11107142773   0.68599648653   0.0   1.0
7.8221785705   0.754596135183   0.0   1.0
8.53328571327   0.823195783836   0.0   1.0
9.24439285605   0.891795432489   0.0   1.0
9.71846428456   0.937528531591   0.0   1.0
9.95549999882   0.960395081142   0.0   1.0
4.99057729143   0.320405679691   0.0   1.0
5.22822382912   0.335663093009   0.0   1.0
5.70351690449   0.366177919647   0.0   1.0
6.41645651756   0.411950159603   0.0   1.0
7.12939613062   0.457722399558   0.0   1.0
7.84233574368   0.503494639514   0.0   1.0
8.55527535674   0.54926687947   0.0   1.0
9.26821496980   0.595039119426   0.0   1.0
9.74350804518   0.625553946063   0.0   1.0
9.98115458287   0.640811359382   0.0   1.0
4.99829046505   0.160285455995   0.0   1.0
5.23630429672   0.167918096756   0.0   1.0
5.71233196006   0.18318337828   0.0   1.0
6.42637345507   0.206081300565   0.0   1.0
7.14041495008   0.22897922285   0.0   1.0
7.85445644508   0.251877145135   0.0   1.0
8.56849794009   0.27477506742   0.0   1.0
9.28253943510   0.297672989705   0.0   1.0
9.75856709844   0.312938271228   0.0   1.0
9.99658093011   0.32057091199   0.0   1.0
5.00000033981   0.0534284211584   0.0   1.0
5.23809559408   0.0559726316898   0.0   1.0
5.71428610263   0.0610610527525   0.0   1.0
6.42857186546   0.0686936843465   0.0   1.0
7.14285762829   0.0763263159406   0.0   1.0
7.85714339112   0.0839589475346   0.0   1.0
8.57142915395   0.0915915791287   0.0   1.0
9.28571491678   0.0992242107228   0.0   1.0
9.76190542533   0.104312631785   0.0   1.0
10.0000006796   0.106856842317   0.0   1.0
5.0   0.0   0.0   1.0
5.23809523810   0.0   0.0   1.0
5.71428571429   0.0   0.0   1.0
6.42857142857   0.0   0.0   1.0
7.14285714286   0.0   0.0   1.0
7.85714285714   0.0   0.0   1.0
8.57142857143   0.0   0.0   1.0
9.28571428571   0.0   0.0   1.0
9.76190476190   0.0   0.0   1.0
10.0   0.0   0.0   1.0

------------------------------------------------------------------------------------------
Number of control points  - (u, v, t) - PATCH 1
------------------------------------------------------------------------------------------
101 10 0

------------------------------------------------------------------------------------------
Degree (u,v,t) - PATCH 0
------------------------------------------------------------------------------------------
3 3 0

------------------------------------------------------------------------------------------
KNOT VECTOR (u) - PATCH 0
------------------------------------------------------------------------------------------
0.0000000000000000
0.0000000000000000
0.0000000000000000
0.0000000000000000
0.0102040816326531
0.0204081632653061
0.0306122448979592
0.0408163265306122
0.0510204081632653
0.0612244897959184
0.0714285714285714
0.0816326530612245
0.0918367346938776
0.1020408163265310
0.1122448979591840
0.1224489795918370
0.1326530612244900
0.1428571428571430
0.1530612244897960
0.1632653061224490
0.1734693877551020
0.1836734693877550
0.1938775510204080
0.2040816326530610
0.2142857142857140
0.2244897959183670
0.2346938775510200
0.2448979591836730
0.2551020408163270
0.2653061224489800
0.2755102040816330
0.2857142857142860
0.2959183673469390
0.3061224489795920
0.3163265306122450
0.3265306122448980
0.3367346938775510
0.3469387755102040
0.3571428571428570
0.3673469387755100
0.3775510204081630
0.3877551020408160
0.3979591836734690
0.4081632653061220
0.4183673469387760
0.4285714285714290
0.4387755102040820
0.4489795918367350
0.4591836734693880
0.4693877551020410
0.4795918367346940
0.4897959183673470
0.5000000000000000
0.5102040816326530
0.5204081632653060
0.5306122448979590
0.5408163265306120
0.5510204081632650
0.5612244897959180
0.5714285714285710
0.5816326530612240
0.5918367346938780
0.6020408163265310
0.6122448979591840
0.6224489795918370
0.6326530612244900
0.6428571428571430
0.6530612244897960
0.6632653061224490
0.6734693877551020
0.6836734693877550
0.6938775510204080
0.7040816326530610
0.7142857142857140
0.7244897959183670
0.7346938775510200
0.7448979591836740
0.7551020408163260
0.7653061224489800
0.7755102040816330
0.7857142857142860
0.7959183673469390
0.8061224489795920
0.8163265306122450
0.8265306122448980
0.8367346938775510
0.8469387755102040
0.8571428571428570
0.8673469387755100
0.8775510204081630
0.8877551020408160
0.8979591836734690
0.9081632653061220
0.9183673469387750
0.9285714285714290
0.9387755102040820
0.9489795918367350
0.9591836734693880
0.9693877551020410
0.9795918367346940
0.9897959183673470
1.0000000000000000
1.0000000000000000
1.0000000000000000
1.0000000000000000

------------------------------------------------------------------------------------------
KNOT VECTOR (v) - PATCH 0
------------------------------------------------------------------------------------------
0.000000000000000
0.000000000000000
0.000000000000000
0.000000000000000
0.142857142857143
0.285714285714286
0.428571428571429
0.571428571428571
0.714285714285714
0.857142857142857
1.000000000000000
1.000000000000000
1.000000000000000
1.000000000000000

------------------------------------------------------------------------------------------
NUMBER OF NEUMMAN BOUNDARY CONDITION
------------------------------------------------------------------------------------------
1

-----------------------------------------------------------------------------------------
CONTROL POINT INDEX    VALUES (X, Y)
------------------------------------------------------------------------------------------
CURVE 0 100.0 100.0

------------------------------------------------------------------------------------------
NUMBER OF DIRICHELET BOUNDARY CONDITION
------------------------------------------------------------------------------------------
3

------------------------------------------------------------------------------------------
CONTROL POINT INDEX    (0-FREE, 1- DISPLACEMENT) VALUES (X, Y)
------------------------------------------------------------------------------------------
POINT 0 0 1 0.0 0.0
POINT 50 1 0 0.0 0.0
POINT 100 0 1 0.0 0.0

------------------------------------------------------------------------------------------
NUMBER OF CONTROL POINTS - PATCH 1        
------------------------------------------------------------------------------------------
1010  

------------------------------------------------------------------------------------------
INDEX MATERIAL - PATCH 1
------------------------------------------------------------------------------------------
0 

------------------------------------------------------------------------------------------
THICKNESS - PATCH 1        
------------------------------------------------------------------------------------------
4.  
     
------------------------------------------------------------------------------------------
CONTROL POINTS COORDINATES AND WEIGHT (X,Y,Z,W) - PATCH 1
------------------------------------------------------------------------------------------
-10.0   6.12323399574e-16   0.0   1.0
-9.76190476190   5.97744271012e-16   0.0   1.0
-9.28571428571   5.6858601389e-16   0.0   1.0
-8.57142857143   5.24848628206e-16   0.0   1.0
-7.85714285714   4.81111242522e-16   0.0   1.0
-7.14285714286   4.37373856838e-16   0.0   1.0
-6.42857142857   3.93636471155e-16   0.0   1.0
-5.71428571429   3.49899085471e-16   0.0   1.0
-5.23809523810   3.20740828348e-16   0.0   1.0
-5.0   3.06161699787e-16   0.0   1.0
-9.99999975660   -0.106856903013   0.0   1.0
-9.76190452430   -0.104312691037   0.0   1.0
-9.28571405970   -0.0992242670837   0.0   1.0
-8.57142836280   -0.0915916311542   0.0   1.0
-7.85714266590   -0.0839589952247   0.0   1.0
-7.14285696900   -0.0763263592952   0.0   1.0
-6.42857127210   -0.0686937233657   0.0   1.0
-5.71428557520   -0.0610610874361   0.0   1.0
-5.23809511060   -0.0559726634831   0.0   1.0
-4.99999987830   -0.0534284515066   0.0   1.0
-9.99657134496   -0.320570592682   0.0   1.0
-9.75855774151   -0.312937959523   0.0   1.0
-9.28253053460   -0.297672693204   0.0   1.0
-8.56848972425   -0.274774793727   0.0   1.0
-7.85444891390   -0.25187689425   0.0   1.0
-7.14040810354   -0.228978994773   0.0   1.0
-6.42636729319   -0.206081095295   0.0   1.0
-5.71232648283   -0.183183195818   0.0   1.0
-5.23629927593   -0.1679179295   0.0   1.0
-4.99828567248   -0.160285296341   0.0   1.0
-9.98116480289   -0.640812077211   0.0   1.0
-9.74351802187   -0.625554646802   0.0   1.0
-9.26822445983   -0.595039785982   0.0   1.0
-8.55528411676   -0.549267494753   0.0   1.0
-7.84234377370   -0.503495203523   0.0   1.0
-7.12940343064   -0.457722912294   0.0   1.0
-6.41646308757   -0.411950621064   0.0   1.0
-5.70352274451   -0.366178329835   0.0   1.0
-5.22822918247   -0.335663469015   0.0   1.0
-4.99058240144   -0.320406038606   0.0   1.0
-9.95549519037   -0.960394678918   0.0   1.0
-9.71845959060   -0.937528138944   0.0   1.0
-9.24438839106   -0.891795058995   0.0   1.0
-8.53328159174   -0.823195439073   0.0   1.0
-7.82217479243   -0.75459581915   0.0   1.0
-7.11106799312   -0.685996199227   0.0   1.0
-6.39996119381   -0.617396579305   0.0   1.0
-5.68885439450   -0.548796959382   0.0   1.0
-5.21478319495   -0.503063879433   0.0   1.0
-4.97774759518   -0.480197339459   0.0   1.0
-9.91960055188   -1.27899086933   0.0   1.0
-9.68341958636   -1.24853870578   0.0   1.0
-9.21105765531   -1.18763437867   0.0   1.0
-8.50251475875   -1.096277888   0.0   1.0
-7.79397186219   -1.00492139733   0.0   1.0
-7.08542896563   -0.913564906666   0.0   1.0
-6.37688606906   -0.822208416   0.0   1.0
-5.66834317250   -0.730851925333   0.0   1.0
-5.19598124146   -0.669947598222   0.0   1.0
-4.95980027594   -0.639495434666   0.0   1.0
-9.87350857777   -1.59627230518   0.0   1.0
-9.63842504020   -1.55826582173   0.0   1.0
-9.16825796507   -1.48225285481   0.0   1.0
-8.46300735237   -1.36823340444   0.0   1.0
-7.75775673968   -1.25421395407   0.0   1.0
-7.05250612698   -1.14019450370   0.0   1.0
-6.34725551428   -1.02617505333   0.0   1.0
-5.64200490158   -0.912155602963   0.0   1.0
-5.17183782645   -0.836142636049   0.0   1.0
-4.93675428888   -0.798136152592   0.0   1.0
-9.81727256918   -1.91191363518   0.0   1.0
-9.58352798420   -1.86639188196   0.0   1.0
-9.11603881424   -1.77534837552   0.0   1.0
-8.4148050593   -1.63878311587   0.0   1.0
-7.71357130436   -1.50221785621   0.0   1.0
-7.01233754942   -1.36565259656   0.0   1.0
-6.31110379447   -1.2290873369   0.0   1.0
-5.60987003953   -1.09252207724   0.0   1.0
-5.14238086957   -1.00147857081   0.0   1.0
-4.90863628459   -0.955956817589   0.0   1.0
-9.75094939629   -2.22559061287   0.0   1.0
-9.51878393447   -2.17260036018   0.0   1.0
-9.05445301084   -2.06661985481   0.0   1.0
-8.35795662539   -1.90764909674   0.0   1.0
-7.66146023994   -1.74867833868   0.0   1.0
-6.96496385449   -1.58970758062   0.0   1.0
-6.26846746904   -1.43073682256   0.0   1.0
-5.57197108359   -1.27176606450   0.0   1.0
-5.10764015996   -1.16578555912   0.0   1.0
-4.87547469815   -1.11279530643   0.0   1.0
-9.67459935778   -2.53697878723   0.0   1.0
-9.44425175403   -2.47657453039   0.0   1.0
-8.98355654651   -2.35576601671   0.0   1.0
-8.29251373524   -2.17455324619   0.0   1.0
-7.60147092397   -1.99334047568   0.0   1.0
-6.91042811270   -1.81212770516   0.0   1.0
-6.21938530143   -1.63091493465   0.0   1.0
-5.52834249016   -1.44970216413   0.0   1.0
-5.06764728265   -1.32889365045   0.0   1.0
-4.83729967889   -1.26848939361   0.0   1.0
-9.58832826104   -2.84576533005   0.0   1.0
-9.36003473101   -2.77800901267   0.0   1.0
-8.90344767096   -2.64249637790   0.0   1.0
-8.21856708089   -2.43922742576   0.0   1.0
-7.53368649082   -2.23595847361   0.0   1.0
-6.84880590074   -2.03268952146   0.0   1.0
-6.16392531067   -1.82942056932   0.0   1.0
-5.47904472059   -1.62615161717   0.0   1.0
-5.02245766054   -1.49063898241   0.0   1.0
-4.79416413052   -1.42288266503   0.0   1.0
-9.49219558397   -3.15162617271   0.0   1.0
-9.26619092721   -3.07658745431   0.0   1.0
-8.81418161368   -2.92651001752   0.0   1.0
-8.1361676434   -2.70139386232   0.0   1.0
-7.45815367312   -2.47627770713   0.0   1.0
-6.78013970283   -2.25116155194   0.0   1.0
-6.10212573255   -2.02604539674   0.0   1.0
-5.42411176227   -1.80092924155   0.0   1.0
-4.97210244874   -1.65085180475   0.0   1.0
-4.74609779198   -1.57581308636   0.0   1.0
-9.38625278111   -3.45422803940   0.0   1.0
-9.16277057203   -3.37198451465   0.0   1.0
-8.71580615388   -3.20749746516   0.0   1.0
-8.04535952666   -2.96076689091   0.0   1.0
-7.37491289944   -2.71403631667   0.0   1.0
-6.70446627222   -2.46730574243   0.0   1.0
-6.03401964500   -2.22057516818   0.0   1.0
-5.36357301777   -1.97384459394   0.0   1.0
-4.91660859963   -1.80935754445   0.0   1.0
-4.69312639055   -1.72711401970   0.0   1.0
-9.27076775512   -3.75331755112   0.0   1.0
-9.05003518952   -3.66395284752   0.0   1.0
-8.60857005833   -3.48522344033   0.0   1.0
-7.94637236153   -3.21712932953   0.0   1.0
-7.28417466474   -2.94903521874   0.0   1.0
-6.62197696794   -2.68094110794   0.0   1.0
-5.95977927115   -2.41284699715   0.0   1.0
-5.29758157435   -2.14475288635   0.0   1.0
-4.85611644316   -1.96602347916   0.0   1.0
-4.63538387756   -1.87665877556   0.0   1.0
-9.14575802674   -4.04855587278   0.0   1.0
-8.92800188325   -3.95216168534   0.0   1.0
-8.49248959626   -3.75937331044   0.0   1.0
-7.83922116578   -3.47019074810   0.0   1.0
-7.18595273530   -3.18100818576   0.0   1.0
-6.53268430481   -2.89182562342   0.0   1.0
-5.87941587433   -2.60264306107   0.0   1.0
-5.22614744385   -2.31346049873   0.0   1.0
-4.79063515686   -2.12067212384   0.0   1.0
-4.57287901337   -2.02427793639   0.0   1.0
-9.01116171015   -4.33954647015   0.0   1.0
-8.79661024086   -4.23622393515   0.0   1.0
-8.36750730228   -4.02957886514   0.0   1.0
-7.72385289441   -3.71961126013   0.0   1.0
-7.08019848654   -3.40964365512   0.0   1.0
-6.43654407868   -3.09967605011   0.0   1.0
-5.79288967081   -2.78970844510   0.0   1.0
-5.14923526294   -2.47974084009   0.0   1.0
-4.72013232436   -2.27309577008   0.0   1.0
-4.50558085507   -2.16977323508   0.0   1.0
-8.86748985136   -4.62616375284   0.0   1.0
-8.65635914061   -4.51601699682   0.0   1.0
-8.23409771912   -4.29572348478   0.0   1.0
-7.60070558688   -3.96528321672   0.0   1.0
-6.96731345464   -3.63484294866   0.0   1.0
-6.33392132240   -3.30440268060   0.0   1.0
-5.70052919016   -2.97396241254   0.0   1.0
-5.06713705792   -2.64352214448   0.0   1.0
-4.64487563642   -2.42322863244   0.0   1.0
-4.43374492568   -2.31308187642   0.0   1.0
-8.71473950144   -4.90805041360   0.0   1.0
-8.50724570379   -4.79119207041   0.0   1.0
-8.09225810848   -4.55747538405   0.0   1.0
-7.46977671552   -4.20690035451   0.0   1.0
-6.84729532256   -3.85632532497   0.0   1.0
-6.22481392960   -3.50575029543   0.0   1.0
-5.60233253664   -3.15517526588   0.0   1.0
-4.97985114368   -2.80460023634   0.0   1.0
-4.56486354837   -2.57088354998   0.0   1.0
-4.35736975072   -2.45402520680   0.0   1.0
-8.55287728162   -5.18480422920   0.0   1.0
-8.34923734634   -5.06135650946   0.0   1.0
-7.94195747579   -4.81446106998   0.0   1.0
-7.33103766996   -4.44411791075   0.0   1.0
-6.72011786413   -4.07377475152   0.0   1.0
-6.10919805830   -3.70343159229   0.0   1.0
-5.49827825247   -3.33308843306   0.0   1.0
-4.88735844664   -2.96274527383   0.0   1.0
-4.48007857608   -2.71584983435   0.0   1.0
-4.27643864081   -2.59240211460   0.0   1.0
-8.38229871709   -5.45627164407   0.0   1.0
-8.18272017621   -5.32636041445   0.0   1.0
-7.78356309444   -5.06653795520   0.0   1.0
-7.18482747179   -4.67680426634   0.0   1.0
-6.58609184914   -4.28707057748   0.0   1.0
-5.98735622649   -3.89733688862   0.0   1.0
-5.38862060385   -3.50760319976   0.0   1.0
-4.78988498120   -3.11786951089   0.0   1.0
-4.39072789943   -2.85804705165   0.0   1.0
-4.19114935855   -2.72813582203   0.0   1.0
-8.20313817506   -5.72215411535   0.0   1.0
-8.00782536137   -5.58591235070   0.0   1.0
-7.61719973398   -5.31342882139   0.0   1.0
-7.03126129291   -4.90470352744   0.0   1.0
-6.44532285183   -4.49597823349   0.0   1.0
-5.85938441076   -4.08725293953   0.0   1.0
-5.27344596968   -3.67852764558   0.0   1.0
-4.68750752861   -3.26980235163   0.0   1.0
-4.29688190122   -2.99731882233   0.0   1.0
-4.10156908753   -2.86107705767   0.0   1.0
-8.01551053493   -5.98213112416   0.0   1.0
-7.82466504600   -5.83969943073   0.0   1.0
-7.44297406815   -5.55483604387   0.0   1.0
-6.87043760137   -5.12754096357   0.0   1.0
-6.29790113459   -4.70024588327   0.0   1.0
-5.72536466781   -4.27295080297   0.0   1.0
-5.15282820103   -3.84565572268   0.0   1.0
-4.58029173425   -3.41836064238   0.0   1.0
-4.19860075639   -3.13349725551   0.0   1.0
-4.00775526746   -2.99106556208   0.0   1.0
-7.81965031864   -6.23596285906   0.0   1.0
-7.63346816819   -6.08748755289   0.0   1.0
-7.26110386731   -5.79053694056   0.0   1.0
-6.70255741598   -5.34511102205   0.0   1.0
-6.14401096464   -4.89968510355   0.0   1.0
-5.58546451331   -4.45425918504   0.0   1.0
-5.02691806198   -4.00883326654   0.0   1.0
-4.46837161065   -3.56340734803   0.0   1.0
-4.09600730976   -3.26645673570   0.0   1.0
-3.90982515932   -3.11798142953   0.0   1.0
-7.61576438433   -6.48339489505   0.0   1.0
-7.43443666089   -6.32902834993   0.0   1.0
-7.07178121402   -6.02029525969   0.0   1.0
-6.52779804371   -5.55719562433   0.0   1.0
-5.98381487340   -5.09409598897   0.0   1.0
-5.43983170309   -4.63099635361   0.0   1.0
-4.89584853278   -4.16789671825   0.0   1.0
-4.35186536247   -3.70479708289   0.0   1.0
-3.98920991560   -3.39606399265   0.0   1.0
-3.80788219216   -3.24169744752   0.0   1.0
-7.40404873011   -6.72416107260   0.0   1.0
-7.22776185558   -6.56406199944   0.0   1.0
-6.87518810653   -6.24386385313   0.0   1.0
-6.34632748295   -5.76356663366   0.0   1.0
-5.81746685937   -5.28326941418   0.0   1.0
-5.28860623579   -4.80297219471   0.0   1.0
-4.75974561221   -4.32267497524   0.0   1.0
-4.23088498863   -3.84237775577   0.0   1.0
-3.87831123958   -3.52217960946   0.0   1.0
-3.70202436505   -3.36208053630   0.0   1.0
-7.18472334143   -6.95801657986   0.0   1.0
-7.01365849996   -6.79234951843   0.0   1.0
-6.67152881704   -6.46101539558   0.0   1.0
-6.15833429265   -5.96401421130   0.0   1.0
-5.64513976826   -5.46701302703   0.0   1.0
-5.13194524388   -4.97001184275   0.0   1.0
-4.61875071949   -4.47301065848   0.0   1.0
-4.10555619510   -3.97600947420   0.0   1.0
-3.76342651218   -3.64467535135   0.0   1.0
-3.59236167071   -3.47900828993   0.0   1.0
-6.95801718720   -7.18472393101   0.0   1.0
-6.79235011131   -7.01365907551   0.0   1.0
-6.46101595954   -6.67152936451   0.0   1.0
-5.96401473188   -6.15833479801   0.0   1.0
-5.46701350423   -5.64514023151   0.0   1.0
-4.97001227657   -5.13194566501   0.0   1.0
-4.47301104891   -4.61875109851   0.0   1.0
-3.97600982126   -4.10555653201   0.0   1.0
-3.64467566948   -3.76342682101   0.0   1.0
-3.47900859360   -3.59236196551   0.0   1.0
-6.72416035166   -7.40404792403   0.0   1.0
-6.56406129567   -7.22776106870   0.0   1.0
-6.24386318369   -6.87518735803   0.0   1.0
-5.76356601571   -6.34632679203   0.0   1.0
-5.28326884774   -5.81746622602   0.0   1.0
-4.80297167976   -5.28860566002   0.0   1.0
-4.32267451178   -4.75974509402   0.0   1.0
-3.84237734381   -4.23088452802   0.0   1.0
-3.52217923182   -3.87831081735   0.0   1.0
-3.36208017583   -3.70202396201   0.0   1.0
-6.48339425797   -7.6157637677   0.0   1.0
-6.32902772802   -7.43443605895   0.0   1.0
-6.02029466812   -7.07178064144   0.0   1.0
-5.55719507826   -6.52779751517   0.0   1.0
-5.09409548841   -5.98381438891   0.0   1.0
-4.63099589855   -5.43983126264   0.0   1.0
-4.16789630870   -4.89584813638   0.0   1.0
-3.70479671884   -4.35186501011   0.0   1.0
-3.39606365894   -3.98920959260   0.0   1.0
-3.24169712899   -3.80788188385   0.0   1.0
-6.23596593842   -7.81965396432   0.0   1.0
-6.08749055894   -7.63347172707   0.0   1.0
-5.79053979997   -7.26110725258   0.0   1.0
-5.34511366151   -6.70256054084   0.0   1.0
-4.89968752305   -6.14401382911   0.0   1.0
-4.45426138459   -5.58546711737   0.0   1.0
-4.00883524613   -5.02692040563   0.0   1.0
-3.56340910767   -4.46837369389   0.0   1.0
-3.26645834870   -4.09600921940   0.0   1.0
-3.11798296921   -3.90982698216   0.0   1.0
-5.98212958010   -8.01550873334   0.0   1.0
-5.83969792344   -7.82466328731   0.0   1.0
-5.55483461010   -7.44297239524   0.0   1.0
-5.12753964009   -6.87043605715   0.0   1.0
-4.70024467008   -6.29789971905   0.0   1.0
-4.27294970007   -5.72536338096   0.0   1.0
-3.84565473007   -5.15282704286   0.0   1.0
-3.41835976006   -4.58029070476   0.0   1.0
-3.13349644672   -4.1985998127   0.0   1.0
-2.99106479005   -4.00775436667   0.0   1.0
-5.72214669343   -8.20312744692   0.0   1.0
-5.58590510549   -8.00781488866   0.0   1.0
-5.31342192962   -7.61718977214   0.0   1.0
-4.90469716580   -7.03125209736   0.0   1.0
-4.49597240198   -6.44531442258   0.0   1.0
-4.08724763817   -5.85937674780   0.0   1.0
-3.67852287435   -5.27343907302   0.0   1.0
-3.26979811053   -4.68750139824   0.0   1.0
-2.99731493466   -4.29687628172   0.0   1.0
-2.86107334672   -4.10156372346   0.0   1.0
-5.45628325848   -8.38231640214   0.0   1.0
-5.32637175232   -8.18273744018   0.0   1.0
-5.06654874001   -7.78357951627   0.0   1.0
-4.67681422155   -7.18484263041   0.0   1.0
-4.28707970309   -6.58610574454   0.0   1.0
-3.89734518463   -5.98736885867   0.0   1.0
-3.50761066616   -5.38863197280   0.0   1.0
-3.11787614770   -4.78989508694   0.0   1.0
-2.85805313539   -4.39073716303   0.0   1.0
-2.72814162924   -4.19115820107   0.0   1.0
-5.18481359613   -8.55289231110   0.0   1.0
-5.06136565337   -8.34925201798   0.0   1.0
-4.81446976784   -7.94197143173   0.0   1.0
-4.44412593954   -7.33105055237   0.0   1.0
-4.07378211125   -6.72012967300   0.0   1.0
-3.70343828295   -6.10920879364   0.0   1.0
-3.33309445466   -5.49828791428   0.0   1.0
-2.96275062636   -4.88736703491   0.0   1.0
-2.71585474083   -4.48008644867   0.0   1.0
-2.59240679807   -4.27644615555   0.0   1.0
-4.90801604022   -8.71467947894   0.0   1.0
-4.79115851545   -8.50718711039   0.0   1.0
-4.55744346592   -8.09220237330   0.0   1.0
-4.20687089162   -7.46972526766   0.0   1.0
-3.85629831732   -6.84724816202   0.0   1.0
-3.50572574302   -6.22477105638   0.0   1.0
-3.15515316871   -5.60229395075   0.0   1.0
-2.80458059441   -4.97981684511   0.0   1.0
-2.57086554488   -4.56483210801   0.0   1.0
-2.45400802011   -4.35733973947   0.0   1.0
-4.62617501098   -8.86751143874   0.0   1.0
-4.51602798691   -8.65638021401   0.0   1.0
-4.29573393877   -8.23411776454   0.0   1.0
-3.96529286655   -7.60072409035   0.0   1.0
-3.63485179434   -6.96733041615   0.0   1.0
-3.30441072213   -6.33393674196   0.0   1.0
-2.97396964992   -5.70054306776   0.0   1.0
-2.64352857770   -5.06714939357   0.0   1.0
-2.42323452956   -4.64488694410   0.0   1.0
-2.31308750549   -4.43375571937   0.0   1.0
-4.33958062803   -9.01123203334   0.0   1.0
-4.23625727974   -8.79667888969   0.0   1.0
-4.02961058317   -8.36757260239   0.0   1.0
-3.71964053831   -7.72391317144   0.0   1.0
-3.40967049345   -7.08025374048   0.0   1.0
-3.09970044859   -6.43659430953   0.0   1.0
-2.78973040373   -5.79293487858   0.0   1.0
-2.47976035887   -5.14927544763   0.0   1.0
-2.27311366230   -4.72016916032   0.0   1.0
-2.16979031401   -4.50561601667   0.0   1.0
-4.04852668892   -9.14569224426   0.0   1.0
-3.95213319632   -8.92793766702   0.0   1.0
-3.75934621114   -8.49242851253   0.0   1.0
-3.47016573336   -7.83916478080   0.0   1.0
-3.18098525558   -7.18590104906   0.0   1.0
-2.89180477780   -6.53263731733   0.0   1.0
-2.60262430002   -5.87937358560   0.0   1.0
-2.31344382224   -5.22610985387   0.0   1.0
-2.12065683705   -4.79060069938   0.0   1.0
-2.02426334446   -4.57284612213   0.0   1.0
-3.75331273346   -9.27075509044   0.0   1.0
-3.66394814457   -9.05002282638   0.0   1.0
-3.48521896678   -8.60855829826   0.0   1.0
-3.21712520011   -7.94636150609   0.0   1.0
-2.94903143343   -7.28416471392   0.0   1.0
-2.68093766676   -6.62196792174   0.0   1.0
-2.41284390008   -5.95977112957   0.0   1.0
-2.14475013340   -5.29757433739   0.0   1.0
-1.96602095562   -4.85610980928   0.0   1.0
-1.87665636673   -4.63537754522   0.0   1.0
-3.45424220049   -9.38629195502   0.0   1.0
-3.37199833857   -9.16280881323   0.0   1.0
-3.20751061474   -8.71584252966   0.0   1.0
-2.96077902899   -8.04539310430   0.0   1.0
-2.71404744324   -7.37494367894   0.0   1.0
-2.46731585749   -6.70449425358   0.0   1.0
-2.22058427174   -6.03404482823   0.0   1.0
-1.97385268599   -5.36359540287   0.0   1.0
-1.80936496216   -4.91662911929   0.0   1.0
-1.72712110024   -4.69314597751   0.0   1.0
-3.15162182670   -9.49218283969   0.0   1.0
-3.07658321178   -9.26617848636   0.0   1.0
-2.92650598194   -8.81416977971   0.0   1.0
-2.70139013717   -8.13615671973   0.0   1.0
-2.47627429241   -7.45814365975   0.0   1.0
-2.25115844764   -6.78013059978   0.0   1.0
-2.02604260288   -6.10211753980   0.0   1.0
-1.80092675812   -5.42410447982   0.0   1.0
-1.65084952827   -4.97209577317   0.0   1.0
-1.57581091335   -4.74609141984   0.0   1.0
-2.84576290509   -9.58831956591   0.0   1.0
-2.77800664545   -9.36002624291   0.0   1.0
-2.64249412616   -8.90343959691   0.0   1.0
-2.43922534722   -8.21855962792   0.0   1.0
-2.23595656829   -7.53367965893   0.0   1.0
-2.03268778935   -6.84879968993   0.0   1.0
-1.82941901042   -6.16391972094   0.0   1.0
-1.62615023148   -5.47903975195   0.0   1.0
-1.49063771219   -5.02245310595   0.0   1.0
-1.42288145255   -4.79415978295   0.0   1.0
-2.53698053976   -9.67460634858   0.0   1.0
-2.47657624119   -9.44425857837   0.0   1.0
-2.35576764406   -8.98356303796   0.0   1.0
-2.17455474836   -8.29251972735   0.0   1.0
-1.99334185267   -7.60147641674   0.0   1.0
-1.81212895697   -6.91043310613   0.0   1.0
-1.63091606127   -6.21938979551   0.0   1.0
-1.44970316557   -5.5283464849   0.0   1.0
-1.32889456844   -5.06765094449   0.0   1.0
-1.26849026988   -4.83730317429   0.0   1.0
-2.22559111108   -9.75095176556   0.0   1.0
-2.17260084653   -9.51878624734   0.0   1.0
-2.06662031743   -9.05445521088   0.0   1.0
-1.90764952378   -8.35795865620   0.0   1.0
-1.74867873013   -7.66146210152   0.0   1.0
-1.58970793648   -6.96496554683   0.0   1.0
-1.43073714283   -6.26846899215   0.0   1.0
-1.27176634919   -5.57197243747   0.0   1.0
-1.16578582009   -5.10764140101   0.0   1.0
-1.11279555554   -4.87547588278   0.0   1.0
-1.91191224872   -9.81726569949   0.0   1.0
-1.86639052851   -9.58352127808   0.0   1.0
-1.77534708810   -9.11603243524   0.0   1.0
-1.63878192748   -8.41479917100   0.0   1.0
-1.50221676685   -7.71356590675   0.0   1.0
-1.36565160623   -7.01233264250   0.0   1.0
-1.22908644561   -6.31109937825   0.0   1.0
-1.09252128498   -5.60986611400   0.0   1.0
-1.00147784457   -5.14237727116   0.0   1.0
-0.955956124361   -4.90863284975   0.0   1.0
-1.59627214495   -9.87350710918   0.0   1.0
-1.55826566531   -9.63842360658   0.0   1.0
-1.48225270602   -9.16825660138   0.0   1.0
-1.36823326710   -8.46300609358   0.0   1.0
-1.25421382817   -7.75775558578   0.0   1.0
-1.14019438925   -7.05250507799   0.0   1.0
-1.02617495032   -6.34725457019   0.0   1.0
-0.912155511399   -5.64200406239   0.0   1.0
-0.836142552116   -5.17183705719   0.0   1.0
-0.798136072474   -4.93675355459   0.0   1.0
-1.27899370257   -9.91962296892   0.0   1.0
-1.24854147156   -9.68344146966   0.0   1.0
-1.18763700953   -9.21107847114   0.0   1.0
-1.09628031649   -8.50253397336   0.0   1.0
-1.00492362345   -7.79398947558   0.0   1.0
-0.913566930409   -7.08544497780   0.0   1.0
-0.822210237368   -6.37690048002   0.0   1.0
-0.730853544327   -5.66835598224   0.0   1.0
-0.6699490823   -5.19599298372   0.0   1.0
-0.639496851286   -4.95981148446   0.0   1.0
-0.960392716453   -9.95547425076   0.0   1.0
-0.937526223204   -9.71843914955   0.0   1.0
-0.891793236706   -9.24436894713   0.0   1.0
-0.823193756959   -8.53326364351   0.0   1.0
-0.754594277213   -7.82215833988   0.0   1.0
-0.685994797466   -7.11105303626   0.0   1.0
-0.61739531772   -6.39994773263   0.0   1.0
-0.548795837973   -5.68884242900   0.0   1.0
-0.503062851475   -5.21477222659   0.0   1.0
-0.480196358226   -4.97773712538   0.0   1.0
-0.640809979971   -9.98113588747   0.0   1.0
-0.625552599496   -9.74348979491   0.0   1.0
-0.595037838545   -9.26819760979   0.0   1.0
-0.549265697118   -8.55525933212   0.0   1.0
-0.503493555692   -7.84232105444   0.0   1.0
-0.457721414265   -7.12938277676   0.0   1.0
-0.411949272839   -6.41644449909   0.0   1.0
-0.366177131412   -5.70350622141   0.0   1.0
-0.335662370461   -5.22821403629   0.0   1.0
-0.320404989986   -4.99056794373   0.0   1.0
-0.320572169823   -9.99662469226   0.0   1.0
-0.312939499113   -9.75860981863   0.0   1.0
-0.297674157692   -9.28258007138   0.0   1.0
-0.274776145562   -8.56853545050   0.0   1.0
-0.251878133432   -7.85449082963   0.0   1.0
-0.228980121302   -7.14044620875   0.0   1.0
-0.206082109172   -6.42640158788   0.0   1.0
-0.183184097042   -5.71235696700   0.0   1.0
-0.167918755621   -5.23632721975   0.0   1.0
-0.160286084911   -4.99831234613   0.0   1.0
-3.48242623585e-07   -10.0017125752   0.0   1.0
-3.39951133049e-07   -9.76357656153   0.0   1.0
-3.23368151256e-07   -9.28730453414   0.0   1.0
-2.98493677886e-07   -8.57289649305   0.0   1.0
-2.73619204141e-07   -7.85848845196   0.0   1.0
-2.48744730959e-07   -7.14408041087   0.0   1.0
-2.23870258227e-07   -6.42967236979   0.0   1.0
-1.98995785759e-07   -5.71526432870   0.0   1.0
-1.82412803341e-07   -5.23899230131   0.0   1.0
-1.74121311793e-07   -5.00085628761   0.0   1.0
0.320569470714   -9.99653489399   0.0   1.0
0.312936864268   -9.75852215842   0.0   1.0
0.297671651377   -9.28249668728   0.0   1.0
0.27477383204   -8.56845848056   0.0   1.0
0.251876012704   -7.85442027385   0.0   1.0
0.228978193367   -7.14038206714   0.0   1.0
0.20608037403   -6.42634386042   0.0   1.0
0.183182554694   -5.71230565371   0.0   1.0
0.167917341802   -5.23628018257   0.0   1.0
0.160284735357   -4.99826744700   0.0   1.0
0.640813069688   -9.98118091919   0.0   1.0
0.625555615648   -9.74353375445   0.0   1.0
0.595040707567   -9.26823942496   0.0   1.0
0.549268345447   -8.55529793073   0.0   1.0
0.503495983326   -7.84235643650   0.0   1.0
0.457723621206   -7.12941494228   0.0   1.0
0.411951259085   -6.41647344805   0.0   1.0
0.366178896964   -5.70353195382   0.0   1.0
0.335663988884   -5.22823762434   0.0   1.0
0.320406534844   -4.99059045959   0.0   1.0
0.96039559808   -9.95550424235   0.0   1.0
0.937529036221   -9.71846842706   0.0   1.0
0.891795912503   -9.24439679647   0.0   1.0
0.823196226926   -8.53328935059   0.0   1.0
0.754596541349   -7.82218190470   0.0   1.0
0.685996855772   -7.11107445882   0.0   1.0
0.617397170195   -6.39996701294   0.0   1.0
0.548797484617   -5.68885956706   0.0   1.0
0.503064360899   -5.21478793647   0.0   1.0
0.48019779904   -4.97775212117   0.0   1.0
1.27898955880   -9.91959058703   0.0   1.0
1.24853742644   -9.68340985877   0.0   1.0
1.18763316174   -9.21104840224   0.0   1.0
1.09627676468   -8.50250621746   0.0   1.0
1.00492036763   -7.79396403267   0.0   1.0
0.913563970569   -7.08542184788   0.0   1.0
0.822207573512   -6.37687966309   0.0   1.0
0.730851176455   -5.66833747830   0.0   1.0
0.669946911751   -5.19597602178   0.0   1.0
0.639494779398   -4.95979529352   0.0   1.0
1.59627238337   -9.87350952000   0.0   1.0
1.55826589806   -9.63842596000   0.0   1.0
1.48225292742   -9.16825884000   0.0   1.0
1.36823347146   -8.46300816000   0.0   1.0
1.25421401551   -7.75775748000   0.0   1.0
1.14019455955   -7.05250680000   0.0   1.0
1.02617510360   -6.34725612000   0.0   1.0
0.912155647643   -5.64200544000   0.0   1.0
0.836142677006   -5.17183832000   0.0   1.0
0.798136191687   -4.93675476000   0.0   1.0
1.91191416538   -9.81727513343   0.0   1.0
1.86639239954   -9.58353048740   0.0   1.0
1.77534886786   -9.11604119533   0.0   1.0
1.63878357033   -8.41480725722   0.0   1.0
1.50221827280   -7.71357331912   0.0   1.0
1.36565297527   -7.01233938102   0.0   1.0
1.22908767775   -6.31110544292   0.0   1.0
1.09252238022   -5.60987150482   0.0   1.0
1.00147884853   -5.14238221275   0.0   1.0
0.955957082692   -4.90863756671   0.0   1.0
2.22559029040   -9.75094803801   0.0   1.0
2.17260004539   -9.51878260853   0.0   1.0
2.06661955537   -9.05445174958   0.0   1.0
1.90764882035   -8.35795546115   0.0   1.0
1.74867808532   -7.66145917272   0.0   1.0
1.58970735029   -6.96496288429   0.0   1.0
1.43073661526   -6.26846659586   0.0   1.0
1.27176588023   -5.57197030743   0.0   1.0
1.16578539021   -5.10763944848   0.0   1.0
1.11279514520   -4.87547401900   0.0   1.0
2.53697867705   -9.67459926780   0.0   1.0
2.47657442283   -9.44425166619   0.0   1.0
2.35576591440   -8.98355646296   0.0   1.0
2.17455315176   -8.29251365812   0.0   1.0
1.99334038911   -7.60147085327   0.0   1.0
1.81212762646   -6.91042804843   0.0   1.0
1.63091486382   -6.21938524359   0.0   1.0
1.44970210117   -5.52834243874   0.0   1.0
1.32889359274   -5.06764723552   0.0   1.0
1.26848933853   -4.83729963390   0.0   1.0
2.84576585515   -9.58832973470   0.0   1.0
2.77800952527   -9.36003616959   0.0   1.0
2.6424968655   -8.90344903937   0.0   1.0
2.43922787585   -8.21856834403   0.0   1.0
2.23595888619   -7.53368764869   0.0   1.0
2.03268989654   -6.84880695336   0.0   1.0
1.82942090688   -6.16392625802   0.0   1.0
1.62615191723   -5.47904556269   0.0   1.0
1.49063925746   -5.02245843246   0.0   1.0
1.42288292758   -4.79416486735   0.0   1.0
3.151624795   -9.49219165871   0.0   1.0
3.07658610940   -9.26618709540   0.0   1.0
2.92650873821   -8.81417796880   0.0   1.0
2.70139268143   -8.13616427889   0.0   1.0
2.47627662464   -7.45815058898   0.0   1.0
2.25116056786   -6.78013689908   0.0   1.0
2.02604451107   -6.10212320917   0.0   1.0
1.80092845429   -5.42410951926   0.0   1.0
1.65085108310   -4.97210039266   0.0   1.0
1.5758123975   -4.74609582935   0.0   1.0
3.45422905935   -9.38625590331   0.0   1.0
3.37198551031   -9.16277361990   0.0   1.0
3.20749841225   -8.71580905307   0.0   1.0
2.96076776515   -8.04536220284   0.0   1.0
2.71403711806   -7.37491535260   0.0   1.0
2.46730647096   -6.70446850236   0.0   1.0
2.22057582386   -6.03402165213   0.0   1.0
1.97384517677   -5.36357480189   0.0   1.0
1.80935807870   -4.91661023507   0.0   1.0
1.72711452967   -4.69312795166   0.0   1.0
3.75331774878   -9.27076713652   0.0   1.0
3.66395304048   -9.05003458565   0.0   1.0
3.48522362387   -8.60856948391   0.0   1.0
3.21712949895   -7.94637183130   0.0   1.0
2.94903537404   -7.28417417870   0.0   1.0
2.68094124913   -6.62197652609   0.0   1.0
2.41284712422   -5.95977887348   0.0   1.0
2.14475299930   -5.29758122087   0.0   1.0
1.96602358269   -4.85611611913   0.0   1.0
1.87665887439   -4.63538356826   0.0   1.0
4.04855227694   -9.14575094643   0.0   1.0
3.95215817511   -8.92799497152   0.0   1.0
3.75936997145   -8.49248302169   0.0   1.0
3.47018766595   -7.83921509694   0.0   1.0
3.18100536045   -7.18594717220   0.0   1.0
2.89182305496   -6.53267924745   0.0   1.0
2.60264074946   -5.87941132271   0.0   1.0
2.31345844397   -5.22614339796   0.0   1.0
2.12067024030   -4.79063144813   0.0   1.0
2.02427613847   -4.57287547322   0.0   1.0
4.33955261007   -9.01117394631   0.0   1.0
4.23622992887   -8.79662218569   0.0   1.0
4.02958456649   -8.36751866443   0.0   1.0
3.71961652291   -7.72386338256   0.0   1.0
3.40964847934   -7.08020810068   0.0   1.0
3.09968043576   -6.43655281880   0.0   1.0
2.78971239219   -5.79289753692   0.0   1.0
2.47974434861   -5.14924225504   0.0   1.0
2.27309898622   -4.72013873378   0.0   1.0
2.16977630503   -4.50558697316   0.0   1.0
4.62615883945   -8.86747988462   0.0   1.0
4.51601220041   -8.65634941118   0.0   1.0
4.29571892235   -8.23408846429   0.0   1.0
3.96527900524   -7.60069704396   0.0   1.0
3.63483908814   -6.96730562363   0.0   1.0
3.30439917103   -6.33391420330   0.0   1.0
2.97395925393   -5.70052278297   0.0   1.0
2.64351933683   -5.06713136264   0.0   1.0
2.42322605876   -4.64487041576   0.0   1.0
2.31307941972   -4.43373994231   0.0   1.0
4.90805091058   -8.71474113541   0.0   1.0
4.79119255556   -8.50724729886   0.0   1.0
4.55747584554   -8.09225962574   0.0   1.0
4.20690078049   -7.46977811607   0.0   1.0
3.85632571545   -6.84729660640   0.0   1.0
3.50575065041   -6.22481509672   0.0   1.0
3.15517558537   -5.60233358705   0.0   1.0
2.80460052033   -4.97985207738   0.0   1.0
2.57088381030   -4.56486440426   0.0   1.0
2.45402545529   -4.35737056771   0.0   1.0
5.18480659615   -8.55288048500   0.0   1.0
5.06135882005   -8.34924047345   0.0   1.0
4.81446326785   -7.94196045036   0.0   1.0
4.44411993956   -7.33104041571   0.0   1.0
4.07377661126   -6.72012038107   0.0   1.0
3.70343328297   -6.10920034643   0.0   1.0
3.33308995467   -5.49828031179   0.0   1.0
2.96274662637   -4.88736027714   0.0   1.0
2.71585107417   -4.48008025405   0.0   1.0
2.59240329808   -4.27644024250   0.0   1.0
5.45626971149   -8.38229586222   0.0   1.0
5.32635852788   -8.18271738931   0.0   1.0
5.06653616067   -7.78356044349   0.0   1.0
4.67680260985   -7.18482502476   0.0   1.0
4.28706905903   -6.58608960603   0.0   1.0
3.89733550821   -5.98735418730   0.0   1.0
3.50760195739   -5.38861876857   0.0   1.0
3.11786840657   -4.78988334984   0.0   1.0
2.85804603935   -4.39072640402   0.0   1.0
2.72813485575   -4.19114793111   0.0   1.0
5.72215548293   -8.20314008515   0.0   1.0
5.58591368572   -8.00782722598   0.0   1.0
5.31343009129   -7.61720150764   0.0   1.0
4.90470469965   -7.03126293013   0.0   1.0
4.49597930802   -6.44532435262   0.0   1.0
4.08725391638   -5.85938577510   0.0   1.0
3.67852852474   -5.27344719759   0.0   1.0
3.26980313310   -4.68750862008   0.0   1.0
2.99731953868   -4.29688290174   0.0   1.0
2.86107774147   -4.10157004257   0.0   1.0
5.98213090131   -8.01551024805   0.0   1.0
5.83969921318   -7.82466476596   0.0   1.0
5.55483583693   -7.44297380176   0.0   1.0
5.12754077255   -6.87043735547   0.0   1.0
4.70024570817   -6.29790090918   0.0   1.0
4.27295064379   -5.72536446289   0.0   1.0
3.84565557941   -5.15282801660   0.0   1.0
3.41836051503   -4.58029157032   0.0   1.0
3.13349713878   -4.19860060612   0.0   1.0
2.99106545065   -4.00775512403   0.0   1.0
6.23596288457   -7.81965018533   0.0   1.0
6.08748757779   -7.63346803806   0.0   1.0
5.79053696424   -7.26110374352   0.0   1.0
5.34511104392   -6.70255730171   0.0   1.0
4.89968512359   -6.14401085990   0.0   1.0
4.45425920326   -5.58546441809   0.0   1.0
4.00883328294   -5.02691797628   0.0   1.0
3.56340736261   -4.46837153448   0.0   1.0
3.26645674906   -4.09600723994   0.0   1.0
3.11798144228   -3.90982509267   0.0   1.0
6.48339484956   -7.61576449261   0.0   1.0
6.32902830552   -7.43443676659   0.0   1.0
6.02029521745   -7.07178131456   0.0   1.0
5.55719558534   -6.52779813652   0.0   1.0
5.09409595322   -5.98381495848   0.0   1.0
4.63099632111   -5.43983178043   0.0   1.0
4.16789668900   -4.89584860239   0.0   1.0
3.70479705689   -4.35186542435   0.0   1.0
3.39606396882   -3.98920997232   0.0   1.0
3.24169742478   -3.80788224630   0.0   1.0
6.72416101212   -7.40404851597   0.0   1.0
6.56406194040   -7.22776164654   0.0   1.0
6.24386379697   -6.87518790769   0.0   1.0
5.76356658182   -6.34632729940   0.0   1.0
5.28326936666   -5.81746669112   0.0   1.0
4.80297215151   -5.28860608284   0.0   1.0
4.32267493636   -4.75974547455   0.0   1.0
3.84237772121   -4.23088486627   0.0   1.0
3.52217957778   -3.87831112741   0.0   1.0
3.36208050606   -3.70202425799   0.0   1.0
6.9580168208   -7.18472361790   0.0   1.0
6.79234975364   -7.01365876986   0.0   1.0
6.46101561931   -6.67152907377   0.0   1.0
5.96401441783   -6.15833452963   0.0   1.0
5.46701321634   -5.64513998550   0.0   1.0
4.97001201486   -5.13194544136   0.0   1.0
4.47301081337   -4.61875089722   0.0   1.0
3.97600961189   -4.10555635309   0.0   1.0
3.64467547756   -3.76342665700   0.0   1.0
3.4790084104   -3.59236180895   0.0   1.0
7.18472366944   -6.95801682982   0.0   1.0
7.01365882017   -6.79234976245   0.0   1.0
6.67152912162   -6.46101562769   0.0   1.0
6.15833457380   -5.96401442556   0.0   1.0
5.64514002599   -5.46701322343   0.0   1.0
5.13194547817   -4.97001202130   0.0   1.0
4.61875093035   -4.47301081917   0.0   1.0
4.10555638254   -3.97600961704   0.0   1.0
3.76342668399   -3.64467548229   0.0   1.0
3.59236183472   -3.47900841491   0.0   1.0
7.40404809661   -6.72416056048   0.0   1.0
7.22776123716   -6.56406149952   0.0   1.0
6.87518751828   -6.24386337759   0.0   1.0
6.34632693995   -5.7635661947   0.0   1.0
5.81746636162   -5.28326901181   0.0   1.0
5.28860578329   -4.80297182892   0.0   1.0
4.75974520496   -4.32267464603   0.0   1.0
4.23088462663   -3.84237746313   0.0   1.0
3.87831090775   -3.52217934121   0.0   1.0
3.70202404830   -3.36208028024   0.0   1.0
7.61576379834   -6.48339421588   0.0   1.0
7.43443608885   -6.32902768693   0.0   1.0
7.07178066988   -6.02029462903   0.0   1.0
6.52779754143   -5.55719504218   0.0   1.0
5.98381441298   -5.09409545533   0.0   1.0
5.43983128453   -4.63099586848   0.0   1.0
4.89584815607   -4.16789628163   0.0   1.0
4.35186502762   -3.70479669479   0.0   1.0
3.98920960865   -3.39606363689   0.0   1.0
3.80788189917   -3.24169710794   0.0   1.0
7.81965377694   -6.23596577356   0.0   1.0
7.63347154416   -6.08749039800   0.0   1.0
7.26110707859   -5.79053964687   0.0   1.0
6.70256038024   -5.34511352019   0.0   1.0
6.14401368188   -4.89968739351   0.0   1.0
5.58546698353   -4.45426126683   0.0   1.0
5.02692028518   -4.00883514014   0.0   1.0
4.46837358682   -3.56340901346   0.0   1.0
4.09600912126   -3.26645826234   0.0   1.0
3.90982688847   -3.11798288678   0.0   1.0
8.01550908429   -5.98212987780   0.0   1.0
7.82466362990   -5.83969821404   0.0   1.0
7.44297272113   -5.55483488653   0.0   1.0
6.87043635796   -5.12753989526   0.0   1.0
6.29789999480   -4.70024490399   0.0   1.0
5.72536363164   -4.27294991271   0.0   1.0
5.15282726847   -3.84565492144   0.0   1.0
4.58029090531   -3.41835993017   0.0   1.0
4.19859999653   -3.13349660266   0.0   1.0
4.00775454214   -2.9910649389   0.0   1.0
8.20312715788   -5.72214636550   0.0   1.0
8.00781460651   -5.58590478537   0.0   1.0
7.61718950375   -5.31342162511   0.0   1.0
7.03125184961   -4.90469688472   0.0   1.0
6.44531419548   -4.49597214432   0.0   1.0
5.85937654135   -4.08724740393   0.0   1.0
5.27343888721   -3.67852266354   0.0   1.0
4.68750123308   -3.26979792314   0.0   1.0
4.29687613032   -2.99731476288   0.0   1.0
4.10156357894   -2.86107318275   0.0   1.0
8.38231658389   -5.45628342514   0.0   1.0
8.18273761761   -5.32637191502   0.0   1.0
7.78357968504   -5.06654889478   0.0   1.0
7.18484278620   -4.67681436441   0.0   1.0
6.58610588735   -4.28707983404   0.0   1.0
5.98736898850   -3.89734530367   0.0   1.0
5.38863208965   -3.50761077331   0.0   1.0
4.78989519080   -3.11787624294   0.0   1.0
4.39073725823   -2.85805322269   0.0   1.0
4.19115829195   -2.72814171257   0.0   1.0
8.55289236140   -5.18481357887   0.0   1.0
8.34925206708   -5.06136563652   0.0   1.0
7.94197147844   -4.81446975181   0.0   1.0
7.33105059549   -4.44412592475   0.0   1.0
6.72012971253   -4.07378209769   0.0   1.0
6.10920882957   -3.70343827062   0.0   1.0
5.49828794661   -3.33309444356   0.0   1.0
4.88736706366   -2.96275061650   0.0   1.0
4.48008647502   -2.71585473179   0.0   1.0
4.2764461807   -2.59240678944   0.0   1.0
8.71467925628   -4.90801589586   0.0   1.0
8.50718689304   -4.79115837453   0.0   1.0
8.09220216655   -4.55744333187   0.0   1.0
7.46972507681   -4.20687076788   0.0   1.0
6.84724798708   -3.85629820389   0.0   1.0
6.22477089735   -3.50572563990   0.0   1.0
5.60229380761   -3.15515307591   0.0   1.0
4.97981671788   -2.80458051192   0.0   1.0
4.56483199139   -2.57086546926   0.0   1.0
4.35733962814   -2.45400794793   0.0   1.0
8.86751186059   -4.62617523202   0.0   1.0
8.65638062582   -4.51602820268   0.0   1.0
8.23411815627   -4.29573414402   0.0   1.0
7.60072445194   -3.96529305602   0.0   1.0
6.96733074761   -3.63485196801   0.0   1.0
6.33393704328   -3.30441088001   0.0   1.0
5.70054333895   -2.97396979201   0.0   1.0
5.06714963463   -2.64352870401   0.0   1.0
4.64488716507   -2.42323464534   0.0   1.0
4.43375593030   -2.31308761601   0.0   1.0
9.01123167180   -4.33958042867   0.0   1.0
8.79667853675   -4.23625708513   0.0   1.0
8.36757226667   -4.02961039805   0.0   1.0
7.72391286154   -3.71964036743   0.0   1.0
7.08025345641   -3.40967033681   0.0   1.0
6.43659405128   -3.09970030619   0.0   1.0
5.79293464616   -2.78973027557   0.0   1.0
5.14927524103   -2.47976024495   0.0   1.0
4.72016897094   -2.27311355787   0.0   1.0
4.50561583590   -2.16979021433   0.0   1.0
9.14569248029   -4.04852673714   0.0   1.0
8.92793789743   -3.9521332434   0.0   1.0
8.49242873170   -3.75934625592   0.0   1.0
7.83916498311   -3.47016577469   0.0   1.0
7.18590123452   -3.18098529347   0.0   1.0
6.53263748592   -2.89180481224   0.0   1.0
5.87937373733   -2.60262433102   0.0   1.0
5.22610998874   -2.31344384980   0.0   1.0
4.79060082301   -2.12065686231   0.0   1.0
4.57284624015   -2.02426336857   0.0   1.0
9.27075517660   -3.75331277008   0.0   1.0
9.05002291050   -3.66394818032   0.0   1.0
8.60855837828   -3.48521900079   0.0   1.0
7.94636157995   -3.21712523150   0.0   1.0
7.28416478162   -2.94903146221   0.0   1.0
6.62196798329   -2.68093769291   0.0   1.0
5.95977118496   -2.41284392362   0.0   1.0
5.29757438663   -2.14475015433   0.0   1.0
4.85610985441   -1.96602097480   0.0   1.0
4.63537758830   -1.87665638504   0.0   1.0
9.38629161676   -3.45424205875   0.0   1.0
9.16280848303   -3.37199820021   0.0   1.0
8.71584221556   -3.20751048313   0.0   1.0
8.04539281437   -2.96077890750   0.0   1.0
7.37494341317   -2.71404733188   0.0   1.0
6.70449401197   -2.46731575625   0.0   1.0
6.03404461077   -2.22058418063   0.0   1.0
5.36359520958   -1.97385260500   0.0   1.0
4.91662894211   -1.80936488792   0.0   1.0
4.69314580838   -1.72712102938   0.0   1.0
9.49218332979   -3.15162197074   0.0   1.0
9.26617896479   -3.07658335238   0.0   1.0
8.81417023480   -2.92650611568   0.0   1.0
8.13615713982   -2.70139026063   0.0   1.0
7.45814404483   -2.47627440558   0.0   1.0
6.78013094985   -2.25115855053   0.0   1.0
6.10211785486   -2.02604269547   0.0   1.0
5.42410475988   -1.80092684042   0.0   1.0
4.97209602989   -1.65084960372   0.0   1.0
4.74609166489   -1.57581098537   0.0   1.0
9.58831950119   -2.84576286199   0.0   1.0
9.36002617974   -2.77800660337   0.0   1.0
8.90343953682   -2.64249408614   0.0   1.0
8.21855957245   -2.43922531028   0.0   1.0
7.53367960808   -2.23595653442   0.0   1.0
6.84879964371   -2.03268775857   0.0   1.0
6.16391967934   -1.82941898271   0.0   1.0
5.47903971497   -1.62615020685   0.0   1.0
5.02245307205   -1.49063768962   0.0   1.0
4.79415975060   -1.42288143100   0.0   1.0
9.67460622344   -2.53698049871   0.0   1.0
9.44425845621   -2.47657620112   0.0   1.0
8.98356292176   -2.35576760595   0.0   1.0
8.29251962009   -2.17455471318   0.0   1.0
7.60147631841   -1.99334182042   0.0   1.0
6.91043301674   -1.81212892765   0.0   1.0
6.21938971507   -1.63091603489   0.0   1.0
5.52834641339   -1.44970314212   0.0   1.0
5.06765087894   -1.32889454694   0.0   1.0
4.83730311172   -1.26849024936   0.0   1.0
9.75095123384   -2.22559097256   0.0   1.0
9.51878572827   -2.17260071131   0.0   1.0
9.05445471714   -2.06662018880   0.0   1.0
8.35795820043   -1.90764940505   0.0   1.0
7.66146168373   -1.74867862129   0.0   1.0
6.96496516703   -1.58970783754   0.0   1.0
6.26846865032   -1.43073705379   0.0   1.0
5.57197213362   -1.27176627003   0.0   1.0
5.10764112249   -1.16578574753   0.0   1.0
4.87547561692   -1.11279548628   0.0   1.0
9.81726760030   -1.91191259999   0.0   1.0
9.58352313363   -1.86639087142   0.0   1.0
9.11603420028   -1.77534741428   0.0   1.0
8.41480080026   -1.63878222856   0.0   1.0
7.71356740024   -1.50221704285   0.0   1.0
7.01233400022   -1.36565185714   0.0   1.0
6.31110060020   -1.22908667142   0.0   1.0
5.60986720017   -1.09252148571   0.0   1.0
5.14237826683   -1.00147802857   0.0   1.0
4.90863380015   -0.955956299996   0.0   1.0
9.87350689441   -1.59627203167   0.0   1.0
9.63842339692   -1.55826555472   0.0   1.0
9.16825640195   -1.48225260084   0.0   1.0
8.46300590949   -1.36823317000   0.0   1.0
7.75775541703   -1.25421373917   0.0   1.0
7.05250492458   -1.14019430833   0.0   1.0
6.34725443212   -1.02617487750   0.0   1.0
5.64200393966   -0.912155446668   0.0   1.0
5.17183694469   -0.836142492779   0.0   1.0
4.93675344720   -0.798136015834   0.0   1.0
9.91961588156   -1.27899289157   0.0   1.0
9.68343455105   -1.24854067987   0.0   1.0
9.21107189002   -1.18763625646   0.0   1.0
8.50252789848   -1.09627962135   0.0   1.0
7.79398390694   -1.00492298624   0.0   1.0
7.08543991540   -0.913566351123   0.0   1.0
6.37689592386   -0.822209716011   0.0   1.0
5.66835193232   -0.730853080898   0.0   1.0
5.19598927129   -0.66994865749   0.0   1.0
4.95980794078   -0.639496445786   0.0   1.0
9.95548183523   -0.960393233111   0.0   1.0
9.71844655343   -0.93752672756   0.0   1.0
9.24437598985   -0.89179371646   0.0   1.0
8.53327014448   -0.823194199809   0.0   1.0
7.82216429911   -0.754594683158   0.0   1.0
7.11105845373   -0.685995166508   0.0   1.0
6.39995260836   -0.617395649857   0.0   1.0
5.68884676299   -0.548796133206   0.0   1.0
5.21477619940   -0.503063122106   0.0   1.0
4.97774091761   -0.480196616555   0.0   1.0
9.98114554913   -0.640810713824   0.0   1.0
9.74349922653   -0.625553315876   0.0   1.0
9.26820658134   -0.59503851998   0.0   1.0
8.55526761354   -0.549266326135   0.0   1.0
7.84232864575   -0.503494132291   0.0   1.0
7.12938967795   -0.457721938446   0.0   1.0
6.41645071016   -0.411949744601   0.0   1.0
5.70351174236   -0.366177550757   0.0   1.0
5.22821909716   -0.33566275486   0.0   1.0
4.99057277457   -0.320405356912   0.0   1.0
9.99660044979   -0.320571417171   0.0   1.0
9.75858615337   -0.312938764381   0.0   1.0
9.28255756052   -0.297673458802   0.0   1.0
8.56851467125   -0.274775500432   0.0   1.0
7.85447178198   -0.251877542063   0.0   1.0
7.14042889271   -0.228979583694   0.0   1.0
6.42638600344   -0.206081625324   0.0   1.0
5.71234311417   -0.183183666955   0.0   1.0
5.23631452132   -0.167918361375   0.0   1.0
4.99830022490   -0.160285708586   0.0   1.0
10.0000008969   -0.106856722388   0.0   1.0
9.76190563743   -0.104312514712   0.0   1.0
9.28571511853   -0.0992240993602   0.0   1.0
8.57142934018   -0.0915914763325   0.0   1.0
7.85714356183   -0.0839588533048   0.0   1.0
7.14285778348   -0.0763262302771   0.0   1.0
6.42857200513   -0.0686936072493   0.0   1.0
5.71428622679   -0.0610609842216   0.0   1.0
5.23809570789   -0.0559725688698   0.0   1.0
5.00000044844   -0.0534283611939   0.0   1.0
10.0   -1.22464679915e-15   0.0   1.0
9.76190476190   -1.19548854202e-15   0.0   1.0
9.28571428571   -1.13717202778e-15   0.0   1.0
8.57142857143   -1.04969725641e-15   0.0   1.0
7.85714285714   -9.62222485044e-16   0.0   1.0
7.14285714286   -8.74747713677e-16   0.0   1.0
6.42857142857   -7.87272942309e-16   0.0   1.0
5.71428571429   -6.99798170941e-16   0.0   1.0
5.23809523810   -6.41481656696e-16   0.0   1.0
5.0   -6.12323399574e-16   0.0   1.0

------------------------------------------------------------------------------------------
Number of control points  - (u, v, t) - PATCH 1
------------------------------------------------------------------------------------------
101 10 0

------------------------------------------------------------------------------------------
Degree (u,v,t) - PATCH 1
------------------------------------------------------------------------------------------
3 3 0

------------------------------------------------------------------------------------------
KNOT VECTOR (u) - PATCH 1
------------------------------------------------------------------------------------------
0.0000000000000000
0.0000000000000000
0.0000000000000000
0.0000000000000000
0.0102040816326531
0.0204081632653061
0.0306122448979592
0.0408163265306122
0.0510204081632653
0.0612244897959184
0.0714285714285714
0.0816326530612245
0.0918367346938776
0.1020408163265310
0.1122448979591840
0.1224489795918370
0.1326530612244900
0.1428571428571430
0.1530612244897960
0.1632653061224490
0.1734693877551020
0.1836734693877550
0.1938775510204080
0.2040816326530610
0.2142857142857140
0.2244897959183670
0.2346938775510200
0.2448979591836730
0.2551020408163270
0.2653061224489800
0.2755102040816330
0.2857142857142860
0.2959183673469390
0.3061224489795920
0.3163265306122450
0.3265306122448980
0.3367346938775510
0.3469387755102040
0.3571428571428570
0.3673469387755100
0.3775510204081630
0.3877551020408160
0.3979591836734690
0.4081632653061220
0.4183673469387760
0.4285714285714290
0.4387755102040820
0.4489795918367350
0.4591836734693880
0.4693877551020410
0.4795918367346940
0.4897959183673470
0.5000000000000000
0.5102040816326530
0.5204081632653060
0.5306122448979590
0.5408163265306120
0.5510204081632650
0.5612244897959180
0.5714285714285710
0.5816326530612240
0.5918367346938780
0.6020408163265310
0.6122448979591840
0.6224489795918370
0.6326530612244900
0.6428571428571430
0.6530612244897960
0.6632653061224490
0.6734693877551020
0.6836734693877550
0.6938775510204080
0.7040816326530610
0.7142857142857140
0.7244897959183670
0.7346938775510200
0.7448979591836740
0.7551020408163260
0.7653061224489800
0.7755102040816330
0.7857142857142860
0.7959183673469390
0.8061224489795920
0.8163265306122450
0.8265306122448980
0.8367346938775510
0.8469387755102040
0.8571428571428570
0.8673469387755100
0.8775510204081630
0.8877551020408160
0.8979591836734690
0.9081632653061220
0.9183673469387750
0.9285714285714290
0.9387755102040820
0.9489795918367350
0.9591836734693880
0.9693877551020410
0.9795918367346940
0.9897959183673470
1.0000000000000000
1.0000000000000000
1.0000000000000000
1.0000000000000000

------------------------------------------------------------------------------------------
KNOT VECTOR (v) - PATCH 0
------------------------------------------------------------------------------------------
0.000000000000000
0.000000000000000
0.000000000000000
0.000000000000000
0.142857142857143
0.285714285714286
0.428571428571429
0.571428571428571
0.714285714285714
0.857142857142857
1.000000000000000
1.000000000000000
1.000000000000000
1.000000000000000

------------------------------------------------------------------------------------------
NUMBER OF NEUMMAN BOUNDARY CONDITION
------------------------------------------------------------------------------------------
1

-----------------------------------------------------------------------------------------
CONTROL POINT INDEX    VALUES (X, Y)
------------------------------------------------------------------------------------------
CURVE 2 100.0 100.0

------------------------------------------------------------------------------------------
NUMBER OF DIRICHELET BOUNDARY CONDITION
------------------------------------------------------------------------------------------
1

------------------------------------------------------------------------------------------
CONTROL POINT INDEX    (0-FREE, 1- DISPLACEMENT) VALUES (X, Y)
------------------------------------------------------------------------------------------
POINT 959 1 0 0.0 0.0


