------------------------------------------------------------------------------------------
NUMBER OF MESHES        
------------------------------------------------------------------------------------------
1

------------------------------------------------------------------------------------------
ELEMENT TYPE - MESH 0 (T3, T6 OR T10)
------------------------------------------------------------------------------------------
T10 

------------------------------------------------------------------------------------------
INDEX MATERIAL - MESH 0
------------------------------------------------------------------------------------------
0 

------------------------------------------------------------------------------------------
THICKNESS - MESH 0        
------------------------------------------------------------------------------------------
10.  

------------------------------------------------------------------------------------------
NUMBER OF NODES - MESH 0        
------------------------------------------------------------------------------------------
112

------------------------------------------------------------------------------------------
NUMBER OF ELEMENTS - MESH 0        
------------------------------------------------------------------------------------------
18

------------------------------------------------------------------------------------------
(INDEX+1) NODES COORDINATES (X,Y) - MESH 0
------------------------------------------------------------------------------------------
1 0 0 0
2 200 0 0
3 200 10 0
4 0 10 0
5 22.22222222222222 0 0
6 44.44444444444444 0 0
7 66.66666666666666 0 0
8 88.88888888888889 0 0
9 111.1111111111111 0 0
10 133.3333333333333 0 0
11 155.5555555555555 0 0
12 177.7777777777778 0 0
13 7.407407407407407 0 0
14 14.81481481481481 0 0
15 29.62962962962963 0 0
16 37.03703703703704 0 0
17 51.85185185185185 0 0
18 59.25925925925925 0 0
19 74.07407407407406 0 0
20 81.48148148148147 0 0
21 96.29629629629629 0 0
22 103.7037037037037 0 0
23 118.5185185185185 0 0
24 125.9259259259259 0 0
25 140.7407407407407 0 0
26 148.1481481481482 0 0
27 162.962962962963 0 0
28 170.3703703703704 0 0
29 185.1851851851852 0 0
30 192.5925925925926 0 0
31 200 3.333333333333333 0
32 200 6.666666666666667 0
33 177.7777777777778 10 0
34 155.5555555555555 10 0
35 133.3333333333333 10 0
36 111.1111111111111 10 0
37 88.88888888888889 10 0
38 66.66666666666669 10 0
39 44.44444444444446 10 0
40 22.22222222222223 10 0
41 192.5925925925926 10 0
42 185.1851851851852 10 0
43 170.3703703703704 10 0
44 162.962962962963 10 0
45 148.1481481481482 10 0
46 140.7407407407408 10 0
47 125.9259259259259 10 0
48 118.5185185185185 10 0
49 103.7037037037037 10 0
50 96.2962962962963 10 0
51 81.48148148148148 10 0
52 74.07407407407409 10 0
53 59.25925925925927 10 0
54 51.85185185185185 10 0
55 37.03703703703704 10 0
56 29.62962962962962 10 0
57 14.81481481481481 10 0
58 7.407407407407391 10 0
59 0 6.666666666666666 0
60 0 3.333333333333333 0
61 22.22222222222223 3.333333333333333 0
62 22.22222222222223 6.666666666666666 0
63 14.81481481481482 6.666666666666668 0
64 7.407407407407405 3.333333333333334 0
65 14.81481481481487 3.333333333333336 0
66 7.407407407407462 6.666666666666666 0
67 44.44444444444445 3.333333333333333 0
68 44.44444444444446 6.666666666666666 0
69 37.03703703703705 6.666666666666668 0
70 29.62962962962963 3.333333333333334 0
71 37.03703703703707 3.333333333333336 0
72 29.62962962962965 6.666666666666666 0
73 66.66666666666667 3.333333333333333 0
74 66.66666666666669 6.666666666666666 0
75 59.25925925925928 6.666666666666668 0
76 51.85185185185186 3.333333333333334 0
77 59.2592592592593 3.333333333333336 0
78 51.85185185185188 6.666666666666666 0
79 88.88888888888889 3.333333333333333 0
80 88.88888888888889 6.666666666666666 0
81 81.48148148148148 6.666666666666668 0
82 74.07407407407408 3.333333333333334 0
83 81.4814814814815 3.333333333333336 0
84 74.07407407407409 6.666666666666666 0
85 111.1111111111111 3.333333333333333 0
86 111.1111111111111 6.666666666666666 0
87 103.7037037037037 6.666666666666668 0
88 96.2962962962963 3.333333333333334 0
89 103.7037037037037 3.333333333333336 0
90 96.2962962962963 6.666666666666666 0
91 133.3333333333333 3.333333333333333 0
92 133.3333333333333 6.666666666666666 0
93 125.9259259259259 6.666666666666668 0
94 118.5185185185185 3.333333333333334 0
95 125.9259259259259 3.333333333333336 0
96 118.5185185185185 6.666666666666666 0
97 155.5555555555555 3.333333333333333 0
98 155.5555555555555 6.666666666666666 0
99 148.1481481481482 6.666666666666668 0
100 140.7407407407407 3.333333333333334 0
101 148.1481481481481 3.333333333333336 0
102 140.7407407407407 6.666666666666666 0
103 177.7777777777778 3.333333333333333 0
104 177.7777777777778 6.666666666666666 0
105 170.3703703703704 6.666666666666668 0
106 162.962962962963 3.333333333333334 0
107 170.3703703703704 3.333333333333336 0
108 162.9629629629629 6.666666666666666 0
109 192.5925925925926 6.666666666666668 0
110 185.1851851851852 3.333333333333334 0
111 192.5925925925925 3.333333333333336 0
112 185.1851851851852 6.666666666666666 0

------------------------------------------------------------------------------------------
ELEMENTS CONNECTIVITY - MESH 0
------------------------------------------------------------------------------------------
1	5	40	13	14	61	62	63	64	65
40	4	1	57	58	59	60	64	63	66
5	6	39	15	16	67	68	69	70	71
39	40	5	55	56	62	61	70	69	72
6	7	38	17	18	73	74	75	76	77
38	39	6	53	54	68	67	76	75	78
7	8	37	19	20	79	80	81	82	83
37	38	7	51	52	74	73	82	81	84
8	9	36	21	22	85	86	87	88	89
36	37	8	49	50	80	79	88	87	90
9	10	35	23	24	91	92	93	94	95
35	36	9	47	48	86	85	94	93	96
10	11	34	25	26	97	98	99	100	101
34	35	10	45	46	92	91	100	99	102
11	12	33	27	28	103	104	105	106	107
33	34	11	43	44	98	97	106	105	108
12	2	3	29	30	31	32	109	110	111
3	33	12	41	42	104	103	110	109	112

------------------------------------------------------------------------------------------
NUMBER OF NEUMMAN BOUNDARY CONDITION - MESH 0
------------------------------------------------------------------------------------------
4

-----------------------------------------------------------------------------------------
NODE INDEX    VALUES (X, Y) - MESH 0
------------------------------------------------------------------------------------------
1 208.333333333 0.0
2 208.333333333 0.0
30 416.6666667 0.0
31 416.6666667 0.0

------------------------------------------------------------------------------------------
NUMBER OF DIRICHELET BOUNDARY CONDITION - MESH 0
------------------------------------------------------------------------------------------
4

------------------------------------------------------------------------------------------
NODE INDEX    (0-FREE, 1- DISPLACEMENT) VALUES (X, Y) - MESH 0
------------------------------------------------------------------------------------------
0 1 1 0.0 0.0
3 1 0 0.0 0.0
59 1 0 0.0 0.0
58 1 0 0.0 0.0

28 nós em X1 e 4 nós em X2
