------------------------------------------------------------------------------------------
NUMBER OF MESHES        
------------------------------------------------------------------------------------------
0

------------------------------------------------------------------------------------------
ELEMENT TYPE - MESH 0 (T3, T6 OR T10)
------------------------------------------------------------------------------------------
T10 

------------------------------------------------------------------------------------------
INDEX MATERIAL - MESH 0
------------------------------------------------------------------------------------------
0 

------------------------------------------------------------------------------------------
THICKNESS - MESH 0        
------------------------------------------------------------------------------------------
10.  

------------------------------------------------------------------------------------------
NUMBER OF NODES - MESH 0        
------------------------------------------------------------------------------------------
406

------------------------------------------------------------------------------------------
NUMBER OF ELEMENTS - MESH 0        
------------------------------------------------------------------------------------------
76

------------------------------------------------------------------------------------------
(INDEX+1) NODES COORDINATES (X,Y) - MESH 0
------------------------------------------------------------------------------------------
1 0 0 0
2 200 0 0
3 200 10 0
4 0 10 0
5 10.52631578947368 0 0
6 21.05263157894737 0 0
7 31.57894736842105 0 0
8 42.10526315789473 0 0
9 52.63157894736842 0 0
10 63.1578947368421 0 0
11 73.68421052631578 0 0
12 84.21052631578947 0 0
13 94.73684210526315 0 0
14 105.2631578947368 0 0
15 115.7894736842105 0 0
16 126.3157894736842 0 0
17 136.8421052631579 0 0
18 147.3684210526316 0 0
19 157.8947368421053 0 0
20 168.4210526315789 0 0
21 178.9473684210526 0 0
22 189.4736842105263 0 0
23 3.508771929824561 0 0
24 7.017543859649122 0 0
25 14.03508771929824 0 0
26 17.5438596491228 0 0
27 24.56140350877193 0 0
28 28.07017543859649 0 0
29 35.08771929824561 0 0
30 38.59649122807017 0 0
31 45.61403508771929 0 0
32 49.12280701754386 0 0
33 56.14035087719298 0 0
34 59.64912280701754 0 0
35 66.66666666666666 0 0
36 70.17543859649122 0 0
37 77.19298245614034 0 0
38 80.7017543859649 0 0
39 87.71929824561403 0 0
40 91.22807017543859 0 0
41 98.24561403508771 0 0
42 101.7543859649123 0 0
43 108.7719298245614 0 0
44 112.280701754386 0 0
45 119.2982456140351 0 0
46 122.8070175438597 0 0
47 129.8245614035088 0 0
48 133.3333333333333 0 0
49 140.3508771929824 0 0
50 143.859649122807 0 0
51 150.8771929824561 0 0
52 154.3859649122807 0 0
53 161.4035087719298 0 0
54 164.9122807017544 0 0
55 171.9298245614035 0 0
56 175.438596491228 0 0
57 182.4561403508772 0 0
58 185.9649122807018 0 0
59 192.9824561403509 0 0
60 196.4912280701755 0 0
61 200 5 0
62 200 1.666666666666667 0
63 200 3.333333333333333 0
64 200 6.666666666666667 0
65 200 8.333333333333334 0
66 189.4736842105263 10 0
67 178.9473684210526 10 0
68 168.421052631579 10 0
69 157.8947368421053 10 0
70 147.3684210526316 10 0
71 136.8421052631579 10 0
72 126.3157894736842 10 0
73 115.7894736842105 10 0
74 105.2631578947368 10 0
75 94.73684210526316 10 0
76 84.21052631578947 10 0
77 73.68421052631579 10 0
78 63.15789473684214 10 0
79 52.63157894736844 10 0
80 42.10526315789474 10 0
81 31.57894736842107 10 0
82 21.0526315789474 10 0
83 10.5263157894737 10 0
84 196.4912280701755 10 0
85 192.9824561403509 10 0
86 185.9649122807018 10 0
87 182.4561403508772 10 0
88 175.4385964912281 10 0
89 171.9298245614035 10 0
90 164.9122807017544 10 0
91 161.4035087719298 10 0
92 154.3859649122807 10 0
93 150.8771929824561 10 0
94 143.859649122807 10 0
95 140.3508771929825 10 0
96 133.3333333333333 10 0
97 129.8245614035088 10 0
98 122.8070175438597 10 0
99 119.2982456140351 10 0
100 112.280701754386 10 0
101 108.7719298245614 10 0
102 101.7543859649123 10 0
103 98.24561403508773 10 0
104 91.2280701754386 10 0
105 87.71929824561404 10 0
106 80.7017543859649 10 0
107 77.19298245614034 10 0
108 70.17543859649123 10 0
109 66.66666666666669 10 0
110 59.64912280701756 10 0
111 56.14035087719299 10 0
112 49.12280701754386 10 0
113 45.61403508771929 10 0
114 38.59649122807019 10 0
115 35.08771929824564 10 0
116 28.07017543859652 10 0
117 24.56140350877197 10 0
118 17.54385964912282 10 0
119 14.03508771929825 10 0
120 7.017543859649123 10 0
121 3.508771929824547 10 0
122 0 5 0
123 0 8.333333333333334 0
124 0 6.666666666666666 0
125 0 3.333333333333333 0
126 0 1.666666666666666 0
127 10.5263157894737 5 0
128 21.05263157894737 5 0
129 31.57894736842108 5 0
130 42.10526315789474 5 0
131 52.63157894736842 5 0
132 63.15789473684212 5 0
133 73.68421052631578 5 0
134 84.21052631578947 5 0
135 94.73684210526315 5 0
136 105.2631578947368 5 0
137 115.7894736842105 5 0
138 126.3157894736842 5 0
139 136.8421052631579 5 0
140 147.3684210526316 5 0
141 157.8947368421053 5 0
142 168.4210526315789 5 0
143 178.9473684210526 5 0
144 189.4736842105263 5 0
145 10.52631578947368 1.666666666666667 0
146 10.5263157894737 3.333333333333333 0
147 7.017543859649138 3.333333333333334 0
148 3.508771929824562 1.666666666666667 0
149 7.01754385964918 1.666666666666669 0
150 7.017543859649138 5 0
151 3.508771929824562 5 0
152 3.508771929824633 3.333333333333334 0
153 10.5263157894737 6.666666666666667 0
154 10.5263157894737 8.333333333333332 0
155 7.017543859649138 8.333333333333334 0
156 3.508771929824562 6.666666666666667 0
157 7.01754385964918 6.666666666666666 0
158 3.508771929824618 8.333333333333332 0
159 21.05263157894737 1.666666666666667 0
160 21.05263157894737 3.333333333333333 0
161 17.54385964912281 3.333333333333334 0
162 14.03508771929825 1.666666666666667 0
163 17.54385964912284 1.666666666666669 0
164 17.54385964912282 5 0
165 14.03508771929826 5 0
166 14.0350877192983 3.333333333333334 0
167 21.05263157894738 6.666666666666667 0
168 21.05263157894738 8.333333333333332 0
169 17.54385964912284 8.333333333333334 0
170 14.03508771929826 6.666666666666667 0
171 17.54385964912285 6.666666666666666 0
172 14.0350877192983 8.333333333333332 0
173 31.57894736842107 1.666666666666667 0
174 31.57894736842107 3.333333333333333 0
175 28.07017543859652 3.333333333333334 0
176 24.56140350877195 1.666666666666667 0
177 28.07017543859654 1.666666666666669 0
178 28.07017543859652 5 0
179 24.56140350877195 5 0
180 24.56140350877199 3.333333333333334 0
181 31.57894736842108 6.666666666666667 0
182 31.57894736842107 8.333333333333332 0
183 28.07017543859651 8.333333333333334 0
184 24.56140350877195 6.666666666666667 0
185 28.07017543859655 6.666666666666666 0
186 24.56140350877197 8.333333333333332 0
187 42.10526315789474 1.666666666666667 0
188 42.10526315789474 3.333333333333333 0
189 38.59649122807018 3.333333333333334 0
190 35.08771929824562 1.666666666666667 0
191 38.59649122807021 1.666666666666669 0
192 38.59649122807019 5 0
193 35.08771929824564 5 0
194 35.08771929824566 3.333333333333334 0
195 42.10526315789474 6.666666666666667 0
196 42.10526315789474 8.333333333333332 0
197 38.59649122807019 8.333333333333334 0
198 35.08771929824564 6.666666666666667 0
199 38.59649122807024 6.666666666666666 0
200 35.08771929824566 8.333333333333332 0
201 52.63157894736842 1.666666666666667 0
202 52.63157894736842 3.333333333333333 0
203 49.12280701754386 3.333333333333334 0
204 45.6140350877193 1.666666666666667 0
205 49.12280701754389 1.666666666666669 0
206 49.12280701754387 5 0
207 45.6140350877193 5 0
208 45.61403508771933 3.333333333333334 0
209 52.63157894736844 6.666666666666667 0
210 52.63157894736844 8.333333333333332 0
211 49.12280701754388 8.333333333333334 0
212 45.61403508771931 6.666666666666667 0
213 49.1228070175439 6.666666666666666 0
214 45.61403508771933 8.333333333333332 0
215 63.15789473684211 1.666666666666667 0
216 63.15789473684212 3.333333333333333 0
217 59.64912280701756 3.333333333333334 0
218 56.14035087719299 1.666666666666667 0
219 59.64912280701757 1.666666666666669 0
220 59.64912280701756 5 0
221 56.14035087719299 5 0
222 56.14035087719301 3.333333333333334 0
223 63.15789473684213 6.666666666666667 0
224 63.15789473684213 8.333333333333332 0
225 59.64912280701757 8.333333333333334 0
226 56.140350877193 6.666666666666667 0
227 59.64912280701758 6.666666666666666 0
228 56.14035087719301 8.333333333333332 0
229 73.68421052631578 1.666666666666667 0
230 73.68421052631578 3.333333333333333 0
231 70.17543859649122 3.333333333333334 0
232 66.66666666666666 1.666666666666667 0
233 70.17543859649123 1.666666666666669 0
234 70.17543859649123 5 0
235 66.66666666666667 5 0
236 66.66666666666669 3.333333333333334 0
237 73.68421052631578 6.666666666666667 0
238 73.68421052631579 8.333333333333332 0
239 70.17543859649125 8.333333333333334 0
240 66.66666666666669 6.666666666666667 0
241 70.17543859649125 6.666666666666666 0
242 66.6666666666667 8.333333333333332 0
243 84.21052631578948 1.666666666666667 0
244 84.21052631578947 3.333333333333333 0
245 80.7017543859649 3.333333333333334 0
246 77.19298245614034 1.666666666666667 0
247 80.70175438596492 1.666666666666669 0
248 80.7017543859649 5 0
249 77.19298245614034 5 0
250 77.19298245614036 3.333333333333334 0
251 84.21052631578948 6.666666666666667 0
252 84.21052631578947 8.333333333333332 0
253 80.7017543859649 8.333333333333334 0
254 77.19298245614034 6.666666666666667 0
255 80.70175438596492 6.666666666666666 0
256 77.19298245614036 8.333333333333332 0
257 94.73684210526315 1.666666666666667 0
258 94.73684210526315 3.333333333333333 0
259 91.2280701754386 3.333333333333334 0
260 87.71929824561403 1.666666666666667 0
261 91.22807017543859 1.666666666666669 0
262 91.2280701754386 5 0
263 87.71929824561403 5 0
264 87.71929824561406 3.333333333333334 0
265 94.73684210526316 6.666666666666667 0
266 94.73684210526316 8.333333333333332 0
267 91.2280701754386 8.333333333333334 0
268 87.71929824561403 6.666666666666667 0
269 91.22807017543859 6.666666666666666 0
270 87.71929824561404 8.333333333333332 0
271 105.2631578947368 1.666666666666667 0
272 105.2631578947368 3.333333333333333 0
273 101.7543859649123 3.333333333333334 0
274 98.24561403508773 1.666666666666667 0
275 101.7543859649123 1.666666666666669 0
276 101.7543859649123 5 0
277 98.24561403508773 5 0
278 98.24561403508775 3.333333333333334 0
279 105.2631578947369 6.666666666666667 0
280 105.2631578947368 8.333333333333332 0
281 101.7543859649123 8.333333333333334 0
282 98.24561403508773 6.666666666666667 0
283 101.7543859649123 6.666666666666666 0
284 98.24561403508774 8.333333333333332 0
285 115.7894736842105 1.666666666666667 0
286 115.7894736842105 3.333333333333333 0
287 112.280701754386 3.333333333333334 0
288 108.7719298245614 1.666666666666667 0
289 112.280701754386 1.666666666666669 0
290 112.280701754386 5 0
291 108.7719298245614 5 0
292 108.7719298245614 3.333333333333334 0
293 115.7894736842105 6.666666666666667 0
294 115.7894736842105 8.333333333333332 0
295 112.280701754386 8.333333333333334 0
296 108.7719298245614 6.666666666666667 0
297 112.280701754386 6.666666666666666 0
298 108.7719298245614 8.333333333333332 0
299 126.3157894736842 1.666666666666667 0
300 126.3157894736842 3.333333333333333 0
301 122.8070175438597 3.333333333333334 0
302 119.2982456140351 1.666666666666667 0
303 122.8070175438596 1.666666666666669 0
304 122.8070175438597 5 0
305 119.2982456140351 5 0
306 119.2982456140351 3.333333333333334 0
307 126.3157894736842 6.666666666666667 0
308 126.3157894736842 8.333333333333332 0
309 122.8070175438597 8.333333333333334 0
310 119.2982456140351 6.666666666666667 0
311 122.8070175438596 6.666666666666666 0
312 119.2982456140351 8.333333333333332 0
313 136.8421052631579 1.666666666666667 0
314 136.8421052631579 3.333333333333333 0
315 133.3333333333333 3.333333333333334 0
316 129.8245614035088 1.666666666666667 0
317 133.3333333333333 1.666666666666669 0
318 133.3333333333333 5 0
319 129.8245614035088 5 0
320 129.8245614035087 3.333333333333334 0
321 136.8421052631579 6.666666666666667 0
322 136.8421052631579 8.333333333333332 0
323 133.3333333333333 8.333333333333334 0
324 129.8245614035088 6.666666666666667 0
325 133.3333333333333 6.666666666666666 0
326 129.8245614035088 8.333333333333332 0
327 147.3684210526316 1.666666666666667 0
328 147.3684210526316 3.333333333333333 0
329 143.859649122807 3.333333333333334 0
330 140.3508771929824 1.666666666666667 0
331 143.859649122807 1.666666666666669 0
332 143.859649122807 5 0
333 140.3508771929824 5 0
334 140.3508771929824 3.333333333333334 0
335 147.3684210526316 6.666666666666667 0
336 147.3684210526316 8.333333333333332 0
337 143.859649122807 8.333333333333334 0
338 140.3508771929824 6.666666666666667 0
339 143.859649122807 6.666666666666666 0
340 140.3508771929824 8.333333333333332 0
341 157.8947368421053 1.666666666666667 0
342 157.8947368421053 3.333333333333333 0
343 154.3859649122807 3.333333333333334 0
344 150.8771929824561 1.666666666666667 0
345 154.3859649122807 1.666666666666669 0
346 154.3859649122807 5 0
347 150.8771929824561 5 0
348 150.8771929824561 3.333333333333334 0
349 157.8947368421053 6.666666666666667 0
350 157.8947368421053 8.333333333333332 0
351 154.3859649122807 8.333333333333334 0
352 150.8771929824561 6.666666666666667 0
353 154.3859649122806 6.666666666666666 0
354 150.8771929824561 8.333333333333332 0
355 168.421052631579 1.666666666666667 0
356 168.4210526315789 3.333333333333333 0
357 164.9122807017544 3.333333333333334 0
358 161.4035087719298 1.666666666666667 0
359 164.9122807017544 1.666666666666669 0
360 164.9122807017544 5 0
361 161.4035087719298 5 0
362 161.4035087719298 3.333333333333334 0
363 168.421052631579 6.666666666666667 0
364 168.421052631579 8.333333333333332 0
365 164.9122807017544 8.333333333333334 0
366 161.4035087719298 6.666666666666667 0
367 164.9122807017544 6.666666666666666 0
368 161.4035087719298 8.333333333333332 0
369 178.9473684210526 1.666666666666667 0
370 178.9473684210526 3.333333333333333 0
371 175.4385964912281 3.333333333333334 0
372 171.9298245614035 1.666666666666667 0
373 175.438596491228 1.666666666666669 0
374 175.4385964912281 5 0
375 171.9298245614035 5 0
376 171.9298245614035 3.333333333333334 0
377 178.9473684210526 6.666666666666667 0
378 178.9473684210526 8.333333333333332 0
379 175.4385964912281 8.333333333333334 0
380 171.9298245614035 6.666666666666667 0
381 175.438596491228 6.666666666666666 0
382 171.9298245614034 8.333333333333332 0
383 189.4736842105263 1.666666666666667 0
384 189.4736842105263 3.333333333333333 0
385 185.9649122807018 3.333333333333334 0
386 182.4561403508772 1.666666666666667 0
387 185.9649122807017 1.666666666666669 0
388 185.9649122807018 5 0
389 182.4561403508772 5 0
390 182.4561403508771 3.333333333333334 0
391 189.4736842105263 6.666666666666667 0
392 189.4736842105263 8.333333333333332 0
393 185.9649122807018 8.333333333333334 0
394 182.4561403508772 6.666666666666667 0
395 185.9649122807017 6.666666666666666 0
396 182.4561403508771 8.333333333333332 0
397 196.4912280701755 3.333333333333334 0
398 192.9824561403508 1.666666666666667 0
399 196.4912280701754 1.666666666666669 0
400 196.4912280701755 5 0
401 192.9824561403508 5 0
402 192.9824561403508 3.333333333333334 0
403 196.4912280701755 8.333333333333334 0
404 192.9824561403508 6.666666666666667 0
405 196.4912280701753 6.666666666666666 0
406 192.9824561403508 8.333333333333332 0

------------------------------------------------------------------------------------------
ELEMENTS CONNECTIVITY - MESH 0
------------------------------------------------------------------------------------------
1	5	127	23	24	145	146	147	148	149
127	122	1	150	151	125	126	148	147	152
122	127	83	151	150	153	154	155	156	157
83	4	122	120	121	123	124	156	155	158
5	6	128	25	26	159	160	161	162	163
128	127	5	164	165	146	145	162	161	166
127	128	82	165	164	167	168	169	170	171
82	83	127	118	119	154	153	170	169	172
6	7	129	27	28	173	174	175	176	177
129	128	6	178	179	160	159	176	175	180
128	129	81	179	178	181	182	183	184	185
81	82	128	116	117	168	167	184	183	186
7	8	130	29	30	187	188	189	190	191
130	129	7	192	193	174	173	190	189	194
129	130	80	193	192	195	196	197	198	199
80	81	129	114	115	182	181	198	197	200
8	9	131	31	32	201	202	203	204	205
131	130	8	206	207	188	187	204	203	208
130	131	79	207	206	209	210	211	212	213
79	80	130	112	113	196	195	212	211	214
9	10	132	33	34	215	216	217	218	219
132	131	9	220	221	202	201	218	217	222
131	132	78	221	220	223	224	225	226	227
78	79	131	110	111	210	209	226	225	228
10	11	133	35	36	229	230	231	232	233
133	132	10	234	235	216	215	232	231	236
132	133	77	235	234	237	238	239	240	241
77	78	132	108	109	224	223	240	239	242
11	12	134	37	38	243	244	245	246	247
134	133	11	248	249	230	229	246	245	250
133	134	76	249	248	251	252	253	254	255
76	77	133	106	107	238	237	254	253	256
12	13	135	39	40	257	258	259	260	261
135	134	12	262	263	244	243	260	259	264
134	135	75	263	262	265	266	267	268	269
75	76	134	104	105	252	251	268	267	270
13	14	136	41	42	271	272	273	274	275
136	135	13	276	277	258	257	274	273	278
135	136	74	277	276	279	280	281	282	283
74	75	135	102	103	266	265	282	281	284
14	15	137	43	44	285	286	287	288	289
137	136	14	290	291	272	271	288	287	292
136	137	73	291	290	293	294	295	296	297
73	74	136	100	101	280	279	296	295	298
15	16	138	45	46	299	300	301	302	303
138	137	15	304	305	286	285	302	301	306
137	138	72	305	304	307	308	309	310	311
72	73	137	98	99	294	293	310	309	312
16	17	139	47	48	313	314	315	316	317
139	138	16	318	319	300	299	316	315	320
138	139	71	319	318	321	322	323	324	325
71	72	138	96	97	308	307	324	323	326
17	18	140	49	50	327	328	329	330	331
140	139	17	332	333	314	313	330	329	334
139	140	70	333	332	335	336	337	338	339
70	71	139	94	95	322	321	338	337	340
18	19	141	51	52	341	342	343	344	345
141	140	18	346	347	328	327	344	343	348
140	141	69	347	346	349	350	351	352	353
69	70	140	92	93	336	335	352	351	354
19	20	142	53	54	355	356	357	358	359
142	141	19	360	361	342	341	358	357	362
141	142	68	361	360	363	364	365	366	367
68	69	141	90	91	350	349	366	365	368
20	21	143	55	56	369	370	371	372	373
143	142	20	374	375	356	355	372	371	376
142	143	67	375	374	377	378	379	380	381
67	68	142	88	89	364	363	380	379	382
21	22	144	57	58	383	384	385	386	387
144	143	21	388	389	370	369	386	385	390
143	144	66	389	388	391	392	393	394	395
66	67	143	86	87	378	377	394	393	396
22	2	61	59	60	62	63	397	398	399
61	144	22	400	401	384	383	398	397	402
144	61	3	401	400	64	65	403	404	405
3	66	144	84	85	392	391	404	403	406

------------------------------------------------------------------------------------------
NUMBER OF NEUMMAN BOUNDARY CONDITION - MESH 0
------------------------------------------------------------------------------------------
7

-----------------------------------------------------------------------------------------
NODE INDEX    VALUES (X, Y) - MESH 0
------------------------------------------------------------------------------------------
1 178.5714286 0.0
60 178.5714286 0.0
61 178.5714286 0.0
62 178.5714286 0.0
63 178.5714286 0.0
64 178.5714286 0.0
2 178.5714286 0.0

------------------------------------------------------------------------------------------
NUMBER OF DIRICHELET BOUNDARY CONDITION - MESH 0
------------------------------------------------------------------------------------------
7

------------------------------------------------------------------------------------------
NODE INDEX    (0-FREE, 1- DISPLACEMENT) VALUES (X, Y) - MESH 0
------------------------------------------------------------------------------------------
3 1 0 0.0 0.0
121 1 0 0.0 0.0
122 1 0 0.0 0.0
123 1 0 0.0 0.0
0 1 1 0.0 0.0
124 1 0 0.0 0.0
125 1 0 0.0 0.0

28 nós em X1 e 4 nós em X2
