------------------------------------------------------------------------------------------
NUMBER OF PATCHES        
------------------------------------------------------------------------------------------
1
  
------------------------------------------------------------------------------------------
NUMBER OF CONTROL POINTS - PATCH 0        
------------------------------------------------------------------------------------------
120  

------------------------------------------------------------------------------------------
INDEX MATERIAL - PATCH 0
------------------------------------------------------------------------------------------
0 

------------------------------------------------------------------------------------------
THICKNESS - PATCH 0        
------------------------------------------------------------------------------------------
10.  
     
------------------------------------------------------------------------------------------
CONTROL POINTS COORDINATES AND WEIGHT (X,Y,Z,W) - PATCH 0
------------------------------------------------------------------------------------------
0.0   15.0   0.0   1.0
0.0   16.1111111111   0.0   1.0
0.0   18.3333333333   0.0   1.0
0.0   21.6666666667   0.0   1.0
0.0   23.8888888889   0.0   1.0
0.0   25.0   0.0   1.0
3.92156862745   15.0   0.0   1.0
3.92156862745   16.1111111111   0.0   1.0
3.92156862745   18.3333333333   0.0   1.0
3.92156862745   21.6666666667   0.0   1.0
3.92156862745   23.8888888889   0.0   1.0
3.92156862745   25.0   0.0   1.0
11.7647058824   15.0   0.0   1.0
11.7647058824   16.1111111111   0.0   1.0
11.7647058824   18.3333333333   0.0   1.0
11.7647058824   21.6666666667   0.0   1.0
11.7647058824   23.8888888889   0.0   1.0
11.7647058824   25.0   0.0   1.0
23.5294117647   15.0   0.0   1.0
23.5294117647   16.1111111111   0.0   1.0
23.5294117647   18.3333333333   0.0   1.0
23.5294117647   21.6666666667   0.0   1.0
23.5294117647   23.8888888889   0.0   1.0
23.5294117647   25.0   0.0   1.0
35.2941176471   15.0   0.0   1.0
35.2941176471   16.1111111111   0.0   1.0
35.2941176471   18.3333333333   0.0   1.0
35.2941176471   21.6666666667   0.0   1.0
35.2941176471   23.8888888889   0.0   1.0
35.2941176471   25.0   0.0   1.0
47.0588235294   15.0   0.0   1.0
47.0588235294   16.1111111111   0.0   1.0
47.0588235294   18.3333333333   0.0   1.0
47.0588235294   21.6666666667   0.0   1.0
47.0588235294   23.8888888889   0.0   1.0
47.0588235294   25.0   0.0   1.0
58.8235294118   15.0   0.0   1.0
58.8235294118   16.1111111111   0.0   1.0
58.8235294118   18.3333333333   0.0   1.0
58.8235294118   21.6666666667   0.0   1.0
58.8235294118   23.8888888889   0.0   1.0
58.8235294118   25.0   0.0   1.0
70.5882352941   15.0   0.0   1.0
70.5882352941   16.1111111111   0.0   1.0
70.5882352941   18.3333333333   0.0   1.0
70.5882352941   21.6666666667   0.0   1.0
70.5882352941   23.8888888889   0.0   1.0
70.5882352941   25.0   0.0   1.0
82.3529411765   15.0   0.0   1.0
82.3529411765   16.1111111111   0.0   1.0
82.3529411765   18.3333333333   0.0   1.0
82.3529411765   21.6666666667   0.0   1.0
82.3529411765   23.8888888889   0.0   1.0
82.3529411765   25.0   0.0   1.0
94.1176470588   15.0   0.0   1.0
94.1176470588   16.1111111111   0.0   1.0
94.1176470588   18.3333333333   0.0   1.0
94.1176470588   21.6666666667   0.0   1.0
94.1176470588   23.8888888889   0.0   1.0
94.1176470588   25.0   0.0   1.0
105.882352941   15.0   0.0   1.0
105.882352941   16.1111111111   0.0   1.0
105.882352941   18.3333333333   0.0   1.0
105.882352941   21.6666666667   0.0   1.0
105.882352941   23.8888888889   0.0   1.0
105.882352941   25.0   0.0   1.0
117.647058824   15.0   0.0   1.0
117.647058824   16.1111111111   0.0   1.0
117.647058824   18.3333333333   0.0   1.0
117.647058824   21.6666666667   0.0   1.0
117.647058824   23.8888888889   0.0   1.0
117.647058824   25.0   0.0   1.0
129.411764706   15.0   0.0   1.0
129.411764706   16.1111111111   0.0   1.0
129.411764706   18.3333333333   0.0   1.0
129.411764706   21.6666666667   0.0   1.0
129.411764706   23.8888888889   0.0   1.0
129.411764706   25.0   0.0   1.0
141.176470588   15.0   0.0   1.0
141.176470588   16.1111111111   0.0   1.0
141.176470588   18.3333333333   0.0   1.0
141.176470588   21.6666666667   0.0   1.0
141.176470588   23.8888888889   0.0   1.0
141.176470588   25.0   0.0   1.0
152.941176471   15.0   0.0   1.0
152.941176471   16.1111111111   0.0   1.0
152.941176471   18.3333333333   0.0   1.0
152.941176471   21.6666666667   0.0   1.0
152.941176471   23.8888888889   0.0   1.0
152.941176471   25.0   0.0   1.0
164.705882353   15.0   0.0   1.0
164.705882353   16.1111111111   0.0   1.0
164.705882353   18.3333333333   0.0   1.0
164.705882353   21.6666666667   0.0   1.0
164.705882353   23.8888888889   0.0   1.0
164.705882353   25.0   0.0   1.0
176.470588235   15.0   0.0   1.0
176.470588235   16.1111111111   0.0   1.0
176.470588235   18.3333333333   0.0   1.0
176.470588235   21.6666666667   0.0   1.0
176.470588235   23.8888888889   0.0   1.0
176.470588235   25.0   0.0   1.0
188.235294118   15.0   0.0   1.0
188.235294118   16.1111111111   0.0   1.0
188.235294118   18.3333333333   0.0   1.0
188.235294118   21.6666666667   0.0   1.0
188.235294118   23.8888888889   0.0   1.0
188.235294118   25.0   0.0   1.0
196.078431373   15.0   0.0   1.0
196.078431373   16.1111111111   0.0   1.0
196.078431373   18.3333333333   0.0   1.0
196.078431373   21.6666666667   0.0   1.0
196.078431373   23.8888888889   0.0   1.0
196.078431373   25.0   0.0   1.0
200.0   15.0   0.0   1.0
200.0   16.1111111111   0.0   1.0
200.0   18.3333333333   0.0   1.0
200.0   21.6666666667   0.0   1.0
200.0   23.8888888889   0.0   1.0
200.0   25.0   0.0   1.0

------------------------------------------------------------------------------------------
Number of control points  - (u, v, t) - PATCH 0
------------------------------------------------------------------------------------------
20 6 0

------------------------------------------------------------------------------------------
Degree (u,v,t) - PATCH 0
------------------------------------------------------------------------------------------
3 3 0

------------------------------------------------------------------------------------------
KNOT VECTOR (u) - PATCH 0
------------------------------------------------------------------------------------------
0.0000000000000
0.0000000000000
0.0000000000000
0.0000000000000
0.0588235294120
0.1176470588235
0.1764705882355
0.2352941176470
0.2941176470590
0.3529411764705
0.4117647058825
0.4705882352940
0.5294117647050
0.5882352941200
0.6470588235300
0.7058823529400
0.7647058823550
0.8235294117650
0.8823529411750
0.9411764705900
1.0000000000000
1.0000000000000
1.0000000000000
1.0000000000000

------------------------------------------------------------------------------------------
KNOT VECTOR (v) - PATCH 0
------------------------------------------------------------------------------------------
0.000000000000
0.000000000000
0.000000000000
0.000000000000
0.333333333333
0.666666666667
1.000000000000
1.000000000000
1.000000000000
1.000000000000

------------------------------------------------------------------------------------------
NUMBER OF NEUMMAN BOUNDARY CONDITION
------------------------------------------------------------------------------------------
6

-----------------------------------------------------------------------------------------
CONTROL POINT INDEX    VALUES (X, Y)
------------------------------------------------------------------------------------------
19 187.5 0.0
39 187.5 0.0
59 187.5 0.0
79 187.5 0.0
99 187.5 0.0
119 187.5 0.0

------------------------------------------------------------------------------------------
NUMBER OF DIRICHELET BOUNDARY CONDITION
------------------------------------------------------------------------------------------
6

------------------------------------------------------------------------------------------
CONTROL POINT INDEX    (0-FREE, 1- DISPLACEMENT) VALUES (X, Y)
------------------------------------------------------------------------------------------
0 1 1 0.0 0.0
20 1 0 0.0 0.0
40 1 0 0.0 0.0
60 1 0 0.0 0.0
80 1 0 0.0 0.0
100 1 0 0.0 0.0

