------------------------------------------------------------------------------------------
NUMBER OF PATCHES        
------------------------------------------------------------------------------------------
1

------------------------------------------------------------------------------------------ 
NUMBER OF CONTROL POINTS - PATCH 0
------------------------------------------------------------------------------------------ 
225

 ------------------------------------------------------------------------------------------ 
INDEX MATERIAL - PATCH 0
------------------------------------------------------------------------------------------ 
0

 ------------------------------------------------------------------------------------------ 
THICKNESS  - PATCH 0
------------------------------------------------------------------------------------------ 
1.0

 ------------------------------------------------------------------------------------------ 
CONTROL POINTS COORDINATES AND WEIGHT (X,Y,Z,W)  - PATCH 0
------------------------------------------------------------------------------------------ 
0.0   0.0   0.0   1.0
0.0   0.277777777778   0.0   1.0
0.0   0.833333333333   0.0   1.0
0.0   1.66666666667   0.0   1.0
0.0   2.5   0.0   1.0
0.0   3.33333333333   0.0   1.0
0.0   4.16666666667   0.0   1.0
0.0   5.0   0.0   1.0
0.0   5.83333333333   0.0   1.0
0.0   6.66666666667   0.0   1.0
0.0   7.5   0.0   1.0
0.0   8.33333333333   0.0   1.0
0.0   9.16666666667   0.0   1.0
0.0   9.72222222222   0.0   1.0
0.0   10.0   0.0   1.0
0.277777777778   0.0   0.0   1.0
0.277777777778   0.277777777778   0.0   1.0
0.277777777778   0.833333333333   0.0   1.0
0.277777777778   1.66666666667   0.0   1.0
0.277777777778   2.5   0.0   1.0
0.277777777778   3.33333333333   0.0   1.0
0.277777777778   4.16666666667   0.0   1.0
0.277777777778   5.0   0.0   1.0
0.277777777778   5.83333333333   0.0   1.0
0.277777777778   6.66666666667   0.0   1.0
0.277777777778   7.5   0.0   1.0
0.277777777778   8.33333333333   0.0   1.0
0.277777777778   9.16666666667   0.0   1.0
0.277777777778   9.72222222222   0.0   1.0
0.277777777778   10.0   0.0   1.0
0.833333333333   0.0   0.0   1.0
0.833333333333   0.277777777778   0.0   1.0
0.833333333333   0.833333333333   0.0   1.0
0.833333333333   1.66666666667   0.0   1.0
0.833333333333   2.5   0.0   1.0
0.833333333333   3.33333333333   0.0   1.0
0.833333333333   4.16666666667   0.0   1.0
0.833333333333   5.0   0.0   1.0
0.833333333333   5.83333333333   0.0   1.0
0.833333333333   6.66666666667   0.0   1.0
0.833333333333   7.5   0.0   1.0
0.833333333333   8.33333333333   0.0   1.0
0.833333333333   9.16666666667   0.0   1.0
0.833333333333   9.72222222222   0.0   1.0
0.833333333333   10.0   0.0   1.0
1.66666666667   0.0   0.0   1.0
1.66666666667   0.277777777778   0.0   1.0
1.66666666667   0.833333333333   0.0   1.0
1.66666666667   1.66666666667   0.0   1.0
1.66666666667   2.5   0.0   1.0
1.66666666667   3.33333333333   0.0   1.0
1.66666666667   4.16666666667   0.0   1.0
1.66666666667   5.0   0.0   1.0
1.66666666667   5.83333333333   0.0   1.0
1.66666666667   6.66666666667   0.0   1.0
1.66666666667   7.5   0.0   1.0
1.66666666667   8.33333333333   0.0   1.0
1.66666666667   9.16666666667   0.0   1.0
1.66666666667   9.72222222222   0.0   1.0
1.66666666667   10.0   0.0   1.0
2.5   0.0   0.0   1.0
2.5   0.277777777778   0.0   1.0
2.5   0.833333333333   0.0   1.0
2.5   1.66666666667   0.0   1.0
2.5   2.5   0.0   1.0
2.5   3.33333333333   0.0   1.0
2.5   4.16666666667   0.0   1.0
2.5   5.0   0.0   1.0
2.5   5.83333333333   0.0   1.0
2.5   6.66666666667   0.0   1.0
2.5   7.5   0.0   1.0
2.5   8.33333333333   0.0   1.0
2.5   9.16666666667   0.0   1.0
2.5   9.72222222222   0.0   1.0
2.5   10.0   0.0   1.0
3.33333333333   0.0   0.0   1.0
3.33333333333   0.277777777778   0.0   1.0
3.33333333333   0.833333333333   0.0   1.0
3.33333333333   1.66666666667   0.0   1.0
3.33333333333   2.5   0.0   1.0
3.33333333333   3.33333333333   0.0   1.0
3.33333333333   4.16666666667   0.0   1.0
3.33333333333   5.0   0.0   1.0
3.33333333333   5.83333333333   0.0   1.0
3.33333333333   6.66666666667   0.0   1.0
3.33333333333   7.5   0.0   1.0
3.33333333333   8.33333333333   0.0   1.0
3.33333333333   9.16666666667   0.0   1.0
3.33333333333   9.72222222222   0.0   1.0
3.33333333333   10.0   0.0   1.0
4.16666666667   0.0   0.0   1.0
4.16666666667   0.277777777778   0.0   1.0
4.16666666667   0.833333333333   0.0   1.0
4.16666666667   1.66666666667   0.0   1.0
4.16666666667   2.5   0.0   1.0
4.16666666667   3.33333333333   0.0   1.0
4.16666666667   4.16666666667   0.0   1.0
4.16666666667   5.0   0.0   1.0
4.16666666667   5.83333333333   0.0   1.0
4.16666666667   6.66666666667   0.0   1.0
4.16666666667   7.5   0.0   1.0
4.16666666667   8.33333333333   0.0   1.0
4.16666666667   9.16666666667   0.0   1.0
4.16666666667   9.72222222222   0.0   1.0
4.16666666667   10.0   0.0   1.0
5.0   0.0   0.0   1.0
5.0   0.277777777778   0.0   1.0
5.0   0.833333333333   0.0   1.0
5.0   1.66666666667   0.0   1.0
5.0   2.5   0.0   1.0
5.0   3.33333333333   0.0   1.0
5.0   4.16666666667   0.0   1.0
5.0   5.0   0.0   1.0
5.0   5.83333333333   0.0   1.0
5.0   6.66666666667   0.0   1.0
5.0   7.5   0.0   1.0
5.0   8.33333333333   0.0   1.0
5.0   9.16666666667   0.0   1.0
5.0   9.72222222222   0.0   1.0
5.0   10.0   0.0   1.0
5.83333333333   0.0   0.0   1.0
5.83333333333   0.277777777778   0.0   1.0
5.83333333333   0.833333333333   0.0   1.0
5.83333333333   1.66666666667   0.0   1.0
5.83333333333   2.5   0.0   1.0
5.83333333333   3.33333333333   0.0   1.0
5.83333333333   4.16666666667   0.0   1.0
5.83333333333   5.0   0.0   1.0
5.83333333333   5.83333333333   0.0   1.0
5.83333333333   6.66666666667   0.0   1.0
5.83333333333   7.5   0.0   1.0
5.83333333333   8.33333333333   0.0   1.0
5.83333333333   9.16666666667   0.0   1.0
5.83333333333   9.72222222222   0.0   1.0
5.83333333333   10.0   0.0   1.0
6.66666666667   0.0   0.0   1.0
6.66666666667   0.277777777778   0.0   1.0
6.66666666667   0.833333333333   0.0   1.0
6.66666666667   1.66666666667   0.0   1.0
6.66666666667   2.5   0.0   1.0
6.66666666667   3.33333333333   0.0   1.0
6.66666666667   4.16666666667   0.0   1.0
6.66666666667   5.0   0.0   1.0
6.66666666667   5.83333333333   0.0   1.0
6.66666666667   6.66666666667   0.0   1.0
6.66666666667   7.5   0.0   1.0
6.66666666667   8.33333333333   0.0   1.0
6.66666666667   9.16666666667   0.0   1.0
6.66666666667   9.72222222222   0.0   1.0
6.66666666667   10.0   0.0   1.0
7.5   0.0   0.0   1.0
7.5   0.277777777778   0.0   1.0
7.5   0.833333333333   0.0   1.0
7.5   1.66666666667   0.0   1.0
7.5   2.5   0.0   1.0
7.5   3.33333333333   0.0   1.0
7.5   4.16666666667   0.0   1.0
7.5   5.0   0.0   1.0
7.5   5.83333333333   0.0   1.0
7.5   6.66666666667   0.0   1.0
7.5   7.5   0.0   1.0
7.5   8.33333333333   0.0   1.0
7.5   9.16666666667   0.0   1.0
7.5   9.72222222222   0.0   1.0
7.5   10.0   0.0   1.0
8.33333333333   0.0   0.0   1.0
8.33333333333   0.277777777778   0.0   1.0
8.33333333333   0.833333333333   0.0   1.0
8.33333333333   1.66666666667   0.0   1.0
8.33333333333   2.5   0.0   1.0
8.33333333333   3.33333333333   0.0   1.0
8.33333333333   4.16666666667   0.0   1.0
8.33333333333   5.0   0.0   1.0
8.33333333333   5.83333333333   0.0   1.0
8.33333333333   6.66666666667   0.0   1.0
8.33333333333   7.5   0.0   1.0
8.33333333333   8.33333333333   0.0   1.0
8.33333333333   9.16666666667   0.0   1.0
8.33333333333   9.72222222222   0.0   1.0
8.33333333333   10.0   0.0   1.0
9.16666666667   0.0   0.0   1.0
9.16666666667   0.277777777778   0.0   1.0
9.16666666667   0.833333333333   0.0   1.0
9.16666666667   1.66666666667   0.0   1.0
9.16666666667   2.5   0.0   1.0
9.16666666667   3.33333333333   0.0   1.0
9.16666666667   4.16666666667   0.0   1.0
9.16666666667   5.0   0.0   1.0
9.16666666667   5.83333333333   0.0   1.0
9.16666666667   6.66666666667   0.0   1.0
9.16666666667   7.5   0.0   1.0
9.16666666667   8.33333333333   0.0   1.0
9.16666666667   9.16666666667   0.0   1.0
9.16666666667   9.72222222222   0.0   1.0
9.16666666667   10.0   0.0   1.0
9.72222222222   0.0   0.0   1.0
9.72222222222   0.277777777778   0.0   1.0
9.72222222222   0.833333333333   0.0   1.0
9.72222222222   1.66666666667   0.0   1.0
9.72222222222   2.5   0.0   1.0
9.72222222222   3.33333333333   0.0   1.0
9.72222222222   4.16666666667   0.0   1.0
9.72222222222   5.0   0.0   1.0
9.72222222222   5.83333333333   0.0   1.0
9.72222222222   6.66666666667   0.0   1.0
9.72222222222   7.5   0.0   1.0
9.72222222222   8.33333333333   0.0   1.0
9.72222222222   9.16666666667   0.0   1.0
9.72222222222   9.72222222222   0.0   1.0
9.72222222222   10.0   0.0   1.0
10.0   0.0   0.0   1.0
10.0   0.277777777778   0.0   1.0
10.0   0.833333333333   0.0   1.0
10.0   1.66666666667   0.0   1.0
10.0   2.5   0.0   1.0
10.0   3.33333333333   0.0   1.0
10.0   4.16666666667   0.0   1.0
10.0   5.0   0.0   1.0
10.0   5.83333333333   0.0   1.0
10.0   6.66666666667   0.0   1.0
10.0   7.5   0.0   1.0
10.0   8.33333333333   0.0   1.0
10.0   9.16666666667   0.0   1.0
10.0   9.72222222222   0.0   1.0
10.0   10.0   0.0   1.0

 ------------------------------------------------------------------------------------------ 
Number of control points  - (u, v, t) - PATCH 0
------------------------------------------------------------------------------------------ 
15   15   0

 ------------------------------------------------------------------------------------------ 
Degree (u,v,t) - PATCH 0
------------------------------------------------------------------------------------------ 
3   3   0

 ------------------------------------------------------------------------------------------ 
KNOT VECTOR (u) - PATCH 0
------------------------------------------------------------------------------------------ 
0.0
0.0
0.0
0.0
0.0833333333333
0.166666666667
0.25
0.333333333333
0.416666666667
0.5
0.583333333333
0.666666666667
0.75
0.833333333333
0.916666666667
1.0
1.0
1.0
1.0

 ------------------------------------------------------------------------------------------ 
KNOT VECTOR (v) - PATCH 0
------------------------------------------------------------------------------------------ 
0.0
0.0
0.0
0.0
0.0833333333333
0.166666666667
0.25
0.333333333333
0.416666666667
0.5
0.583333333333
0.666666666667
0.75
0.833333333333
0.916666666667
1.0
1.0
1.0
1.0

 ------------------------------------------------------------------------------------------ 
NUMBER OF NEUMMAN BOUNDARY CONDITION - PATCH 0
------------------------------------------------------------------------------------------ 
1

 ------------------------------------------------------------------------------------------ 
POINT/CURVE INDEX    VALUES (X, Y) - PATCH 0
------------------------------------------------------------------------------------------ 
CURVE 2 0.0 1.0

 ------------------------------------------------------------------------------------------ 
NUMBER OF DIRICHELET BOUNDARY CONDITION - PATCH 0
------------------------------------------------------------------------------------------ 
2

 ------------------------------------------------------------------------------------------ 
POINT/CURVE INDEX    (0-FREE, 1- DISPLACEMENT) VALUES (X, Y) - PATCH 0
------------------------------------------------------------------------------------------ 
CURVE 0 0 1 0.0 0.0
CURVE 1 1 0 0.0 0.0
