------------------------------------------------------------------------------------------
NUMBER OF PATCHES        
------------------------------------------------------------------------------------------
2  
  
------------------------------------------------------------------------------------------
NUMBER OF CONTROL POINTS - PATCH 0        
------------------------------------------------------------------------------------------
1000  

------------------------------------------------------------------------------------------
INDEX MATERIAL - PATCH 0
------------------------------------------------------------------------------------------
0 

------------------------------------------------------------------------------------------
THICKNESS - PATCH 0        
------------------------------------------------------------------------------------------
4.  
     
------------------------------------------------------------------------------------------
CONTROL POINTS COORDINATES AND WEIGHT (X,Y,Z,W) - PATCH 0
------------------------------------------------------------------------------------------
-5.05321549807e-15   -10.0   0.0   1.0
-4.93290084336e-15   -9.76190476190   0.0   1.0
-4.69227153393e-15   -9.28571428571   0.0   1.0
-4.33132756978e-15   -8.57142857143   0.0   1.0
-3.97038360563e-15   -7.85714285714   0.0   1.0
-3.60943964148e-15   -7.14285714286   0.0   1.0
-3.24849567733e-15   -6.42857142857   0.0   1.0
-2.88755171319e-15   -5.71428571429   0.0   1.0
-2.64692240375e-15   -5.23809523810   0.0   1.0
-2.52660774904e-15   -5.0   0.0   1.0
-0.107958503052   -9.99999992571   0.0   1.0
-0.105388062504   -9.76190468939   0.0   1.0
-0.100247181406   -9.28571421673   0.0   1.0
-0.0925358597592   -8.57142850775   0.0   1.0
-0.0848245381126   -7.85714279877   0.0   1.0
-0.077113216466   -7.14285708979   0.0   1.0
-0.0694018948194   -6.42857138081   0.0   1.0
-0.0616905731728   -5.71428567184   0.0   1.0
-0.0565496920751   -5.23809519918   0.0   1.0
-0.0539792515262   -4.99999996286   0.0   1.0
-0.323875514421   -9.99650311380   0.0   1.0
-0.316164192649   -9.75849113490   0.0   1.0
-0.300741549105   -9.28246717710   0.0   1.0
-0.277607583789   -8.56843124040   0.0   1.0
-0.254473618473   -7.85439530370   0.0   1.0
-0.231339653158   -7.14035936700   0.0   1.0
-0.208205687842   -6.42632343030   0.0   1.0
-0.185071722526   -5.71228749360   0.0   1.0
-0.169649078982   -5.23626353580   0.0   1.0
-0.16193775721   -4.99825155690   0.0   1.0
-0.647411302289   -9.98077241848   0.0   1.0
-0.631996747472   -9.74313497995   0.0   1.0
-0.60116763784   -9.26786010288   0.0   1.0
-0.55492397339   -8.55494778727   0.0   1.0
-0.508680308941   -7.84203547167   0.0   1.0
-0.462436644492   -7.12912315606   0.0   1.0
-0.416192980043   -6.41621084045   0.0   1.0
-0.369949315594   -5.70329852485   0.0   1.0
-0.339120205961   -5.22802364778   0.0   1.0
-0.323705651144   -4.99038620924   0.0   1.0
-0.97026803292   -9.95457342149   0.0   1.0
-0.947166413089   -9.7175597686   0.0   1.0
-0.900963173426   -9.24353246281   0.0   1.0
-0.831658313932   -8.53249150414   0.0   1.0
-0.762353454437   -7.82145054546   0.0   1.0
-0.693048594943   -7.11040958678   0.0   1.0
-0.623743735449   -6.39936862810   0.0   1.0
-0.554438875954   -5.68832766942   0.0   1.0
-0.508235636292   -5.21430036364   0.0   1.0
-0.48513401646   -4.97728671075   0.0   1.0
-1.29210714312   -9.91793404337   0.0   1.0
-1.26134268733   -9.68179275663   0.0   1.0
-1.19981377576   -9.20951018313   0.0   1.0
-1.10752040839   -8.50108632289   0.0   1.0
-1.01522704102   -7.79266246265   0.0   1.0
-0.922933673658   -7.08423860241   0.0   1.0
-0.830640306292   -6.37581474217   0.0   1.0
-0.738346938926   -5.66739088193   0.0   1.0
-0.676818027349   -5.19510830843   0.0   1.0
-0.64605357156   -4.95896702169   0.0   1.0
-1.61259104671   -9.87089228312   0.0   1.0
-1.57419602179   -9.63587103828   0.0   1.0
-1.49740597195   -9.16582854861   0.0   1.0
-1.38222089718   -8.46076481410   0.0   1.0
-1.26703582242   -7.75570107959   0.0   1.0
-1.15185074765   -7.05063734508   0.0   1.0
-1.03666567289   -6.34557361058   0.0   1.0
-0.921480598123   -5.64050987607   0.0   1.0
-0.844690548279   -5.17046738640   0.0   1.0
-0.806295523357   -4.93544614156   0.0   1.0
-1.93138348128   -9.81349676447   0.0   1.0
-1.88539816029   -9.57984207960   0.0   1.0
-1.79342751833   -9.11253270987   0.0   1.0
-1.65547155538   -8.41156865526   0.0   1.0
-1.51751559243   -7.71060460066   0.0   1.0
-1.37955962948   -7.00964054605   0.0   1.0
-1.24160366654   -6.30867649145   0.0   1.0
-1.10364770359   -5.60771243684   0.0   1.0
-1.01167706162   -5.14040306710   0.0   1.0
-0.965691740639   -4.90674838224   0.0   1.0
-2.24815002967   -9.74580766460   0.0   1.0
-2.19462264802   -9.51376462496   0.0   1.0
-2.08756788470   -9.04967854570   0.0   1.0
-1.92698573972   -8.35354942680   0.0   1.0
-1.76640359474   -7.65742030790   0.0   1.0
-1.60582144977   -6.96129118900   0.0   1.0
-1.44523930479   -6.26516207010   0.0   1.0
-1.28465715981   -5.56903295120   0.0   1.0
-1.17760239650   -5.10494687193   0.0   1.0
-1.12407501484   -4.87290383230   0.0   1.0
-2.56255859114   -9.66789673724   0.0   1.0
-2.50154529135   -9.43770871969   0.0   1.0
-2.37951869177   -8.97733268458   0.0   1.0
-2.19647879240   -8.28676863192   0.0   1.0
-2.01343889304   -7.59620457926   0.0   1.0
-1.83039899367   -6.90564052660   0.0   1.0
-1.64735909430   -6.21507647394   0.0   1.0
-1.46431919494   -5.52451242128   0.0   1.0
-1.34229259536   -5.06413638618   0.0   1.0
-1.28127929557   -4.83394836862   0.0   1.0
-2.87427963039   -9.57984649473   0.0   1.0
-2.80584440109   -9.35175491152   0.0   1.0
-2.66897394250   -8.89557174510   0.0   1.0
-2.46366825462   -8.21129699548   0.0   1.0
-2.25836256673   -7.52702224586   0.0   1.0
-2.05305687885   -6.84274749623   0.0   1.0
-1.84775119096   -6.15847274661   0.0   1.0
-1.64244550308   -5.47419799699   0.0   1.0
-1.50557504449   -5.01801483057   0.0   1.0
-1.43713981519   -4.78992324736   0.0   1.0
-3.18298630068   -9.48174932756   0.0   1.0
-3.10720091257   -9.25599339119   0.0   1.0
-2.95563013635   -8.80448151845   0.0   1.0
-2.72827397201   -8.12721370933   0.0   1.0
-2.50091780768   -7.44994590022   0.0   1.0
-2.27356164334   -6.77267809111   0.0   1.0
-2.04620547901   -6.09541028200   0.0   1.0
-1.81884931467   -5.41814247289   0.0   1.0
-1.66727853845   -4.96663060015   0.0   1.0
-1.59149315034   -4.74087466378   0.0   1.0
-3.48835396024   -9.37370554404   0.0   1.0
-3.40529791356   -9.15052207870   0.0   1.0
-3.23918582022   -8.70415514803   0.0   1.0
-2.99001768020   -8.03460475203   0.0   1.0
-2.74084954018   -7.36505435603   0.0   1.0
-2.49168140017   -6.69550396003   0.0   1.0
-2.24251326015   -6.02595356402   0.0   1.0
-1.99334512013   -5.35640316802   0.0   1.0
-1.82723302679   -4.91003623735   0.0   1.0
-1.74417698012   -4.68685277202   0.0   1.0
-3.79006269518   -9.25582977514   0.0   1.0
-3.69982310720   -9.03545287573   0.0   1.0
-3.51934393124   -8.59469907691   0.0   1.0
-3.24862516730   -7.93356837869   0.0   1.0
-2.97790640336   -7.27243768046   0.0   1.0
-2.70718763942   -6.61130698224   0.0   1.0
-2.43646887547   -5.95017628402   0.0   1.0
-2.16575011153   -5.28904558579   0.0   1.0
-1.98527093557   -4.84829178698   0.0   1.0
-1.89503134759   -4.62791488757   0.0   1.0
-4.08779633399   -9.12824632012   0.0   1.0
-3.99046784985   -8.91090712202   0.0   1.0
-3.79581088156   -8.47622872582   0.0   1.0
-3.50382542914   -7.82421113153   0.0   1.0
-3.21183997671   -7.17219353724   0.0   1.0
-2.91985452428   -6.52017594294   0.0   1.0
-2.62786907185   -5.86815834865   0.0   1.0
-2.33588361942   -5.21614075435   0.0   1.0
-2.14122665114   -4.78146235816   0.0   1.0
-2.04389816700   -4.56412316006   0.0   1.0
-4.38124243504   -8.99108857668   0.0   1.0
-4.27692713897   -8.77701503914   0.0   1.0
-4.06829654682   -8.34886796406   0.0   1.0
-3.75535065860   -7.70664735144   0.0   1.0
-3.44240477039   -7.06442673882   0.0   1.0
-3.12945888217   -6.42220612620   0.0   1.0
-2.81651299395   -5.77998551358   0.0   1.0
-2.50356710574   -5.13776490096   0.0   1.0
-2.29493651359   -4.70961782588   0.0   1.0
-2.19062121752   -4.49554428834   0.0   1.0
-4.67009294507   -8.84449988778   0.0   1.0
-4.55890025591   -8.63391655712   0.0   1.0
-4.33651487757   -8.21274989580   0.0   1.0
-4.00293681006   -7.58099990381   0.0   1.0
-3.66935874256   -6.94924991183   0.0   1.0
-3.33578067505   -6.31749991984   0.0   1.0
-3.00220260755   -5.68574992786   0.0   1.0
-2.66862454004   -5.05399993587   0.0   1.0
-2.44623916171   -4.63283327455   0.0   1.0
-2.33504647254   -4.42224994389   0.0   1.0
-4.95404503606   -8.68863434518   0.0   1.0
-4.83609158282   -8.48176209886   0.0   1.0
-4.60018467634   -8.06801760623   0.0   1.0
-4.24632431662   -7.44740086729   0.0   1.0
-3.89246395690   -6.82678412835   0.0   1.0
-3.53860359719   -6.20616738941   0.0   1.0
-3.18474323747   -5.58555065047   0.0   1.0
-2.83088287775   -4.96493391153   0.0   1.0
-2.59497597127   -4.55118941890   0.0   1.0
-2.47702251803   -4.34431717259   0.0   1.0
-5.23280141777   -8.52365637033   0.0   1.0
-5.10821090783   -8.32071217104   0.0   1.0
-4.85902988793   -7.91482377245   0.0   1.0
-4.48525835809   -7.30599117457   0.0   1.0
-4.11148682825   -6.69715857669   0.0   1.0
-3.73771529841   -6.08832597881   0.0   1.0
-3.36394376857   -5.47949338093   0.0   1.0
-2.99017223873   -4.87066078305   0.0   1.0
-2.74099121883   -4.46477238446   0.0   1.0
-2.61640070889   -4.26182818517   0.0   1.0
-5.50606999306   -8.34973932207   0.0   1.0
-5.37497308847   -8.15093600488   0.0   1.0
-5.11277927927   -7.75332937050   0.0   1.0
-4.71948856548   -7.15691941892   0.0   1.0
-4.32619785169   -6.56050946734   0.0   1.0
-3.93290713790   -5.96409951577   0.0   1.0
-3.53961642411   -5.36768956419   0.0   1.0
-3.14632571032   -4.77127961261   0.0   1.0
-2.88413190113   -4.37367297823   0.0   1.0
-2.75303499653   -4.17486966104   0.0   1.0
-5.77356355637   -8.16706458548   0.0   1.0
-5.63609775741   -7.97261066677   0.0   1.0
-5.36116615949   -7.58370282937   0.0   1.0
-4.94876876260   -7.00034107327   0.0   1.0
-4.53637136572   -6.41697931716   0.0   1.0
-4.12397396884   -5.83361756105   0.0   1.0
-3.71157657195   -5.25025580495   0.0   1.0
-3.29917917507   -4.66689404884   0.0   1.0
-3.02424757715   -4.27798621144   0.0   1.0
-2.88678177819   -4.08353229274   0.0   1.0
-6.03500048182   -7.97582233151   0.0   1.0
-5.89130999416   -7.78592179981   0.0   1.0
-5.60392901884   -7.40612073640   0.0   1.0
-5.17285755585   -6.83641914129   0.0   1.0
-4.74178609286   -6.26671754619   0.0   1.0
-4.31071462987   -5.69701595108   0.0   1.0
-3.87964316689   -5.12731435597   0.0   1.0
-3.44857170390   -4.55761276086   0.0   1.0
-3.16119072857   -4.17781169746   0.0   1.0
-3.01750024091   -3.98791116576   0.0   1.0
-6.29010741944   -7.77621444322   0.0   1.0
-6.14034295707   -7.59106648029   0.0   1.0
-5.84081403234   -7.22077055442   0.0   1.0
-5.39152064524   -6.66532666562   0.0   1.0
-4.94222725813   -6.10988277682   0.0   1.0
-4.49293387103   -5.55443888801   0.0   1.0
-4.04364048393   -4.99899499921   0.0   1.0
-3.59434709682   -4.44355111041   0.0   1.0
-3.29481817209   -4.07325518454   0.0   1.0
-3.14505370972   -3.88810722161   0.0   1.0
-6.53861703639   -7.56845056846   0.0   1.0
-6.38293567838   -7.38824936445   0.0   1.0
-6.07157296237   -7.02784695642   0.0   1.0
-5.60452888834   -6.48724334439   0.0   1.0
-5.13748481431   -5.94663973236   0.0   1.0
-4.67044074028   -5.40603612033   0.0   1.0
-4.20339666625   -4.86543250829   0.0   1.0
-3.73635259223   -4.32482889626   0.0   1.0
-3.42498987621   -3.96442648824   0.0   1.0
-3.26930851820   -3.78422528423   0.0   1.0
-6.78026874582   -7.35274866930   0.0   1.0
-6.61883377568   -7.17768322480   0.0   1.0
-6.29596383541   -6.82755233578   0.0   1.0
-5.81165892499   -6.30235600226   0.0   1.0
-5.32735401458   -5.77715966874   0.0   1.0
-4.84304910416   -5.25196333522   0.0   1.0
-4.35874419374   -4.72676700169   0.0   1.0
-3.87443928333   -4.20157066817   0.0   1.0
-3.55156934305   -3.85143977916   0.0   1.0
-3.39013437291   -3.67637433465   0.0   1.0
-7.01480892945   -7.12933479060   0.0   1.0
-6.84778966922   -6.95958872415   0.0   1.0
-6.51375114877   -6.62009659127   0.0   1.0
-6.01269336810   -6.11085839194   0.0   1.0
-5.51163558742   -5.60162019261   0.0   1.0
-5.01057780675   -5.09238199328   0.0   1.0
-4.50952002607   -4.58314379396   0.0   1.0
-4.00846224540   -4.07390559463   0.0   1.0
-3.67442372495   -3.73441346174   0.0   1.0
-3.50740446472   -3.56466739530   0.0   1.0
-7.24199145323   -6.89844312819   0.0   1.0
-7.06956308529   -6.73419448228   0.0   1.0
-6.72470634943   -6.40569719046   0.0   1.0
-6.20742124562   -5.91295125273   0.0   1.0
-5.69013614182   -5.42020531501   0.0   1.0
-5.17285103802   -4.92745937728   0.0   1.0
-4.65556593422   -4.43471343955   0.0   1.0
-4.13828083042   -3.94196750182   0.0   1.0
-3.79342409455   -3.61347021000   0.0   1.0
-3.62099572661   -3.44922156409   0.0   1.0
-7.46157812707   -6.66031595452   0.0   1.0
-7.28392150500   -6.50173700322   0.0   1.0
-6.92860826085   -6.18457910062   0.0   1.0
-6.39563839464   -5.70884224673   0.0   1.0
-5.86266852842   -5.23310539283   0.0   1.0
-5.32969866220   -4.75736853894   0.0   1.0
-4.79672879598   -4.28163168505   0.0   1.0
-4.26375892976   -3.80589483115   0.0   1.0
-3.90844568561   -3.48873692856   0.0   1.0
-3.73078906354   -3.33015797726   0.0   1.0
-7.67333879792   -6.41520317249   0.0   1.0
-7.49064025511   -6.26246023981   0.0   1.0
-7.12524316950   -5.95697437446   0.0   1.0
-6.57714754107   -5.49874557642   0.0   1.0
-6.02905191265   -5.04051677839   0.0   1.0
-5.48095628423   -4.58228798035   0.0   1.0
-4.93286065581   -4.12405918232   0.0   1.0
-4.38476502738   -3.66583038428   0.0   1.0
-4.01936794177   -3.36034451892   0.0   1.0
-3.83666939896   -3.20760158625   0.0   1.0
-7.87705134762   -6.16336184172   0.0   1.0
-7.68950250601   -6.01661513120   0.0   1.0
-7.31440482279   -5.72312171017   0.0   1.0
-6.75175829796   -5.28288157862   0.0   1.0
-6.18911177313   -4.84264144707   0.0   1.0
-5.62646524830   -4.40240131551   0.0   1.0
-5.06381872347   -3.96216118396   0.0   1.0
-4.50117219864   -3.52192105241   0.0   1.0
-4.12607451542   -3.22842763138   0.0   1.0
-3.93852567381   -3.08168092086   0.0   1.0
-8.07250191407   -5.90505594237   0.0   1.0
-7.88029948754   -5.76445937231   0.0   1.0
-7.49589463449   -5.4832662322   0.0   1.0
-6.91928735492   -5.06147652203   0.0   1.0
-6.34268007534   -4.63968681186   0.0   1.0
-5.76607279576   -4.21789710169   0.0   1.0
-5.18946551619   -3.79610739152   0.0   1.0
-4.61285823661   -3.37431768135   0.0   1.0
-4.22845338356   -3.09312454124   0.0   1.0
-4.03625095703   -2.95252797118   0.0   1.0
-8.25948513262   -5.64055615427   0.0   1.0
-8.06283072470   -5.50625719822   0.0   1.0
-7.66952190886   -5.23765928611   0.0   1.0
-7.07955868510   -4.83476241795   0.0   1.0
-6.48959546135   -4.43186554978   0.0   1.0
-5.89963223759   -4.02896868162   0.0   1.0
-5.30966901383   -3.62607181346   0.0   1.0
-4.71970579007   -3.22317494530   0.0   1.0
-4.32639697423   -2.95457703319   0.0   1.0
-4.12974256631   -2.82027807713   0.0   1.0
-8.43780517962   -5.37014014066   0.0   1.0
-8.23690505630   -5.24227966112   0.0   1.0
-7.83510480965   -4.98655870204   0.0   1.0
-7.23240443968   -4.60297726342   0.0   1.0
-6.62970406970   -4.21939582480   0.0   1.0
-6.02700369973   -3.83581438619   0.0   1.0
-5.42430332976   -3.45223294757   0.0   1.0
-4.82160295978   -3.06865150895   0.0   1.0
-4.41980271313   -2.81293054987   0.0   1.0
-4.21890258981   -2.68507007033   0.0   1.0
-8.60727523829   -5.09409167258   0.0   1.0
-8.40234011357   -4.97280377562   0.0   1.0
-7.99246986413   -4.73022798168   0.0   1.0
-7.37766448996   -4.36636429079   0.0   1.0
-6.76285911580   -4.00250059989   0.0   1.0
-6.14805374164   -3.63863690899   0.0   1.0
-5.53324836747   -3.27477321809   0.0   1.0
-4.91844299331   -2.91090952719   0.0   1.0
-4.50857274387   -2.66833373326   0.0   1.0
-4.30363761914   -2.54704583629   0.0   1.0
-8.76771766481   -4.81270033300   0.0   1.0
-8.55896248231   -4.69811222983   0.0   1.0
-8.14145211732   -4.46893602350   0.0   1.0
-7.51518656984   -4.12517171400   0.0   1.0
-6.88892102235   -3.78140740450   0.0   1.0
-6.26265547486   -3.43764309500   0.0   1.0
-5.63638992738   -3.09387878550   0.0   1.0
-5.01012437989   -2.75011447600   0.0   1.0
-4.5926140149   -2.52093826967   0.0   1.0
-4.38385883240   -2.40635016650   0.0   1.0
-8.91896399950   -4.52626115080   0.0   1.0
-8.70660771379   -4.41849302816   0.0   1.0
-8.28189514239   -4.20295678288   0.0   1.0
-7.64482628528   -3.87965241497   0.0   1.0
-7.00775742818   -3.55634804705   0.0   1.0
-6.37068857107   -3.23304367914   0.0   1.0
-5.73361971396   -2.90973931123   0.0   1.0
-5.09655085685   -2.58643494331   0.0   1.0
-4.67183828545   -2.37089869804   0.0   1.0
-4.45948199975   -2.26313057540   0.0   1.0
-9.06085544967   -4.23507448349   0.0   1.0
-8.84512079611   -4.13423937674   0.0   1.0
-8.41365148898   -3.93256916324   0.0   1.0
-7.76644752829   -3.63006384299   0.0   1.0
-7.11924356760   -3.32755852275   0.0   1.0
-6.47203960691   -3.02505320250   0.0   1.0
-5.82483564622   -2.72254788225   0.0   1.0
-5.17763168553   -2.42004256200   0.0   1.0
-4.74616237840   -2.21837234850   0.0   1.0
-4.53042772484   -2.11753724175   0.0   1.0
-9.19324335096   -3.93944582879   0.0   1.0
-8.97435660451   -3.84564949954   0.0   1.0
-8.53658311161   -3.65805684102   0.0   1.0
-7.87992287226   -3.37666785325   0.0   1.0
-7.2232626329   -3.09527886548   0.0   1.0
-6.56660239355   -2.81388987771   0.0   1.0
-5.90994215419   -2.53250088994   0.0   1.0
-5.25328191484   -2.25111190217   0.0   1.0
-4.81550842193   -2.06351924365   0.0   1.0
-4.59662167548   -1.96972291440   0.0   1.0
-9.31598907085   -3.63968534783   0.0   1.0
-9.09417980726   -3.55302617288   0.0   1.0
-8.65056128007   -3.37970782298   0.0   1.0
-7.98513348930   -3.11973029814   0.0   1.0
-7.31970569852   -2.85975277329   0.0   1.0
-6.65427790775   -2.59977524845   0.0   1.0
-5.98885011697   -2.33979772360   0.0   1.0
-5.32342232620   -2.07982019876   0.0   1.0
-4.87980379902   -1.90650184886   0.0   1.0
-4.65799453542   -1.81984267391   0.0   1.0
-9.42896377834   -3.33610739418   0.0   1.0
-9.20446464076   -3.25667626575   0.0   1.0
-8.75546636560   -3.09781400888   0.0   1.0
-8.08196895286   -2.85952062359   0.0   1.0
-7.40847154013   -2.62122723829   0.0   1.0
-6.73497412739   -2.38293385299   0.0   1.0
-6.06147671465   -2.14464046769   0.0   1.0
-5.38797930191   -1.90634708239   0.0   1.0
-4.93898102675   -1.74748482552   0.0   1.0
-4.71448188917   -1.66805369709   0.0   1.0
-9.53204866186   -3.02903025099   0.0   1.0
-9.30509512230   -2.95691048311   0.0   1.0
-8.85118804316   -2.81267094735   0.0   1.0
-8.17032742446   -2.59631164371   0.0   1.0
-7.48946680575   -2.37995234007   0.0   1.0
-6.80860618705   -2.16359303642   0.0   1.0
-6.12774556834   -1.94723373278   0.0   1.0
-5.44688494964   -1.73087442914   0.0   1.0
-4.9929778705   -1.58663489338   0.0   1.0
-4.76602433093   -1.51451512550   0.0   1.0
-9.62513459710   -2.71877572639   0.0   1.0
-9.39596472574   -2.654042971   0.0   1.0
-8.93762498302   -2.52457746022   0.0   1.0
-8.25011536895   -2.33037919405   0.0   1.0
-7.56260575487   -2.13618092788   0.0   1.0
-6.87509614079   -1.94198266171   0.0   1.0
-6.18758652671   -1.74778439554   0.0   1.0
-5.50007691263   -1.55358612937   0.0   1.0
-5.04173716991   -1.42412061859   0.0   1.0
-4.81256729855   -1.35938786320   0.0   1.0
-9.70812583026   -2.40566982154   0.0   1.0
-9.47697997716   -2.34839196865   0.0   1.0
-9.01468827095   -2.23383626286   0.0   1.0
-8.32125071165   -2.06200270418   0.0   1.0
-7.62781315235   -1.8901691455   0.0   1.0
-6.93437559304   -1.71833558682   0.0   1.0
-6.24093803374   -1.54650202814   0.0   1.0
-5.54750047443   -1.37466846945   0.0   1.0
-5.08520876823   -1.26011276367   0.0   1.0
-4.85406291513   -1.20283491077   0.0   1.0
-9.78093575263   -2.09004097158   0.0   1.0
-9.54805632995   -2.04027809131   0.0   1.0
-9.08229748459   -1.94075233076   0.0   1.0
-8.38365921654   -1.79146368993   0.0   1.0
-7.68502094850   -1.64217504910   0.0   1.0
-6.98638268045   -1.49288640827   0.0   1.0
-6.28774441241   -1.34359776745   0.0   1.0
-5.58910614436   -1.19430912662   0.0   1.0
-5.12334729900   -1.09478336607   0.0   1.0
-4.89046787632   -1.04502048579   0.0   1.0
-9.84348680584   -1.77221990764   0.0   1.0
-9.60911807237   -1.73002419556   0.0   1.0
-9.14038060543   -1.64563277138   0.0   1.0
-8.43727440501   -1.51904563512   0.0   1.0
-7.73416820459   -1.39245849886   0.0   1.0
-7.03106200417   -1.26587136260   0.0   1.0
-6.32795580376   -1.13928422634   0.0   1.0
-5.62484960334   -1.01269709008   0.0   1.0
-5.15611213639   -0.928305665908   0.0   1.0
-4.92174340292   -0.886109953821   0.0   1.0
-9.89571216164   -1.45253979091   0.0   1.0
-9.66009996731   -1.41795551017   0.0   1.0
-9.18887557866   -1.34878694870   0.0   1.0
-8.48203899569   -1.24503410649   0.0   1.0
-7.77520241271   -1.14128126429   0.0   1.0
-7.06836582974   -1.03752842208   0.0   1.0
-6.36152924677   -0.93377557987   0.0   1.0
-5.65469266379   -0.830022737662   0.0   1.0
-5.18346827514   -0.76085417619   0.0   1.0
-4.94785608082   -0.726269895454   0.0   1.0
-9.93755728569   -1.13133604519   0.0   1.0
-9.70094877889   -1.10439947269   0.0   1.0
-9.22773176528   -1.05052632768   0.0   1.0
-8.51790624488   -0.969716610163   0.0   1.0
-7.80808072447   -0.888906892649   0.0   1.0
-7.09825520406   -0.808097175136   0.0   1.0
-6.38842968366   -0.727287457622   0.0   1.0
-5.67860416325   -0.646477740108   0.0   1.0
-5.20538714965   -0.592604595099   0.0   1.0
-4.96877864284   -0.565668022595   0.0   1.0
-9.96897971523   -0.808945777924   0.0   1.0
-9.73162305535   -0.789685164164   0.0   1.0
-9.25690973557   -0.751163936644   0.0   1.0
-8.54483975592   -0.693382095363   0.0   1.0
-7.83276977626   -0.635600254083   0.0   1.0
-7.12069979660   -0.577818412803   0.0   1.0
-6.40862981694   -0.520036571522   0.0   1.0
-5.69655983728   -0.462254730242   0.0   1.0
-5.22184651750   -0.423733502722   0.0   1.0
-4.98448985762   -0.404472888962   0.0   1.0
-9.98994732551   -0.485707146772   0.0   1.0
-9.75209143681   -0.474142690896   0.0   1.0
-9.27637965940   -0.451013779145   0.0   1.0
-8.56281199330   -0.416320411519   0.0   1.0
-7.84924432719   -0.381627043892   0.0   1.0
-7.13567666108   -0.346933676266   0.0   1.0
-6.42210899497   -0.312240308639   0.0   1.0
-5.70854132886   -0.277546941013   0.0   1.0
-5.23282955146   -0.254418029261   0.0   1.0
-4.99497366276   -0.242853573386   0.0   1.0
-10.0004372140   -0.161959058407   0.0   1.0
-9.76233156608   -0.15810289035   0.0   1.0
-9.28612027018   -0.150390554235   0.0   1.0
-8.57180332632   -0.138822050063   0.0   1.0
-7.85748638246   -0.127253545891   0.0   1.0
-7.14316943860   -0.115685041719   0.0   1.0
-6.42885249474   -0.104116537547   0.0   1.0
-5.71453555088   -0.0925480333755   0.0   1.0
-5.23832425497   -0.0848356972609   0.0   1.0
-5.00021860702   -0.0809795292036   0.0   1.0
-10.0004368896   0.161958934847   0.0   1.0
-9.76233124942   0.158102769732   0.0   1.0
-9.28611996896   0.150390439501   0.0   1.0
-8.57180304827   0.138821944155   0.0   1.0
-7.85748612758   0.127253448808   0.0   1.0
-7.14316920689   0.115684953462   0.0   1.0
-6.42885228620   0.104116458116   0.0   1.0
-5.71453536551   0.0925479627698   0.0   1.0
-5.23832408505   0.0848356325389   0.0   1.0
-5.00021844482   0.0809794674235   0.0   1.0
-9.98994669810   0.48570701172   0.0   1.0
-9.75209082433   0.47414255906   0.0   1.0
-9.27637907680   0.45101365374   0.0   1.0
-8.56281145551   0.41632029576   0.0   1.0
-7.84924383422   0.38162693778   0.0   1.0
-7.13567621293   0.3469335798   0.0   1.0
-6.42210859163   0.31224022182   0.0   1.0
-5.70854097034   0.27754686384   0.0   1.0
-5.23282922281   0.25441795852   0.0   1.0
-4.99497334905   0.24285350586   0.0   1.0
-9.96897865217   0.808945617405   0.0   1.0
-9.73162201759   0.789685007466   0.0   1.0
-9.25690874844   0.75116378759   0.0   1.0
-8.54483884471   0.693381957775   0.0   1.0
-7.83276894099   0.635600127961   0.0   1.0
-7.12069903726   0.577818298146   0.0   1.0
-6.40862913354   0.520036468331   0.0   1.0
-5.69655922981   0.462254638517   0.0   1.0
-5.22184596066   0.42373341864   0.0   1.0
-4.98448932608   0.404472808702   0.0   1.0
-9.93755548243   1.13133581325   0.0   1.0
-9.70094701857   1.10439924626   0.0   1.0
-9.22773009083   1.0505261123   0.0   1.0
-8.51790469923   0.969716411354   0.0   1.0
-7.80807930763   0.888906710408   0.0   1.0
-7.09825391602   0.808097009462   0.0   1.0
-6.38842852442   0.727287308516   0.0   1.0
-5.67860313282   0.646477607569   0.0   1.0
-5.20538620508   0.592604473605   0.0   1.0
-4.96877774122   0.565667906623   0.0   1.0
-9.89570994509   1.45253949878   0.0   1.0
-9.66009780354   1.41795522500   0.0   1.0
-9.18887352044   1.34878667744   0.0   1.0
-8.48203709580   1.24503385610   0.0   1.0
-7.77520067115   1.14128103476   0.0   1.0
-7.06836424650   1.03752821342   0.0   1.0
-6.36152782185   0.933775392075   0.0   1.0
-5.65469139720   0.830022570734   0.0   1.0
-5.18346711410   0.760854023173   0.0   1.0
-4.94785497255   0.726269749392   0.0   1.0
-9.8434852199   1.77221971027   0.0   1.0
-9.60911652419   1.73002400288   0.0   1.0
-9.14037913276   1.64563258811   0.0   1.0
-8.43727304563   1.51904546595   0.0   1.0
-7.73416695849   1.39245834379   0.0   1.0
-7.03106087136   1.26587122162   0.0   1.0
-6.32795478422   1.13928409946   0.0   1.0
-5.62484869709   1.01269697730   0.0   1.0
-5.15611130566   0.928305562523   0.0   1.0
-4.92174260995   0.886109855136   0.0   1.0
-9.78093559992   2.09004105386   0.0   1.0
-9.54805618087   2.04027817163   0.0   1.0
-9.08229734278   1.94075240716   0.0   1.0
-8.38365908564   1.79146376045   0.0   1.0
-7.68502082851   1.64217511375   0.0   1.0
-6.98638257137   1.49288646704   0.0   1.0
-6.28774431423   1.34359782034   0.0   1.0
-5.58910605710   1.19430917363   0.0   1.0
-5.12334721901   1.09478340916   0.0   1.0
-4.89046779996   1.04502052693   0.0   1.0
-9.70812667938   2.40567014285   0.0   1.0
-9.47698080606   2.34839228230   0.0   1.0
-9.01468905942   2.23383656122   0.0   1.0
-8.32125143947   2.06200297958   0.0   1.0
-7.62781381951   1.89016939795   0.0   1.0
-6.93437619955   1.71833581632   0.0   1.0
-6.24093857960   1.54650223469   0.0   1.0
-5.54750095964   1.37466865306   0.0   1.0
-5.08520921301   1.26011293197   0.0   1.0
-4.85406333969   1.20283507142   0.0   1.0
-9.62513506335   2.71877595846   0.0   1.0
-9.39596518089   2.65404319754   0.0   1.0
-8.93762541597   2.52457767571   0.0   1.0
-8.25011576859   2.33037939296   0.0   1.0
-7.56260612121   2.13618111022   0.0   1.0
-6.87509647382   1.94198282747   0.0   1.0
-6.18758682644   1.74778454472   0.0   1.0
-5.50007717906   1.55358626197   0.0   1.0
-5.04173741414   1.42412074014   0.0   1.0
-4.81256753168   1.35938797923   0.0   1.0
-9.53204808180   3.02903016251   0.0   1.0
-9.30509455605   2.95691039674   0.0   1.0
-8.85118750453   2.81267086519   0.0   1.0
-8.17032692726   2.59631156787   0.0   1.0
-7.48946634999   2.37995227054   0.0   1.0
-6.80860577272   2.16359297322   0.0   1.0
-6.12774519544   1.9472336759   0.0   1.0
-5.44688461817   1.73087437858   0.0   1.0
-4.99297756666   1.58663484703   0.0   1.0
-4.76602404090   1.51451508126   0.0   1.0
-9.42896368602   3.33610746298   0.0   1.0
-9.20446455064   3.25667633291   0.0   1.0
-8.75546627988   3.09781407277   0.0   1.0
-8.08196887374   2.85952068256   0.0   1.0
-7.40847146759   2.62122729234   0.0   1.0
-6.73497406145   2.38293390213   0.0   1.0
-6.06147665530   2.14464051192   0.0   1.0
-5.38797924916   1.90634712171   0.0   1.0
-4.93898097839   1.74748486156   0.0   1.0
-4.71448184301   1.66805373149   0.0   1.0
-9.31598897885   3.63968542359   0.0   1.0
-9.09417971744   3.55302624684   0.0   1.0
-8.65056119464   3.37970789334   0.0   1.0
-7.98513341044   3.11973036308   0.0   1.0
-7.31970562624   2.85975283282   0.0   1.0
-6.65427784203   2.59977530257   0.0   1.0
-5.98885005783   2.33979777231   0.0   1.0
-5.32342227363   2.07982024205   0.0   1.0
-4.87980375082   1.90650188855   0.0   1.0
-4.65799448942   1.81984271180   0.0   1.0
-9.19324303012   3.93944580784   0.0   1.0
-8.97435629131   3.84564947908   0.0   1.0
-8.53658281369   3.65805682157   0.0   1.0
-7.87992259725   3.37666783529   0.0   1.0
-7.22326238081   3.09527884902   0.0   1.0
-6.56660216437   2.81388986274   0.0   1.0
-5.90994194794   2.53250087647   0.0   1.0
-5.2532817315   2.25111189020   0.0   1.0
-4.81550825387   2.06351923268   0.0   1.0
-4.59662151506   1.96972290392   0.0   1.0
-9.06085540481   4.23507458099   0.0   1.0
-8.84512075231   4.13423947192   0.0   1.0
-8.41365144732   3.93256925378   0.0   1.0
-7.76644748984   3.63006392656   0.0   1.0
-7.11924353235   3.32755859935   0.0   1.0
-6.47203957486   3.02505327214   0.0   1.0
-5.82483561738   2.72254794492   0.0   1.0
-5.17763165989   2.42004261771   0.0   1.0
-4.74616235490   2.21837239957   0.0   1.0
-4.53042770240   2.11753729050   0.0   1.0
-8.91896470454   4.52626161307   0.0   1.0
-8.70660840205   4.41849347942   0.0   1.0
-8.28189579707   4.20295721213   0.0   1.0
-7.64482688961   3.87965281120   0.0   1.0
-7.00775798214   3.55634841027   0.0   1.0
-6.37068907467   3.23304400933   0.0   1.0
-5.73362016720   2.90973960840   0.0   1.0
-5.09655125974   2.58643520747   0.0   1.0
-4.67183865476   2.37089894018   0.0   1.0
-4.45948235227   2.26313080653   0.0   1.0
-8.76771879697   4.81270102718   0.0   1.0
-8.55896358752   4.69811290749   0.0   1.0
-8.14145316862   4.46893666810   0.0   1.0
-7.51518754026   4.12517230901   0.0   1.0
-6.88892191191   3.78140794993   0.0   1.0
-6.26265628355   3.43764359085   0.0   1.0
-5.63639065520   3.09387923176   0.0   1.0
-5.01012502684   2.75011487268   0.0   1.0
-4.59261460794   2.52093863329   0.0   1.0
-4.38385939849   2.40635051359   0.0   1.0
-8.60727591996   5.09409211824   0.0   1.0
-8.40234077901   4.97280421067   0.0   1.0
-7.99247049711   4.73022839551   0.0   1.0
-7.37766507425   4.36636467278   0.0   1.0
-6.76285965140   4.00250095005   0.0   1.0
-6.14805422854   3.63863722732   0.0   1.0
-5.53324880569   3.27477350458   0.0   1.0
-4.91844338283   2.91090978185   0.0   1.0
-4.50857310093   2.66833396670   0.0   1.0
-4.30363795998   2.54704605912   0.0   1.0
-8.43780498291   5.37014004735   0.0   1.0
-8.23690486427   5.24227957003   0.0   1.0
-7.83510462699   4.98655861540   0.0   1.0
-7.23240427107   4.60297718344   0.0   1.0
-6.62970391514   4.21939575149   0.0   1.0
-6.02700355922   3.83581431954   0.0   1.0
-5.42430320330   3.45223288758   0.0   1.0
-4.82160284738   3.06865145563   0.0   1.0
-4.41980261010   2.81293050099   0.0   1.0
-4.21890249145   2.68507002368   0.0   1.0
-8.25948463752   5.64055585188   0.0   1.0
-8.06283024139   5.50625690302   0.0   1.0
-7.66952144913   5.23765900531   0.0   1.0
-7.07955826073   4.83476215875   0.0   1.0
-6.48959507234   4.43186531219   0.0   1.0
-5.89963188394   4.02896846563   0.0   1.0
-5.30966869555   3.62607161906   0.0   1.0
-4.71970550715   3.22317477250   0.0   1.0
-4.32639671489   2.95457687479   0.0   1.0
-4.12974231876   2.82027792594   0.0   1.0
-8.07250195218   5.90505601522   0.0   1.0
-7.88029952475   5.76445944342   0.0   1.0
-7.49589466988   5.48326629984   0.0   1.0
-6.91928738758   5.06147658447   0.0   1.0
-6.34268010528   4.63968686910   0.0   1.0
-5.76607282299   4.21789715373   0.0   1.0
-5.18946554069   3.79610743835   0.0   1.0
-4.61285825839   3.37431772298   0.0   1.0
-4.22845340352   3.09312457940   0.0   1.0
-4.03625097609   2.95252800761   0.0   1.0
-7.87705140679   6.16336193672   0.0   1.0
-7.68950256377   6.01661522395   0.0   1.0
-7.31440487773   5.72312179839   0.0   1.0
-6.75175834868   5.28288166005   0.0   1.0
-6.18911181962   4.84264152171   0.0   1.0
-5.62646529056   4.40240138337   0.0   1.0
-5.06381876151   3.96216124504   0.0   1.0
-4.50117223245   3.5219211067   0.0   1.0
-4.12607454641   3.22842768114   0.0   1.0
-3.93852570339   3.08168096836   0.0   1.0
-7.67333878591   6.41520320981   0.0   1.0
-7.49064024339   6.26246027624   0.0   1.0
-7.12524315835   5.95697440911   0.0   1.0
-6.57714753078   5.49874560841   0.0   1.0
-6.02905190322   5.04051680771   0.0   1.0
-5.48095627565   4.58228800701   0.0   1.0
-4.93286064809   4.12405920631   0.0   1.0
-4.38476502052   3.66583040561   0.0   1.0
-4.01936793548   3.36034453847   0.0   1.0
-3.83666939296   3.20760160491   0.0   1.0
-7.46157808839   6.66031596783   0.0   1.0
-7.28392146724   6.50173701622   0.0   1.0
-6.92860822493   6.18457911299   0.0   1.0
-6.39563836148   5.70884225814   0.0   1.0
-5.86266849802   5.23310540330   0.0   1.0
-5.32969863456   4.75736854845   0.0   1.0
-4.79672877111   4.28163169361   0.0   1.0
-4.26375890765   3.80589483876   0.0   1.0
-3.90844566535   3.48873693553   0.0   1.0
-3.73078904420   3.33015798392   0.0   1.0
-7.24199141855   6.89844314548   0.0   1.0
-7.06956305145   6.73419449915   0.0   1.0
-6.72470631723   6.40569720651   0.0   1.0
-6.20742121590   5.91295126755   0.0   1.0
-5.69013611458   5.42020532859   0.0   1.0
-5.17285101325   4.92745938963   0.0   1.0
-4.65556591193   4.43471345066   0.0   1.0
-4.13828081060   3.9419675117   0.0   1.0
-3.79342407639   3.61347021906   0.0   1.0
-3.62099570928   3.44922157274   0.0   1.0
-7.01480889599   7.12933480906   0.0   1.0
-6.84778963656   6.95958874218   0.0   1.0
-6.51375111770   6.62009660841   0.0   1.0
-6.01269333942   6.11085840776   0.0   1.0
-5.51163556113   5.60162020712   0.0   1.0
-5.01057778285   5.09238200647   0.0   1.0
-4.50952000456   4.58314380582   0.0   1.0
-4.00846222628   4.07390560518   0.0   1.0
-3.67442370742   3.73441347141   0.0   1.0
-3.50740444799   3.56466740453   0.0   1.0
-6.78026871938   7.35274869476   0.0   1.0
-6.61883374987   7.17768324964   0.0   1.0
-6.29596381085   6.82755235942   0.0   1.0
-5.81165890232   6.30235602408   0.0   1.0
-5.32735399380   5.77715968874   0.0   1.0
-4.84304908527   5.25196335340   0.0   1.0
-4.35874417674   4.72676701806   0.0   1.0
-3.87443926822   4.20157068272   0.0   1.0
-3.55156932920   3.85143979249   0.0   1.0
-3.39013435969   3.67637434738   0.0   1.0
-6.53861703867   7.56845062562   0.0   1.0
-6.38293568060   7.38824942025   0.0   1.0
-6.07157296448   7.02784700951   0.0   1.0
-5.60452889029   6.48724339339   0.0   1.0
-5.13748481610   5.94663977727   0.0   1.0
-4.67044074191   5.40603616116   0.0   1.0
-4.20339666771   4.86543254504   0.0   1.0
-3.73635259352   4.32482892893   0.0   1.0
-3.42498987740   3.96442651818   0.0   1.0
-3.26930851933   3.78422531281   0.0   1.0
-6.29010742714   7.77621450822   0.0   1.0
-6.14034296459   7.59106654374   0.0   1.0
-5.84081403949   7.22077061478   0.0   1.0
-5.39152065184   6.66532672133   0.0   1.0
-4.94222726419   6.10988282789   0.0   1.0
-4.49293387653   5.55443893444   0.0   1.0
-4.04364048888   4.998995041   0.0   1.0
-3.59434710123   4.44355114756   0.0   1.0
-3.29481817612   4.07325521859   0.0   1.0
-3.14505371357   3.88810725411   0.0   1.0
-6.03500038214   7.97582226328   0.0   1.0
-5.89130989685   7.78592173320   0.0   1.0
-5.60392892627   7.40612067305   0.0   1.0
-5.17285747041   6.83641908281   0.0   1.0
-4.74178601454   6.26671749258   0.0   1.0
-4.31071455867   5.69701590234   0.0   1.0
-3.87964310280   5.12731431211   0.0   1.0
-3.44857164694   4.55761272187   0.0   1.0
-3.16119067636   4.17781166172   0.0   1.0
-3.01750019107   3.98791113164   0.0   1.0
-5.77356327836   8.16706426370   0.0   1.0
-5.63609748602   7.97261035266   0.0   1.0
-5.36116590134   7.58370253058   0.0   1.0
-4.94876852431   7.00034079746   0.0   1.0
-4.53637114728   6.41697906433   0.0   1.0
-4.12397377026   5.83361733121   0.0   1.0
-3.71157639323   5.25025559809   0.0   1.0
-3.29917901621   4.66689386497   0.0   1.0
-3.02424743152   4.27798604289   0.0   1.0
-2.88678163918   4.08353213185   0.0   1.0
-5.50607028244   8.34973981817   0.0   1.0
-5.37497337095   8.15093648917   0.0   1.0
-5.11277954798   7.75332983116   0.0   1.0
-4.71948881352   7.15691984415   0.0   1.0
-4.32619807906   6.56050985713   0.0   1.0
-3.93290734460   5.96409987012   0.0   1.0
-3.53961661014   5.36768988311   0.0   1.0
-3.14632587568   4.77127989610   0.0   1.0
-2.88413205270   4.37367323809   0.0   1.0
-2.75303514122   4.17486990909   0.0   1.0
-5.23280219464   8.52365764485   0.0   1.0
-5.1082116662   8.32071341521   0.0   1.0
-4.85903060931   7.91482495594   0.0   1.0
-4.48525902398   7.30599226702   0.0   1.0
-4.11148743865   6.69715957810   0.0   1.0
-3.73771585332   6.08832688918   0.0   1.0
-3.36394426799   5.47949420026   0.0   1.0
-2.99017268265   4.87066151134   0.0   1.0
-2.74099162577   4.46477305207   0.0   1.0
-2.61640109732   4.26182882243   0.0   1.0
-4.9540457599   8.68863554567   0.0   1.0
-4.83609228943   8.48176327078   0.0   1.0
-4.60018534848   8.06801872098   0.0   1.0
-4.24632493706   7.44740189629   0.0   1.0
-3.89246452564   6.82678507160   0.0   1.0
-3.53860411421   6.20616824691   0.0   1.0
-3.18474370279   5.58555142222   0.0   1.0
-2.83088329137   4.96493459753   0.0   1.0
-2.59497635042   4.55119004773   0.0   1.0
-2.47702287995   4.34431777284   0.0   1.0
-4.67009327976   8.84450038372   0.0   1.0
-4.55890058262   8.63391704125   0.0   1.0
-4.33651518835   8.21275035631   0.0   1.0
-4.00293709693   7.5810003289   0.0   1.0
-3.66935900552   6.94925030149   0.0   1.0
-3.33578091411   6.31750027408   0.0   1.0
-3.00220282270   5.68575024667   0.0   1.0
-2.66862473129   5.05400021927   0.0   1.0
-2.44623933702   4.63283353433   0.0   1.0
-2.33504663988   4.42225019186   0.0   1.0
-4.38124247917   8.99108849312   0.0   1.0
-4.27692718205   8.77701495757   0.0   1.0
-4.06829658780   8.34886788646   0.0   1.0
-3.75535069643   7.70664727981   0.0   1.0
-3.44240480506   7.06442667316   0.0   1.0
-3.12945891369   6.42220606651   0.0   1.0
-2.81651302233   5.77998545986   0.0   1.0
-2.50356713096   5.13776485321   0.0   1.0
-2.29493653671   4.70961778211   0.0   1.0
-2.19062123959   4.49554424656   0.0   1.0
-4.08779634190   9.12824615012   0.0   1.0
-3.99046785757   8.91090695607   0.0   1.0
-3.79581088890   8.47622856797   0.0   1.0
-3.50382543591   7.82421098582   0.0   1.0
-3.21183998292   7.17219340367   0.0   1.0
-2.91985452993   6.52017582152   0.0   1.0
-2.62786907693   5.86815823936   0.0   1.0
-2.33588362394   5.21614065721   0.0   1.0
-2.14122665528   4.78146226911   0.0   1.0
-2.04389817095   4.56412307506   0.0   1.0
-3.79006274695   9.25582970715   0.0   1.0
-3.69982315774   9.03545280936   0.0   1.0
-3.51934397931   8.59469901378   0.0   1.0
-3.24862521167   7.93356832042   0.0   1.0
-2.97790644403   7.27243762705   0.0   1.0
-2.70718767639   6.61130693368   0.0   1.0
-2.43646890875   5.95017624031   0.0   1.0
-2.16575014111   5.28904554694   0.0   1.0
-1.98527096269   4.84829175137   0.0   1.0
-1.89503137347   4.62791485358   0.0   1.0
-3.48835398782   9.37370541612   0.0   1.0
-3.40529794049   9.15052195383   0.0   1.0
-3.23918584583   8.70415502925   0.0   1.0
-2.99001770384   8.03460464239   0.0   1.0
-2.74084956185   7.36505425552   0.0   1.0
-2.49168141987   6.69550386866   0.0   1.0
-2.24251327788   6.02595348179   0.0   1.0
-1.99334513589   5.35640309493   0.0   1.0
-1.82723304124   4.91003617035   0.0   1.0
-1.74417699391   4.68685270806   0.0   1.0
-3.18298637202   9.48174930820   0.0   1.0
-3.10720098221   9.25599337229   0.0   1.0
-2.95563020259   8.80448150047   0.0   1.0
-2.72827403316   8.12721369274   0.0   1.0
-2.50091786373   7.44994588501   0.0   1.0
-2.27356169430   6.77267807728   0.0   1.0
-2.04620552487   6.09541026956   0.0   1.0
-1.81884935544   5.41814246183   0.0   1.0
-1.66727857582   4.96663059001   0.0   1.0
-1.59149318601   4.74087465410   0.0   1.0
-2.87428001967   9.57984745955   0.0   1.0
-2.80584478111   9.35175585337   0.0   1.0
-2.66897430398   8.89557264101   0.0   1.0
-2.46366858829   8.21129782247   0.0   1.0
-2.25836287260   7.52702300393   0.0   1.0
-2.05305715691   6.84274818539   0.0   1.0
-1.84775144122   6.15847336685   0.0   1.0
-1.64244572553   5.47419854832   0.0   1.0
-1.50557524840   5.01801533596   0.0   1.0
-1.43714000984   4.78992372978   0.0   1.0
-2.56255915421   9.66789834819   0.0   1.0
-2.50154584101   9.43771029228   0.0   1.0
-2.37951921462   8.97733418046   0.0   1.0
-2.19647927504   8.28677001273   0.0   1.0
-2.01343933545   7.59620584500   0.0   1.0
-1.83039939586   6.90564167728   0.0   1.0
-1.64735945628   6.21507750955   0.0   1.0
-1.46431951669   5.52451334182   0.0   1.0
-1.3422928903   5.06413723000   0.0   1.0
-1.28127957710   4.83394917409   0.0   1.0
-2.24815050129   9.74580895049   0.0   1.0
-2.19462310840   9.51376588024   0.0   1.0
-2.08756832262   9.04967973974   0.0   1.0
-1.92698614396   8.35355052899   0.0   1.0
-1.76640396530   7.65742131824   0.0   1.0
-1.60582178663   6.96129210749   0.0   1.0
-1.44523960797   6.26516289674   0.0   1.0
-1.28465742931   5.56903368599   0.0   1.0
-1.17760264353   5.10494754549   0.0   1.0
-1.12407525064   4.87290447524   0.0   1.0
-1.93138366712   9.81349671722   0.0   1.0
-1.88539834172   9.57984203348   0.0   1.0
-1.79342769090   9.11253266599   0.0   1.0
-1.65547171468   8.41156861476   0.0   1.0
-1.51751573845   7.71060456353   0.0   1.0
-1.37955976223   7.00964051230   0.0   1.0
-1.24160378601   6.30867646107   0.0   1.0
-1.10364780979   5.60771240984   0.0   1.0
-1.01167715897   5.14040304236   0.0   1.0
-0.965691833562   4.90674835861   0.0   1.0
-1.61259109739   9.87089141950   0.0   1.0
-1.57419607126   9.63587019522   0.0   1.0
-1.49740601900   9.16582774668   0.0   1.0
-1.38222094062   8.46076407385   0.0   1.0
-1.26703586223   7.75570040103   0.0   1.0
-1.15185078385   7.05063672821   0.0   1.0
-1.03666570546   6.34557305539   0.0   1.0
-0.921480627077   5.64050938257   0.0   1.0
-0.844690574821   5.17046693402   0.0   1.0
-0.806295548693   4.93544570975   0.0   1.0
-1.29210736433   9.91793426247   0.0   1.0
-1.26134290327   9.68179297051   0.0   1.0
-1.19981398116   9.20951038658   0.0   1.0
-1.10752059800   8.50108651069   0.0   1.0
-1.01522721483   7.7926626348   0.0   1.0
-0.922933831663   7.08423875891   0.0   1.0
-0.830640448497   6.37581488302   0.0   1.0
-0.738347065331   5.66739100713   0.0   1.0
-0.67681814322   5.1951084232   0.0   1.0
-0.646053682164   4.95896713124   0.0   1.0
-0.970268421736   9.95457518226   0.0   1.0
-0.947166792647   9.71756148745   0.0   1.0
-0.900963534469   9.24353409782   0.0   1.0
-0.831658647203   8.53249301337   0.0   1.0
-0.762353759936   7.82145192892   0.0   1.0
-0.693048872669   7.11041084447   0.0   1.0
-0.623743985402   6.39936976003   0.0   1.0
-0.554439098135   5.68832867558   0.0   1.0
-0.508235839957   5.21430128595   0.0   1.0
-0.485134210868   4.97728759113   0.0   1.0
-0.647411499811   9.98077238557   0.0   1.0
-0.631996940292   9.74313494782   0.0   1.0
-0.601167821253   9.26786007231   0.0   1.0
-0.554924142695   8.55494775906   0.0   1.0
-0.508680464137   7.84203544580   0.0   1.0
-0.462436785579   7.12912313255   0.0   1.0
-0.416193107021   6.41621081929   0.0   1.0
-0.369949428463   5.70329850604   0.0   1.0
-0.339120309425   5.22802363054   0.0   1.0
-0.323705749905   4.99038619278   0.0   1.0
-0.323875437496   9.99649714582   0.0   1.0
-0.316164117555   9.75848530901   0.0   1.0
-0.300741477675   9.28246163540   0.0   1.0
-0.277607517853   8.56842612499   0.0   1.0
-0.254473558032   7.85439061457   0.0   1.0
-0.231339598211   7.14035510416   0.0   1.0
-0.20820563839   6.42631959374   0.0   1.0
-0.185071678569   5.71228408333   0.0   1.0
-0.169649038688   5.23626040971   0.0   1.0
-0.161937718748   4.99824857291   0.0   1.0
-0.107958452938   9.99999401780   0.0   1.0
-0.105388013582   9.76189892214   0.0   1.0
-0.100247134871   9.28570873082   0.0   1.0
-0.0925358168037   8.57142344383   0.0   1.0
-0.0848244987367   7.85713815684   0.0   1.0
-0.0771131806698   7.14285286986   0.0   1.0
-0.0694018626028   6.42856758287   0.0   1.0
-0.0616905445358   5.71428229589   0.0   1.0
-0.0565496658245   5.23809210456   0.0   1.0
-0.0539792264688   4.99999700890   0.0   1.0
0.0   10.0   0.0   1.0
0.0   9.76190476190   0.0   1.0
0.0   9.28571428571   0.0   1.0
0.0   8.57142857143   0.0   1.0
0.0   7.85714285714   0.0   1.0
0.0   7.14285714286   0.0   1.0
0.0   6.42857142857   0.0   1.0
0.0   5.71428571429   0.0   1.0
0.0   5.23809523810   0.0   1.0
0.0   5.0   0.0   1.0

------------------------------------------------------------------------------------------
Number of control points  - (u, v, t) - PATCH 0
------------------------------------------------------------------------------------------
100 10 0

------------------------------------------------------------------------------------------
Degree (u,v,t) - PATCH 0
------------------------------------------------------------------------------------------
3 3 0

------------------------------------------------------------------------------------------
KNOT VECTOR (u) - PATCH 0
------------------------------------------------------------------------------------------
0.000000000000000
0.000000000000000
0.000000000000000
0.000000000000000
0.010309278350516
0.020618556701031
0.030927835051546
0.041237113402062
0.051546391752577
0.061855670103093
0.072164948453608
0.082474226804124
0.092783505154639
0.103092783505155
0.113402061855670
0.123711340206186
0.134020618556701
0.144329896907216
0.154639175257732
0.164948453608247
0.175257731958763
0.185567010309278
0.195876288659794
0.206185567010309
0.216494845360825
0.226804123711340
0.237113402061856
0.247422680412371
0.257731958762887
0.268041237113402
0.278350515463918
0.288659793814433
0.298969072164948
0.309278350515464
0.319587628865979
0.329896907216495
0.340206185567010
0.350515463917526
0.360824742268041
0.371134020618557
0.381443298969072
0.391752577319588
0.402061855670103
0.412371134020619
0.422680412371134
0.432989690721649
0.443298969072165
0.453608247422680
0.463917525773196
0.474226804123711
0.484536082474227
0.494845360824742
0.505154639175258
0.515463917525773
0.525773195876289
0.536082474226804
0.546391752577320
0.556701030927835
0.567010309278350
0.577319587628866
0.587628865979381
0.597938144329897
0.608247422680412
0.618556701030928
0.628865979381443
0.639175257731959
0.649484536082474
0.659793814432990
0.670103092783505
0.680412371134021
0.690721649484536
0.701030927835051
0.711340206185567
0.721649484536082
0.731958762886598
0.742268041237113
0.752577319587629
0.762886597938144
0.773195876288660
0.783505154639175
0.793814432989691
0.804123711340206
0.814432989690722
0.824742268041237
0.835051546391753
0.845360824742268
0.855670103092784
0.865979381443299
0.876288659793814
0.886597938144330
0.896907216494845
0.907216494845361
0.917525773195876
0.927835051546392
0.938144329896907
0.948453608247423
0.958762886597938
0.969072164948454
0.979381443298969
0.989690721649485
1.000000000000000
1.000000000000000
1.000000000000000
1.000000000000000

------------------------------------------------------------------------------------------
KNOT VECTOR (v) - PATCH 0
------------------------------------------------------------------------------------------
0.000000000000000
0.000000000000000
0.000000000000000
0.000000000000000
0.142857142857143
0.285714285714286
0.428571428571429
0.571428571428571
0.714285714285714
0.857142857142857
1.000000000000000
1.000000000000000
1.000000000000000
1.000000000000000

------------------------------------------------------------------------------------------
NUMBER OF NEUMMAN BOUNDARY CONDITION
------------------------------------------------------------------------------------------
0

-----------------------------------------------------------------------------------------
CONTROL POINT INDEX    VALUES (X, Y)
------------------------------------------------------------------------------------------

------------------------------------------------------------------------------------------
NUMBER OF DIRICHELET BOUNDARY CONDITION
------------------------------------------------------------------------------------------
0

------------------------------------------------------------------------------------------
CONTROL POINT INDEX    (0-FREE, 1- DISPLACEMENT) VALUES (X, Y)
------------------------------------------------------------------------------------------
  
------------------------------------------------------------------------------------------
NUMBER OF CONTROL POINTS - PATCH 1        
------------------------------------------------------------------------------------------
1000  

------------------------------------------------------------------------------------------
INDEX MATERIAL - PATCH 4
------------------------------------------------------------------------------------------
0 

------------------------------------------------------------------------------------------
THICKNESS - PATCH 1        
------------------------------------------------------------------------------------------
4.  
     
------------------------------------------------------------------------------------------
CONTROL POINTS COORDINATES AND WEIGHT (X,Y,Z,W) - PATCH 1
------------------------------------------------------------------------------------------
-6.12323399574e-16   -10.0   0.0   1.0
-5.97744271012e-16   -9.76190476190   0.0   1.0
-5.6858601389e-16   -9.28571428571   0.0   1.0
-5.24848628206e-16   -8.57142857143   0.0   1.0
-4.81111242522e-16   -7.85714285714   0.0   1.0
-4.37373856838e-16   -7.14285714286   0.0   1.0
-3.93636471155e-16   -6.42857142857   0.0   1.0
-3.49899085471e-16   -5.71428571429   0.0   1.0
-3.20740828348e-16   -5.23809523810   0.0   1.0
-3.06161699787e-16   -5.0   0.0   1.0
0.10795850306   -9.99999992571   0.0   1.0
0.105388062511   -9.76190468939   0.0   1.0
0.100247181413   -9.28571421673   0.0   1.0
0.0925358597658   -8.57142850775   0.0   1.0
0.0848245381186   -7.85714279877   0.0   1.0
0.0771132164715   -7.14285708979   0.0   1.0
0.0694018948243   -6.42857138081   0.0   1.0
0.0616905731772   -5.71428567184   0.0   1.0
0.0565496920791   -5.23809519918   0.0   1.0
0.05397925153   -4.99999996286   0.0   1.0
0.323875514417   -9.99650311380   0.0   1.0
0.316164192645   -9.75849113490   0.0   1.0
0.300741549102   -9.28246717710   0.0   1.0
0.277607583786   -8.56843124040   0.0   1.0
0.254473618471   -7.85439530370   0.0   1.0
0.231339653155   -7.14035936700   0.0   1.0
0.20820568784   -6.42632343030   0.0   1.0
0.185071722524   -5.71228749360   0.0   1.0
0.16964907898   -5.23626353580   0.0   1.0
0.161937757209   -4.99825155690   0.0   1.0
0.64741130229   -9.98077241848   0.0   1.0
0.631996747473   -9.74313497995   0.0   1.0
0.601167637841   -9.26786010288   0.0   1.0
0.554923973391   -8.55494778727   0.0   1.0
0.508680308942   -7.84203547167   0.0   1.0
0.462436644493   -7.12912315606   0.0   1.0
0.416192980043   -6.41621084045   0.0   1.0
0.369949315594   -5.70329852485   0.0   1.0
0.339120205961   -5.22802364778   0.0   1.0
0.323705651145   -4.99038620924   0.0   1.0
0.97026803292   -9.95457342149   0.0   1.0
0.947166413089   -9.7175597686   0.0   1.0
0.900963173426   -9.24353246281   0.0   1.0
0.831658313931   -8.53249150414   0.0   1.0
0.762353454437   -7.82145054546   0.0   1.0
0.693048594943   -7.11040958678   0.0   1.0
0.623743735449   -6.39936862810   0.0   1.0
0.554438875954   -5.68832766942   0.0   1.0
0.508235636291   -5.21430036364   0.0   1.0
0.48513401646   -4.97728671075   0.0   1.0
1.29210714312   -9.91793404337   0.0   1.0
1.26134268733   -9.68179275663   0.0   1.0
1.19981377576   -9.20951018313   0.0   1.0
1.10752040839   -8.50108632289   0.0   1.0
1.01522704102   -7.79266246265   0.0   1.0
0.922933673658   -7.08423860241   0.0   1.0
0.830640306292   -6.37581474217   0.0   1.0
0.738346938926   -5.66739088193   0.0   1.0
0.676818027349   -5.19510830843   0.0   1.0
0.64605357156   -4.95896702169   0.0   1.0
1.61259104671   -9.87089228312   0.0   1.0
1.57419602179   -9.63587103828   0.0   1.0
1.49740597195   -9.16582854861   0.0   1.0
1.38222089718   -8.46076481410   0.0   1.0
1.26703582242   -7.75570107959   0.0   1.0
1.15185074765   -7.05063734508   0.0   1.0
1.03666567289   -6.34557361058   0.0   1.0
0.921480598123   -5.64050987607   0.0   1.0
0.844690548279   -5.17046738640   0.0   1.0
0.806295523357   -4.93544614156   0.0   1.0
1.93138348128   -9.81349676447   0.0   1.0
1.88539816029   -9.57984207960   0.0   1.0
1.79342751833   -9.11253270987   0.0   1.0
1.65547155538   -8.41156865526   0.0   1.0
1.51751559243   -7.71060460066   0.0   1.0
1.37955962948   -7.00964054605   0.0   1.0
1.24160366654   -6.30867649145   0.0   1.0
1.10364770359   -5.60771243684   0.0   1.0
1.01167706162   -5.14040306710   0.0   1.0
0.965691740639   -4.90674838224   0.0   1.0
2.24815002967   -9.74580766460   0.0   1.0
2.19462264802   -9.51376462496   0.0   1.0
2.08756788470   -9.04967854570   0.0   1.0
1.92698573972   -8.35354942680   0.0   1.0
1.76640359474   -7.65742030790   0.0   1.0
1.60582144977   -6.96129118900   0.0   1.0
1.44523930479   -6.26516207010   0.0   1.0
1.28465715981   -5.56903295120   0.0   1.0
1.17760239650   -5.10494687193   0.0   1.0
1.12407501484   -4.87290383230   0.0   1.0
2.56255859114   -9.66789673724   0.0   1.0
2.50154529135   -9.43770871969   0.0   1.0
2.37951869177   -8.97733268458   0.0   1.0
2.19647879240   -8.28676863192   0.0   1.0
2.01343889304   -7.59620457926   0.0   1.0
1.83039899367   -6.90564052660   0.0   1.0
1.64735909430   -6.21507647394   0.0   1.0
1.46431919494   -5.52451242128   0.0   1.0
1.34229259536   -5.06413638618   0.0   1.0
1.28127929557   -4.83394836862   0.0   1.0
2.87427963039   -9.57984649473   0.0   1.0
2.80584440109   -9.35175491152   0.0   1.0
2.66897394250   -8.89557174510   0.0   1.0
2.46366825462   -8.21129699548   0.0   1.0
2.25836256673   -7.52702224586   0.0   1.0
2.05305687885   -6.84274749623   0.0   1.0
1.84775119096   -6.15847274661   0.0   1.0
1.64244550308   -5.47419799699   0.0   1.0
1.50557504449   -5.01801483057   0.0   1.0
1.43713981519   -4.78992324736   0.0   1.0
3.18298630068   -9.48174932756   0.0   1.0
3.10720091257   -9.25599339119   0.0   1.0
2.95563013635   -8.80448151845   0.0   1.0
2.72827397201   -8.12721370933   0.0   1.0
2.50091780768   -7.44994590022   0.0   1.0
2.27356164334   -6.77267809111   0.0   1.0
2.04620547901   -6.09541028200   0.0   1.0
1.81884931467   -5.41814247289   0.0   1.0
1.66727853845   -4.96663060015   0.0   1.0
1.59149315034   -4.74087466378   0.0   1.0
3.48835396024   -9.37370554404   0.0   1.0
3.40529791356   -9.15052207870   0.0   1.0
3.23918582022   -8.70415514803   0.0   1.0
2.99001768020   -8.03460475203   0.0   1.0
2.74084954018   -7.36505435603   0.0   1.0
2.49168140017   -6.69550396003   0.0   1.0
2.24251326015   -6.02595356402   0.0   1.0
1.99334512013   -5.35640316802   0.0   1.0
1.82723302679   -4.91003623735   0.0   1.0
1.74417698012   -4.68685277202   0.0   1.0
3.79006269518   -9.25582977514   0.0   1.0
3.69982310720   -9.03545287573   0.0   1.0
3.51934393124   -8.59469907691   0.0   1.0
3.24862516730   -7.93356837869   0.0   1.0
2.97790640336   -7.27243768046   0.0   1.0
2.70718763942   -6.61130698224   0.0   1.0
2.43646887547   -5.95017628402   0.0   1.0
2.16575011153   -5.28904558579   0.0   1.0
1.98527093557   -4.84829178698   0.0   1.0
1.89503134759   -4.62791488757   0.0   1.0
4.08779633399   -9.12824632012   0.0   1.0
3.99046784985   -8.91090712202   0.0   1.0
3.79581088156   -8.47622872582   0.0   1.0
3.50382542914   -7.82421113153   0.0   1.0
3.21183997671   -7.17219353724   0.0   1.0
2.91985452428   -6.52017594294   0.0   1.0
2.62786907185   -5.86815834865   0.0   1.0
2.33588361942   -5.21614075435   0.0   1.0
2.14122665114   -4.78146235816   0.0   1.0
2.04389816700   -4.56412316006   0.0   1.0
4.38124243504   -8.99108857668   0.0   1.0
4.27692713897   -8.77701503914   0.0   1.0
4.06829654682   -8.34886796406   0.0   1.0
3.75535065860   -7.70664735144   0.0   1.0
3.44240477039   -7.06442673882   0.0   1.0
3.12945888217   -6.42220612620   0.0   1.0
2.81651299395   -5.77998551358   0.0   1.0
2.50356710574   -5.13776490096   0.0   1.0
2.29493651359   -4.70961782588   0.0   1.0
2.19062121752   -4.49554428834   0.0   1.0
4.67009294507   -8.84449988778   0.0   1.0
4.55890025591   -8.63391655712   0.0   1.0
4.33651487757   -8.21274989580   0.0   1.0
4.00293681006   -7.58099990381   0.0   1.0
3.66935874256   -6.94924991183   0.0   1.0
3.33578067505   -6.31749991984   0.0   1.0
3.00220260755   -5.68574992786   0.0   1.0
2.66862454004   -5.05399993587   0.0   1.0
2.44623916171   -4.63283327455   0.0   1.0
2.33504647254   -4.42224994389   0.0   1.0
4.95404503606   -8.68863434518   0.0   1.0
4.83609158282   -8.48176209886   0.0   1.0
4.60018467634   -8.06801760623   0.0   1.0
4.24632431662   -7.44740086729   0.0   1.0
3.89246395690   -6.82678412835   0.0   1.0
3.53860359719   -6.20616738941   0.0   1.0
3.18474323747   -5.58555065047   0.0   1.0
2.83088287775   -4.96493391153   0.0   1.0
2.59497597127   -4.55118941890   0.0   1.0
2.47702251803   -4.34431717259   0.0   1.0
5.23280141777   -8.52365637033   0.0   1.0
5.10821090783   -8.32071217104   0.0   1.0
4.85902988793   -7.91482377245   0.0   1.0
4.48525835809   -7.30599117457   0.0   1.0
4.11148682825   -6.69715857669   0.0   1.0
3.73771529841   -6.08832597881   0.0   1.0
3.36394376857   -5.47949338093   0.0   1.0
2.99017223873   -4.87066078305   0.0   1.0
2.74099121883   -4.46477238446   0.0   1.0
2.61640070889   -4.26182818517   0.0   1.0
5.50606999306   -8.34973932207   0.0   1.0
5.37497308847   -8.15093600488   0.0   1.0
5.11277927927   -7.75332937050   0.0   1.0
4.71948856548   -7.15691941892   0.0   1.0
4.32619785169   -6.56050946734   0.0   1.0
3.93290713790   -5.96409951577   0.0   1.0
3.53961642411   -5.36768956419   0.0   1.0
3.14632571032   -4.77127961261   0.0   1.0
2.88413190113   -4.37367297823   0.0   1.0
2.75303499653   -4.17486966104   0.0   1.0
5.77356355637   -8.16706458548   0.0   1.0
5.63609775741   -7.97261066677   0.0   1.0
5.36116615949   -7.58370282937   0.0   1.0
4.94876876260   -7.00034107327   0.0   1.0
4.53637136572   -6.41697931716   0.0   1.0
4.12397396884   -5.83361756105   0.0   1.0
3.71157657195   -5.25025580495   0.0   1.0
3.29917917507   -4.66689404884   0.0   1.0
3.02424757715   -4.27798621144   0.0   1.0
2.88678177819   -4.08353229274   0.0   1.0
6.03500048182   -7.97582233151   0.0   1.0
5.89130999416   -7.78592179981   0.0   1.0
5.60392901884   -7.40612073640   0.0   1.0
5.17285755585   -6.83641914130   0.0   1.0
4.74178609286   -6.26671754619   0.0   1.0
4.31071462987   -5.69701595108   0.0   1.0
3.87964316689   -5.12731435597   0.0   1.0
3.44857170390   -4.55761276086   0.0   1.0
3.16119072857   -4.17781169746   0.0   1.0
3.01750024091   -3.98791116576   0.0   1.0
6.29010741944   -7.77621444322   0.0   1.0
6.14034295707   -7.59106648029   0.0   1.0
5.84081403234   -7.22077055442   0.0   1.0
5.39152064524   -6.66532666562   0.0   1.0
4.94222725813   -6.10988277682   0.0   1.0
4.49293387103   -5.55443888801   0.0   1.0
4.04364048393   -4.99899499921   0.0   1.0
3.59434709682   -4.44355111041   0.0   1.0
3.29481817209   -4.07325518454   0.0   1.0
3.14505370972   -3.88810722161   0.0   1.0
6.53861703639   -7.56845056846   0.0   1.0
6.38293567838   -7.38824936445   0.0   1.0
6.07157296237   -7.02784695642   0.0   1.0
5.60452888834   -6.48724334439   0.0   1.0
5.13748481431   -5.94663973236   0.0   1.0
4.67044074028   -5.40603612033   0.0   1.0
4.20339666625   -4.86543250829   0.0   1.0
3.73635259223   -4.32482889626   0.0   1.0
3.42498987621   -3.96442648824   0.0   1.0
3.26930851820   -3.78422528423   0.0   1.0
6.78026874582   -7.35274866930   0.0   1.0
6.61883377568   -7.17768322480   0.0   1.0
6.29596383541   -6.82755233578   0.0   1.0
5.81165892499   -6.30235600226   0.0   1.0
5.32735401458   -5.77715966874   0.0   1.0
4.84304910416   -5.25196333522   0.0   1.0
4.35874419374   -4.72676700169   0.0   1.0
3.87443928333   -4.20157066817   0.0   1.0
3.55156934305   -3.85143977916   0.0   1.0
3.39013437291   -3.67637433465   0.0   1.0
7.01480892945   -7.12933479060   0.0   1.0
6.84778966922   -6.95958872415   0.0   1.0
6.51375114877   -6.62009659127   0.0   1.0
6.01269336810   -6.11085839194   0.0   1.0
5.51163558742   -5.60162019261   0.0   1.0
5.01057780675   -5.09238199328   0.0   1.0
4.50952002607   -4.58314379396   0.0   1.0
4.00846224540   -4.07390559463   0.0   1.0
3.67442372495   -3.73441346174   0.0   1.0
3.50740446472   -3.56466739530   0.0   1.0
7.24199145323   -6.89844312819   0.0   1.0
7.06956308529   -6.73419448228   0.0   1.0
6.72470634943   -6.40569719046   0.0   1.0
6.20742124562   -5.91295125273   0.0   1.0
5.69013614182   -5.42020531501   0.0   1.0
5.17285103802   -4.92745937728   0.0   1.0
4.65556593422   -4.43471343955   0.0   1.0
4.13828083042   -3.94196750182   0.0   1.0
3.79342409455   -3.61347021000   0.0   1.0
3.62099572661   -3.44922156409   0.0   1.0
7.46157812707   -6.66031595452   0.0   1.0
7.28392150500   -6.50173700322   0.0   1.0
6.92860826085   -6.18457910062   0.0   1.0
6.39563839464   -5.70884224673   0.0   1.0
5.86266852842   -5.23310539283   0.0   1.0
5.32969866220   -4.75736853894   0.0   1.0
4.79672879598   -4.28163168505   0.0   1.0
4.26375892976   -3.80589483115   0.0   1.0
3.90844568561   -3.48873692856   0.0   1.0
3.73078906354   -3.33015797726   0.0   1.0
7.67333879792   -6.41520317249   0.0   1.0
7.49064025511   -6.26246023981   0.0   1.0
7.12524316950   -5.95697437446   0.0   1.0
6.57714754107   -5.49874557642   0.0   1.0
6.02905191265   -5.04051677839   0.0   1.0
5.48095628423   -4.58228798035   0.0   1.0
4.93286065581   -4.12405918232   0.0   1.0
4.38476502738   -3.66583038428   0.0   1.0
4.01936794177   -3.36034451892   0.0   1.0
3.83666939896   -3.20760158625   0.0   1.0
7.87705134762   -6.16336184172   0.0   1.0
7.68950250601   -6.01661513120   0.0   1.0
7.31440482279   -5.72312171017   0.0   1.0
6.75175829796   -5.28288157862   0.0   1.0
6.18911177313   -4.84264144707   0.0   1.0
5.62646524830   -4.40240131551   0.0   1.0
5.06381872347   -3.96216118396   0.0   1.0
4.50117219864   -3.52192105241   0.0   1.0
4.12607451542   -3.22842763138   0.0   1.0
3.93852567381   -3.08168092086   0.0   1.0
8.07250191407   -5.90505594237   0.0   1.0
7.88029948754   -5.76445937231   0.0   1.0
7.49589463449   -5.4832662322   0.0   1.0
6.91928735492   -5.06147652203   0.0   1.0
6.34268007534   -4.63968681186   0.0   1.0
5.76607279576   -4.21789710169   0.0   1.0
5.18946551619   -3.79610739152   0.0   1.0
4.61285823661   -3.37431768135   0.0   1.0
4.22845338356   -3.09312454124   0.0   1.0
4.03625095703   -2.95252797118   0.0   1.0
8.25948513262   -5.64055615427   0.0   1.0
8.06283072470   -5.50625719822   0.0   1.0
7.66952190886   -5.23765928611   0.0   1.0
7.07955868510   -4.83476241795   0.0   1.0
6.48959546135   -4.43186554978   0.0   1.0
5.89963223759   -4.02896868162   0.0   1.0
5.30966901383   -3.62607181346   0.0   1.0
4.71970579007   -3.22317494530   0.0   1.0
4.32639697423   -2.95457703319   0.0   1.0
4.12974256631   -2.82027807713   0.0   1.0
8.43780517962   -5.37014014066   0.0   1.0
8.23690505630   -5.24227966112   0.0   1.0
7.83510480965   -4.98655870204   0.0   1.0
7.23240443968   -4.60297726342   0.0   1.0
6.62970406970   -4.21939582480   0.0   1.0
6.02700369973   -3.83581438619   0.0   1.0
5.42430332976   -3.45223294757   0.0   1.0
4.82160295978   -3.06865150895   0.0   1.0
4.41980271313   -2.81293054987   0.0   1.0
4.21890258981   -2.68507007033   0.0   1.0
8.60727523829   -5.09409167258   0.0   1.0
8.40234011357   -4.97280377562   0.0   1.0
7.99246986413   -4.73022798168   0.0   1.0
7.37766448996   -4.36636429079   0.0   1.0
6.76285911580   -4.00250059989   0.0   1.0
6.14805374164   -3.63863690899   0.0   1.0
5.53324836747   -3.27477321809   0.0   1.0
4.91844299331   -2.91090952719   0.0   1.0
4.50857274387   -2.66833373326   0.0   1.0
4.30363761914   -2.54704583629   0.0   1.0
8.76771766481   -4.81270033300   0.0   1.0
8.55896248231   -4.69811222983   0.0   1.0
8.14145211732   -4.46893602350   0.0   1.0
7.51518656984   -4.12517171400   0.0   1.0
6.88892102235   -3.78140740450   0.0   1.0
6.26265547486   -3.43764309500   0.0   1.0
5.63638992738   -3.09387878550   0.0   1.0
5.01012437989   -2.75011447600   0.0   1.0
4.5926140149   -2.52093826967   0.0   1.0
4.38385883240   -2.40635016650   0.0   1.0
8.91896399950   -4.52626115080   0.0   1.0
8.70660771379   -4.41849302816   0.0   1.0
8.28189514239   -4.20295678288   0.0   1.0
7.64482628528   -3.87965241497   0.0   1.0
7.00775742818   -3.55634804705   0.0   1.0
6.37068857107   -3.23304367914   0.0   1.0
5.73361971396   -2.90973931123   0.0   1.0
5.09655085685   -2.58643494331   0.0   1.0
4.67183828545   -2.37089869804   0.0   1.0
4.45948199975   -2.26313057540   0.0   1.0
9.06085544967   -4.23507448349   0.0   1.0
8.84512079611   -4.13423937674   0.0   1.0
8.41365148898   -3.93256916324   0.0   1.0
7.76644752829   -3.63006384299   0.0   1.0
7.11924356760   -3.32755852275   0.0   1.0
6.47203960691   -3.02505320250   0.0   1.0
5.82483564622   -2.72254788225   0.0   1.0
5.17763168553   -2.42004256200   0.0   1.0
4.74616237840   -2.21837234850   0.0   1.0
4.53042772484   -2.11753724175   0.0   1.0
9.19324335096   -3.93944582879   0.0   1.0
8.97435660451   -3.84564949954   0.0   1.0
8.53658311161   -3.65805684102   0.0   1.0
7.87992287226   -3.37666785325   0.0   1.0
7.2232626329   -3.09527886548   0.0   1.0
6.56660239355   -2.81388987771   0.0   1.0
5.90994215419   -2.53250088994   0.0   1.0
5.25328191484   -2.25111190217   0.0   1.0
4.81550842193   -2.06351924365   0.0   1.0
4.59662167548   -1.96972291440   0.0   1.0
9.31598907085   -3.63968534783   0.0   1.0
9.09417980726   -3.55302617288   0.0   1.0
8.65056128007   -3.37970782298   0.0   1.0
7.98513348930   -3.11973029814   0.0   1.0
7.31970569852   -2.85975277329   0.0   1.0
6.65427790775   -2.59977524845   0.0   1.0
5.98885011697   -2.33979772360   0.0   1.0
5.32342232620   -2.07982019876   0.0   1.0
4.87980379902   -1.90650184886   0.0   1.0
4.65799453542   -1.81984267391   0.0   1.0
9.42896377834   -3.33610739418   0.0   1.0
9.20446464076   -3.25667626575   0.0   1.0
8.75546636560   -3.09781400888   0.0   1.0
8.08196895286   -2.85952062359   0.0   1.0
7.40847154013   -2.62122723829   0.0   1.0
6.73497412739   -2.38293385299   0.0   1.0
6.06147671465   -2.14464046769   0.0   1.0
5.38797930191   -1.90634708239   0.0   1.0
4.93898102675   -1.74748482552   0.0   1.0
4.71448188917   -1.66805369709   0.0   1.0
9.53204866186   -3.02903025099   0.0   1.0
9.30509512230   -2.95691048311   0.0   1.0
8.85118804316   -2.81267094735   0.0   1.0
8.17032742446   -2.59631164371   0.0   1.0
7.48946680575   -2.37995234007   0.0   1.0
6.80860618705   -2.16359303642   0.0   1.0
6.12774556834   -1.94723373278   0.0   1.0
5.44688494964   -1.73087442914   0.0   1.0
4.9929778705   -1.58663489338   0.0   1.0
4.76602433093   -1.51451512550   0.0   1.0
9.62513459710   -2.71877572639   0.0   1.0
9.39596472574   -2.654042971   0.0   1.0
8.93762498302   -2.52457746022   0.0   1.0
8.25011536895   -2.33037919405   0.0   1.0
7.56260575487   -2.13618092788   0.0   1.0
6.87509614079   -1.94198266171   0.0   1.0
6.18758652671   -1.74778439554   0.0   1.0
5.50007691263   -1.55358612937   0.0   1.0
5.04173716991   -1.42412061859   0.0   1.0
4.81256729855   -1.35938786320   0.0   1.0
9.70812583026   -2.40566982154   0.0   1.0
9.47697997716   -2.34839196865   0.0   1.0
9.01468827095   -2.23383626286   0.0   1.0
8.32125071165   -2.06200270418   0.0   1.0
7.62781315235   -1.8901691455   0.0   1.0
6.93437559304   -1.71833558682   0.0   1.0
6.24093803374   -1.54650202814   0.0   1.0
5.54750047443   -1.37466846945   0.0   1.0
5.08520876823   -1.26011276367   0.0   1.0
4.85406291513   -1.20283491077   0.0   1.0
9.78093575263   -2.09004097158   0.0   1.0
9.54805632995   -2.04027809131   0.0   1.0
9.08229748459   -1.94075233076   0.0   1.0
8.38365921654   -1.79146368993   0.0   1.0
7.68502094850   -1.64217504910   0.0   1.0
6.98638268045   -1.49288640827   0.0   1.0
6.28774441241   -1.34359776745   0.0   1.0
5.58910614436   -1.19430912662   0.0   1.0
5.12334729900   -1.09478336607   0.0   1.0
4.89046787632   -1.04502048579   0.0   1.0
9.84348680584   -1.77221990764   0.0   1.0
9.60911807237   -1.73002419556   0.0   1.0
9.14038060543   -1.64563277138   0.0   1.0
8.43727440501   -1.51904563512   0.0   1.0
7.73416820459   -1.39245849886   0.0   1.0
7.03106200417   -1.26587136260   0.0   1.0
6.32795580376   -1.13928422634   0.0   1.0
5.62484960334   -1.01269709008   0.0   1.0
5.15611213639   -0.928305665908   0.0   1.0
4.92174340292   -0.886109953821   0.0   1.0
9.89571216164   -1.45253979091   0.0   1.0
9.66009996731   -1.41795551017   0.0   1.0
9.18887557866   -1.34878694870   0.0   1.0
8.48203899569   -1.24503410649   0.0   1.0
7.77520241271   -1.14128126429   0.0   1.0
7.06836582974   -1.03752842208   0.0   1.0
6.36152924677   -0.93377557987   0.0   1.0
5.65469266379   -0.830022737662   0.0   1.0
5.18346827514   -0.76085417619   0.0   1.0
4.94785608082   -0.726269895454   0.0   1.0
9.93755728569   -1.13133604519   0.0   1.0
9.70094877889   -1.10439947269   0.0   1.0
9.22773176528   -1.05052632768   0.0   1.0
8.51790624488   -0.969716610163   0.0   1.0
7.80808072447   -0.888906892649   0.0   1.0
7.09825520406   -0.808097175136   0.0   1.0
6.38842968366   -0.727287457622   0.0   1.0
5.67860416325   -0.646477740108   0.0   1.0
5.20538714965   -0.592604595099   0.0   1.0
4.96877864284   -0.565668022595   0.0   1.0
9.96897971523   -0.808945777924   0.0   1.0
9.73162305535   -0.789685164164   0.0   1.0
9.25690973557   -0.751163936644   0.0   1.0
8.54483975592   -0.693382095363   0.0   1.0
7.83276977626   -0.635600254083   0.0   1.0
7.12069979660   -0.577818412803   0.0   1.0
6.40862981694   -0.520036571522   0.0   1.0
5.69655983728   -0.462254730242   0.0   1.0
5.22184651750   -0.423733502722   0.0   1.0
4.98448985762   -0.404472888962   0.0   1.0
9.98994732551   -0.485707146772   0.0   1.0
9.75209143681   -0.474142690896   0.0   1.0
9.27637965940   -0.451013779145   0.0   1.0
8.56281199330   -0.416320411519   0.0   1.0
7.84924432719   -0.381627043892   0.0   1.0
7.13567666108   -0.346933676266   0.0   1.0
6.42210899497   -0.312240308639   0.0   1.0
5.70854132886   -0.277546941013   0.0   1.0
5.23282955146   -0.254418029261   0.0   1.0
4.99497366276   -0.242853573386   0.0   1.0
10.0004372140   -0.161959058407   0.0   1.0
9.76233156608   -0.15810289035   0.0   1.0
9.28612027018   -0.150390554235   0.0   1.0
8.57180332632   -0.138822050063   0.0   1.0
7.85748638246   -0.127253545891   0.0   1.0
7.14316943860   -0.115685041719   0.0   1.0
6.42885249474   -0.104116537547   0.0   1.0
5.71453555088   -0.0925480333755   0.0   1.0
5.23832425497   -0.0848356972609   0.0   1.0
5.00021860702   -0.0809795292036   0.0   1.0
10.0004368896   0.161958934847   0.0   1.0
9.76233124942   0.158102769732   0.0   1.0
9.28611996896   0.150390439501   0.0   1.0
8.57180304827   0.138821944155   0.0   1.0
7.85748612758   0.127253448808   0.0   1.0
7.14316920689   0.115684953462   0.0   1.0
6.42885228620   0.104116458116   0.0   1.0
5.71453536551   0.0925479627697   0.0   1.0
5.23832408505   0.0848356325389   0.0   1.0
5.00021844482   0.0809794674235   0.0   1.0
9.98994669810   0.48570701172   0.0   1.0
9.75209082433   0.47414255906   0.0   1.0
9.27637907680   0.45101365374   0.0   1.0
8.56281145551   0.41632029576   0.0   1.0
7.84924383422   0.38162693778   0.0   1.0
7.13567621293   0.3469335798   0.0   1.0
6.42210859163   0.31224022182   0.0   1.0
5.70854097034   0.27754686384   0.0   1.0
5.23282922281   0.25441795852   0.0   1.0
4.99497334905   0.24285350586   0.0   1.0
9.96897865217   0.808945617405   0.0   1.0
9.73162201759   0.789685007466   0.0   1.0
9.25690874844   0.75116378759   0.0   1.0
8.54483884471   0.693381957775   0.0   1.0
7.83276894099   0.635600127961   0.0   1.0
7.12069903726   0.577818298146   0.0   1.0
6.40862913354   0.520036468331   0.0   1.0
5.69655922981   0.462254638517   0.0   1.0
5.22184596066   0.42373341864   0.0   1.0
4.98448932608   0.404472808702   0.0   1.0
9.93755548243   1.13133581325   0.0   1.0
9.70094701857   1.10439924626   0.0   1.0
9.22773009083   1.0505261123   0.0   1.0
8.51790469923   0.969716411354   0.0   1.0
7.80807930763   0.888906710408   0.0   1.0
7.09825391602   0.808097009462   0.0   1.0
6.38842852442   0.727287308516   0.0   1.0
5.67860313282   0.646477607569   0.0   1.0
5.20538620508   0.592604473605   0.0   1.0
4.96877774122   0.565667906623   0.0   1.0
9.89570994509   1.45253949878   0.0   1.0
9.66009780354   1.41795522500   0.0   1.0
9.18887352044   1.34878667744   0.0   1.0
8.48203709580   1.24503385610   0.0   1.0
7.77520067115   1.14128103476   0.0   1.0
7.06836424650   1.03752821342   0.0   1.0
6.36152782185   0.933775392075   0.0   1.0
5.65469139720   0.830022570734   0.0   1.0
5.18346711410   0.760854023173   0.0   1.0
4.94785497255   0.726269749392   0.0   1.0
9.8434852199   1.77221971027   0.0   1.0
9.60911652419   1.73002400288   0.0   1.0
9.14037913276   1.64563258811   0.0   1.0
8.43727304563   1.51904546595   0.0   1.0
7.73416695849   1.39245834379   0.0   1.0
7.03106087136   1.26587122162   0.0   1.0
6.32795478422   1.13928409946   0.0   1.0
5.62484869709   1.01269697730   0.0   1.0
5.15611130566   0.928305562523   0.0   1.0
4.92174260995   0.886109855136   0.0   1.0
9.78093559992   2.09004105386   0.0   1.0
9.54805618087   2.04027817163   0.0   1.0
9.08229734278   1.94075240716   0.0   1.0
8.38365908564   1.79146376045   0.0   1.0
7.68502082851   1.64217511375   0.0   1.0
6.98638257137   1.49288646704   0.0   1.0
6.28774431423   1.34359782034   0.0   1.0
5.58910605710   1.19430917363   0.0   1.0
5.12334721901   1.09478340916   0.0   1.0
4.89046779996   1.04502052693   0.0   1.0
9.70812667938   2.40567014285   0.0   1.0
9.47698080606   2.34839228230   0.0   1.0
9.01468905942   2.23383656122   0.0   1.0
8.32125143947   2.06200297958   0.0   1.0
7.62781381951   1.89016939795   0.0   1.0
6.93437619955   1.71833581632   0.0   1.0
6.24093857960   1.54650223469   0.0   1.0
5.54750095964   1.37466865306   0.0   1.0
5.08520921301   1.26011293197   0.0   1.0
4.85406333969   1.20283507142   0.0   1.0
9.62513506335   2.71877595846   0.0   1.0
9.39596518089   2.65404319754   0.0   1.0
8.93762541597   2.52457767571   0.0   1.0
8.25011576859   2.33037939296   0.0   1.0
7.56260612121   2.13618111022   0.0   1.0
6.87509647382   1.94198282747   0.0   1.0
6.18758682644   1.74778454472   0.0   1.0
5.50007717906   1.55358626197   0.0   1.0
5.04173741414   1.42412074014   0.0   1.0
4.81256753168   1.35938797923   0.0   1.0
9.53204808180   3.02903016251   0.0   1.0
9.30509455605   2.95691039674   0.0   1.0
8.85118750453   2.81267086519   0.0   1.0
8.17032692726   2.59631156787   0.0   1.0
7.48946634999   2.37995227054   0.0   1.0
6.80860577272   2.16359297322   0.0   1.0
6.12774519544   1.9472336759   0.0   1.0
5.44688461817   1.73087437858   0.0   1.0
4.99297756666   1.58663484703   0.0   1.0
4.76602404090   1.51451508126   0.0   1.0
9.42896368602   3.33610746298   0.0   1.0
9.20446455064   3.25667633291   0.0   1.0
8.75546627988   3.09781407277   0.0   1.0
8.08196887374   2.85952068256   0.0   1.0
7.40847146759   2.62122729234   0.0   1.0
6.73497406145   2.38293390213   0.0   1.0
6.06147665530   2.14464051192   0.0   1.0
5.38797924916   1.90634712171   0.0   1.0
4.93898097839   1.74748486156   0.0   1.0
4.71448184301   1.66805373149   0.0   1.0
9.31598897885   3.63968542359   0.0   1.0
9.09417971744   3.55302624684   0.0   1.0
8.65056119464   3.37970789334   0.0   1.0
7.98513341044   3.11973036308   0.0   1.0
7.31970562624   2.85975283282   0.0   1.0
6.65427784203   2.59977530257   0.0   1.0
5.98885005783   2.33979777231   0.0   1.0
5.32342227363   2.07982024205   0.0   1.0
4.87980375082   1.90650188855   0.0   1.0
4.65799448942   1.81984271180   0.0   1.0
9.19324303012   3.93944580784   0.0   1.0
8.97435629131   3.84564947908   0.0   1.0
8.53658281369   3.65805682157   0.0   1.0
7.87992259725   3.37666783529   0.0   1.0
7.22326238081   3.09527884902   0.0   1.0
6.56660216437   2.81388986274   0.0   1.0
5.90994194794   2.53250087647   0.0   1.0
5.2532817315   2.25111189020   0.0   1.0
4.81550825387   2.06351923268   0.0   1.0
4.59662151506   1.96972290392   0.0   1.0
9.06085540481   4.23507458099   0.0   1.0
8.84512075231   4.13423947192   0.0   1.0
8.41365144732   3.93256925378   0.0   1.0
7.76644748984   3.63006392656   0.0   1.0
7.11924353235   3.32755859935   0.0   1.0
6.47203957486   3.02505327214   0.0   1.0
5.82483561738   2.72254794492   0.0   1.0
5.17763165989   2.42004261771   0.0   1.0
4.74616235490   2.21837239957   0.0   1.0
4.53042770240   2.11753729050   0.0   1.0
8.91896470454   4.52626161307   0.0   1.0
8.70660840205   4.41849347942   0.0   1.0
8.28189579707   4.20295721213   0.0   1.0
7.64482688961   3.87965281120   0.0   1.0
7.00775798214   3.55634841027   0.0   1.0
6.37068907467   3.23304400933   0.0   1.0
5.73362016720   2.90973960840   0.0   1.0
5.09655125974   2.58643520747   0.0   1.0
4.67183865476   2.37089894018   0.0   1.0
4.45948235227   2.26313080653   0.0   1.0
8.76771879697   4.81270102718   0.0   1.0
8.55896358752   4.69811290749   0.0   1.0
8.14145316862   4.46893666810   0.0   1.0
7.51518754026   4.12517230901   0.0   1.0
6.88892191191   3.78140794993   0.0   1.0
6.26265628355   3.43764359085   0.0   1.0
5.63639065520   3.09387923176   0.0   1.0
5.01012502684   2.75011487268   0.0   1.0
4.59261460794   2.52093863329   0.0   1.0
4.38385939849   2.40635051359   0.0   1.0
8.60727591996   5.09409211824   0.0   1.0
8.40234077901   4.97280421067   0.0   1.0
7.99247049711   4.73022839551   0.0   1.0
7.37766507425   4.36636467278   0.0   1.0
6.76285965140   4.00250095005   0.0   1.0
6.14805422854   3.63863722732   0.0   1.0
5.53324880569   3.27477350458   0.0   1.0
4.91844338283   2.91090978185   0.0   1.0
4.50857310093   2.66833396670   0.0   1.0
4.30363795998   2.54704605912   0.0   1.0
8.43780498291   5.37014004735   0.0   1.0
8.23690486427   5.24227957003   0.0   1.0
7.83510462699   4.98655861540   0.0   1.0
7.23240427107   4.60297718344   0.0   1.0
6.62970391514   4.21939575149   0.0   1.0
6.02700355922   3.83581431954   0.0   1.0
5.42430320330   3.45223288758   0.0   1.0
4.82160284738   3.06865145563   0.0   1.0
4.41980261010   2.81293050099   0.0   1.0
4.21890249145   2.68507002368   0.0   1.0
8.25948463752   5.64055585188   0.0   1.0
8.06283024139   5.50625690302   0.0   1.0
7.66952144913   5.23765900531   0.0   1.0
7.07955826073   4.83476215875   0.0   1.0
6.48959507234   4.43186531219   0.0   1.0
5.89963188394   4.02896846563   0.0   1.0
5.30966869555   3.62607161906   0.0   1.0
4.71970550715   3.22317477250   0.0   1.0
4.32639671489   2.95457687479   0.0   1.0
4.12974231876   2.82027792594   0.0   1.0
8.07250195218   5.90505601522   0.0   1.0
7.88029952475   5.76445944342   0.0   1.0
7.49589466988   5.48326629984   0.0   1.0
6.91928738758   5.06147658447   0.0   1.0
6.34268010528   4.63968686910   0.0   1.0
5.76607282299   4.21789715373   0.0   1.0
5.18946554069   3.79610743835   0.0   1.0
4.61285825839   3.37431772298   0.0   1.0
4.22845340352   3.09312457940   0.0   1.0
4.03625097609   2.95252800761   0.0   1.0
7.87705140679   6.16336193672   0.0   1.0
7.68950256377   6.01661522395   0.0   1.0
7.31440487773   5.72312179839   0.0   1.0
6.75175834868   5.28288166005   0.0   1.0
6.18911181962   4.84264152171   0.0   1.0
5.62646529056   4.40240138337   0.0   1.0
5.06381876151   3.96216124504   0.0   1.0
4.50117223245   3.5219211067   0.0   1.0
4.12607454641   3.22842768114   0.0   1.0
3.93852570339   3.08168096836   0.0   1.0
7.67333878591   6.41520320981   0.0   1.0
7.49064024339   6.26246027624   0.0   1.0
7.12524315835   5.95697440911   0.0   1.0
6.57714753078   5.49874560841   0.0   1.0
6.02905190322   5.04051680771   0.0   1.0
5.48095627565   4.58228800701   0.0   1.0
4.93286064809   4.12405920631   0.0   1.0
4.38476502052   3.66583040561   0.0   1.0
4.01936793548   3.36034453847   0.0   1.0
3.83666939296   3.20760160491   0.0   1.0
7.46157808839   6.66031596783   0.0   1.0
7.28392146724   6.50173701622   0.0   1.0
6.92860822493   6.18457911299   0.0   1.0
6.39563836148   5.70884225814   0.0   1.0
5.86266849802   5.23310540330   0.0   1.0
5.32969863456   4.75736854845   0.0   1.0
4.79672877111   4.28163169361   0.0   1.0
4.26375890765   3.80589483876   0.0   1.0
3.90844566535   3.48873693553   0.0   1.0
3.73078904420   3.33015798392   0.0   1.0
7.24199141855   6.89844314548   0.0   1.0
7.06956305145   6.73419449915   0.0   1.0
6.72470631723   6.40569720651   0.0   1.0
6.20742121590   5.91295126755   0.0   1.0
5.69013611458   5.42020532859   0.0   1.0
5.17285101325   4.92745938963   0.0   1.0
4.65556591193   4.43471345066   0.0   1.0
4.13828081060   3.9419675117   0.0   1.0
3.79342407639   3.61347021906   0.0   1.0
3.62099570928   3.44922157274   0.0   1.0
7.01480889599   7.12933480906   0.0   1.0
6.84778963656   6.95958874218   0.0   1.0
6.51375111770   6.62009660841   0.0   1.0
6.01269333942   6.11085840776   0.0   1.0
5.51163556113   5.60162020712   0.0   1.0
5.01057778285   5.09238200647   0.0   1.0
4.50952000456   4.58314380582   0.0   1.0
4.00846222628   4.07390560518   0.0   1.0
3.67442370742   3.73441347141   0.0   1.0
3.50740444799   3.56466740453   0.0   1.0
6.78026871938   7.35274869476   0.0   1.0
6.61883374987   7.17768324964   0.0   1.0
6.29596381085   6.82755235942   0.0   1.0
5.81165890232   6.30235602408   0.0   1.0
5.32735399380   5.77715968874   0.0   1.0
4.84304908527   5.25196335340   0.0   1.0
4.35874417674   4.72676701806   0.0   1.0
3.87443926822   4.20157068272   0.0   1.0
3.55156932920   3.85143979249   0.0   1.0
3.39013435969   3.67637434738   0.0   1.0
6.53861703867   7.56845062562   0.0   1.0
6.38293568060   7.38824942025   0.0   1.0
6.07157296448   7.02784700951   0.0   1.0
5.60452889029   6.48724339339   0.0   1.0
5.13748481610   5.94663977727   0.0   1.0
4.67044074191   5.40603616116   0.0   1.0
4.20339666771   4.86543254504   0.0   1.0
3.73635259352   4.32482892893   0.0   1.0
3.42498987740   3.96442651818   0.0   1.0
3.26930851933   3.78422531281   0.0   1.0
6.29010742714   7.77621450822   0.0   1.0
6.14034296459   7.59106654374   0.0   1.0
5.84081403949   7.22077061478   0.0   1.0
5.39152065184   6.66532672133   0.0   1.0
4.94222726419   6.10988282789   0.0   1.0
4.49293387653   5.55443893444   0.0   1.0
4.04364048888   4.998995041   0.0   1.0
3.59434710123   4.44355114756   0.0   1.0
3.29481817612   4.07325521859   0.0   1.0
3.14505371357   3.88810725411   0.0   1.0
6.03500038214   7.97582226328   0.0   1.0
5.89130989685   7.78592173320   0.0   1.0
5.60392892627   7.40612067305   0.0   1.0
5.17285747041   6.83641908281   0.0   1.0
4.74178601454   6.26671749258   0.0   1.0
4.31071455867   5.69701590234   0.0   1.0
3.87964310280   5.12731431211   0.0   1.0
3.44857164694   4.55761272187   0.0   1.0
3.16119067636   4.17781166172   0.0   1.0
3.01750019107   3.98791113164   0.0   1.0
5.77356327836   8.16706426370   0.0   1.0
5.63609748602   7.97261035266   0.0   1.0
5.36116590134   7.58370253058   0.0   1.0
4.94876852431   7.00034079746   0.0   1.0
4.53637114728   6.41697906433   0.0   1.0
4.12397377026   5.83361733121   0.0   1.0
3.71157639323   5.25025559809   0.0   1.0
3.29917901621   4.66689386497   0.0   1.0
3.02424743152   4.27798604289   0.0   1.0
2.88678163918   4.08353213185   0.0   1.0
5.50607028244   8.34973981817   0.0   1.0
5.37497337095   8.15093648917   0.0   1.0
5.11277954798   7.75332983116   0.0   1.0
4.71948881352   7.15691984415   0.0   1.0
4.32619807906   6.56050985713   0.0   1.0
3.93290734460   5.96409987012   0.0   1.0
3.53961661014   5.36768988311   0.0   1.0
3.14632587568   4.77127989610   0.0   1.0
2.88413205270   4.37367323809   0.0   1.0
2.75303514122   4.17486990909   0.0   1.0
5.23280219464   8.52365764485   0.0   1.0
5.1082116662   8.32071341521   0.0   1.0
4.85903060931   7.91482495594   0.0   1.0
4.48525902398   7.30599226702   0.0   1.0
4.11148743865   6.69715957810   0.0   1.0
3.73771585332   6.08832688918   0.0   1.0
3.36394426799   5.47949420026   0.0   1.0
2.99017268265   4.87066151134   0.0   1.0
2.74099162577   4.46477305207   0.0   1.0
2.61640109732   4.26182882243   0.0   1.0
4.9540457599   8.68863554567   0.0   1.0
4.83609228943   8.48176327078   0.0   1.0
4.60018534848   8.06801872098   0.0   1.0
4.24632493706   7.44740189629   0.0   1.0
3.89246452564   6.82678507160   0.0   1.0
3.53860411421   6.20616824691   0.0   1.0
3.18474370279   5.58555142222   0.0   1.0
2.83088329137   4.96493459753   0.0   1.0
2.59497635042   4.55119004773   0.0   1.0
2.47702287995   4.34431777284   0.0   1.0
4.67009327976   8.84450038372   0.0   1.0
4.55890058262   8.63391704125   0.0   1.0
4.33651518835   8.21275035631   0.0   1.0
4.00293709693   7.5810003289   0.0   1.0
3.66935900552   6.94925030149   0.0   1.0
3.33578091411   6.31750027408   0.0   1.0
3.00220282270   5.68575024667   0.0   1.0
2.66862473129   5.05400021927   0.0   1.0
2.44623933702   4.63283353433   0.0   1.0
2.33504663988   4.42225019186   0.0   1.0
4.38124247917   8.99108849312   0.0   1.0
4.27692718205   8.77701495757   0.0   1.0
4.06829658780   8.34886788646   0.0   1.0
3.75535069643   7.70664727981   0.0   1.0
3.44240480506   7.06442667316   0.0   1.0
3.12945891369   6.42220606651   0.0   1.0
2.81651302233   5.77998545986   0.0   1.0
2.50356713096   5.13776485321   0.0   1.0
2.29493653671   4.70961778211   0.0   1.0
2.19062123959   4.49554424656   0.0   1.0
4.08779634190   9.12824615012   0.0   1.0
3.99046785757   8.91090695607   0.0   1.0
3.79581088890   8.47622856797   0.0   1.0
3.50382543591   7.82421098582   0.0   1.0
3.21183998292   7.17219340367   0.0   1.0
2.91985452993   6.52017582152   0.0   1.0
2.62786907693   5.86815823936   0.0   1.0
2.33588362394   5.21614065721   0.0   1.0
2.14122665528   4.78146226911   0.0   1.0
2.04389817095   4.56412307506   0.0   1.0
3.79006274695   9.25582970715   0.0   1.0
3.69982315774   9.03545280936   0.0   1.0
3.51934397931   8.59469901378   0.0   1.0
3.24862521167   7.93356832042   0.0   1.0
2.97790644403   7.27243762705   0.0   1.0
2.70718767639   6.61130693368   0.0   1.0
2.43646890875   5.95017624031   0.0   1.0
2.16575014111   5.28904554694   0.0   1.0
1.98527096269   4.84829175137   0.0   1.0
1.89503137347   4.62791485358   0.0   1.0
3.48835398782   9.37370541612   0.0   1.0
3.40529794049   9.15052195383   0.0   1.0
3.23918584583   8.70415502925   0.0   1.0
2.99001770384   8.03460464239   0.0   1.0
2.74084956185   7.36505425552   0.0   1.0
2.49168141987   6.69550386866   0.0   1.0
2.24251327788   6.02595348179   0.0   1.0
1.99334513589   5.35640309493   0.0   1.0
1.82723304124   4.91003617035   0.0   1.0
1.74417699391   4.68685270806   0.0   1.0
3.18298637202   9.48174930820   0.0   1.0
3.10720098221   9.25599337229   0.0   1.0
2.95563020259   8.80448150047   0.0   1.0
2.72827403316   8.12721369274   0.0   1.0
2.50091786373   7.44994588501   0.0   1.0
2.27356169430   6.77267807728   0.0   1.0
2.04620552487   6.09541026956   0.0   1.0
1.81884935544   5.41814246183   0.0   1.0
1.66727857582   4.96663059001   0.0   1.0
1.59149318601   4.74087465410   0.0   1.0
2.87428001967   9.57984745955   0.0   1.0
2.80584478111   9.35175585337   0.0   1.0
2.66897430398   8.89557264101   0.0   1.0
2.46366858829   8.21129782247   0.0   1.0
2.25836287260   7.52702300393   0.0   1.0
2.05305715691   6.84274818539   0.0   1.0
1.84775144122   6.15847336685   0.0   1.0
1.64244572553   5.47419854832   0.0   1.0
1.50557524840   5.01801533596   0.0   1.0
1.43714000984   4.78992372978   0.0   1.0
2.56255915421   9.66789834819   0.0   1.0
2.50154584101   9.43771029228   0.0   1.0
2.37951921462   8.97733418046   0.0   1.0
2.19647927504   8.28677001273   0.0   1.0
2.01343933545   7.59620584500   0.0   1.0
1.83039939586   6.90564167728   0.0   1.0
1.64735945628   6.21507750955   0.0   1.0
1.46431951669   5.52451334182   0.0   1.0
1.34229289030   5.06413723000   0.0   1.0
1.28127957710   4.83394917409   0.0   1.0
2.24815050129   9.74580895049   0.0   1.0
2.19462310840   9.51376588024   0.0   1.0
2.08756832263   9.04967973974   0.0   1.0
1.92698614396   8.35355052899   0.0   1.0
1.76640396530   7.65742131824   0.0   1.0
1.60582178664   6.96129210749   0.0   1.0
1.44523960797   6.26516289674   0.0   1.0
1.28465742931   5.56903368599   0.0   1.0
1.17760264353   5.10494754549   0.0   1.0
1.12407525064   4.87290447524   0.0   1.0
1.93138366711   9.81349671722   0.0   1.0
1.88539834170   9.57984203348   0.0   1.0
1.79342769089   9.11253266599   0.0   1.0
1.65547171467   8.41156861476   0.0   1.0
1.51751573844   7.71060456353   0.0   1.0
1.37955976222   7.00964051230   0.0   1.0
1.241603786   6.30867646107   0.0   1.0
1.10364780978   5.60771240984   0.0   1.0
1.01167715896   5.14040304236   0.0   1.0
0.965691833555   4.90674835861   0.0   1.0
1.61259109744   9.87089141950   0.0   1.0
1.57419607131   9.63587019522   0.0   1.0
1.49740601905   9.16582774668   0.0   1.0
1.38222094066   8.46076407385   0.0   1.0
1.26703586227   7.75570040103   0.0   1.0
1.15185078388   7.05063672821   0.0   1.0
1.03666570550   6.34557305539   0.0   1.0
0.921480627107   5.64050938257   0.0   1.0
0.844690574848   5.17046693402   0.0   1.0
0.806295548719   4.93544570975   0.0   1.0
1.29210736413   9.91793426248   0.0   1.0
1.26134290308   9.68179297051   0.0   1.0
1.19981398098   9.20951038658   0.0   1.0
1.10752059783   8.50108651069   0.0   1.0
1.01522721468   7.79266263480   0.0   1.0
0.922933831525   7.08423875891   0.0   1.0
0.830640448372   6.37581488302   0.0   1.0
0.73834706522   5.66739100713   0.0   1.0
0.676818143118   5.19510842320   0.0   1.0
0.646053682067   4.95896713124   0.0   1.0
0.970268422462   9.95457518225   0.0   1.0
0.947166793356   9.71756148744   0.0   1.0
0.900963535144   9.24353409781   0.0   1.0
0.831658647825   8.53249301336   0.0   1.0
0.762353760506   7.82145192891   0.0   1.0
0.693048873187   7.11041084447   0.0   1.0
0.623743985869   6.39936976002   0.0   1.0
0.55443909855   5.68832867557   0.0   1.0
0.508235840337   5.21430128594   0.0   1.0
0.485134211231   4.97728759113   0.0   1.0
0.647411497101   9.98077238560   0.0   1.0
0.631996937647   9.74313494784   0.0   1.0
0.601167818737   9.26786007234   0.0   1.0
0.554924140373   8.55494775908   0.0   1.0
0.508680462008   7.84203544583   0.0   1.0
0.462436783644   7.12912313257   0.0   1.0
0.41619310528   6.41621081931   0.0   1.0
0.369949426915   5.70329850606   0.0   1.0
0.339120308006   5.22802363055   0.0   1.0
0.323705748551   4.99038619280   0.0   1.0
0.323875447607   9.99649714571   0.0   1.0
0.316164127426   9.75848530891   0.0   1.0
0.300741487064   9.28246163530   0.0   1.0
0.27760752652   8.56842612489   0.0   1.0
0.254473565977   7.85439061449   0.0   1.0
0.231339605434   7.14035510408   0.0   1.0
0.20820564489   6.42631959367   0.0   1.0
0.185071684347   5.71228408326   0.0   1.0
0.169649043985   5.23626040966   0.0   1.0
0.161937723804   4.99824857285   0.0   1.0
0.107958431151   9.99999401804   0.0   1.0
0.105387992314   9.76189892237   0.0   1.0
0.10024711464   9.28570873103   0.0   1.0
0.092535798129   8.57142344403   0.0   1.0
0.0848244816183   7.85713815703   0.0   1.0
0.0771131651075   7.14285287003   0.0   1.0
0.0694018485968   6.42856758302   0.0   1.0
0.061690532086   5.71428229602   0.0   1.0
0.0565496544122   5.23809210469   0.0   1.0
0.0539792155753   4.99999700902   0.0   1.0
1.22464679915e-15   10.0   0.0   1.0
1.19548854202e-15   9.76190476190   0.0   1.0
1.13717202778e-15   9.28571428571   0.0   1.0
1.04969725641e-15   8.57142857143   0.0   1.0
9.62222485044e-16   7.85714285714   0.0   1.0
8.74747713677e-16   7.14285714286   0.0   1.0
7.87272942309e-16   6.42857142857   0.0   1.0
6.99798170941e-16   5.71428571429   0.0   1.0
6.41481656696e-16   5.23809523810   0.0   1.0
6.12323399574e-16   5.0   0.0   1.0

------------------------------------------------------------------------------------------
Number of control points  - (u, v, t) - PATCH 0
------------------------------------------------------------------------------------------
100 10 0

------------------------------------------------------------------------------------------
Degree (u,v,t) - PATCH 0
------------------------------------------------------------------------------------------
3 3 0

------------------------------------------------------------------------------------------
KNOT VECTOR (u) - PATCH 0
------------------------------------------------------------------------------------------
0.000000000000000
0.000000000000000
0.000000000000000
0.000000000000000
0.010309278350516
0.020618556701031
0.030927835051546
0.041237113402062
0.051546391752577
0.061855670103093
0.072164948453608
0.082474226804124
0.092783505154639
0.103092783505155
0.113402061855670
0.123711340206186
0.134020618556701
0.144329896907216
0.154639175257732
0.164948453608247
0.175257731958763
0.185567010309278
0.195876288659794
0.206185567010309
0.216494845360825
0.226804123711340
0.237113402061856
0.247422680412371
0.257731958762887
0.268041237113402
0.278350515463918
0.288659793814433
0.298969072164948
0.309278350515464
0.319587628865979
0.329896907216495
0.340206185567010
0.350515463917526
0.360824742268041
0.371134020618557
0.381443298969072
0.391752577319588
0.402061855670103
0.412371134020619
0.422680412371134
0.432989690721649
0.443298969072165
0.453608247422680
0.463917525773196
0.474226804123711
0.484536082474227
0.494845360824742
0.505154639175258
0.515463917525773
0.525773195876289
0.536082474226804
0.546391752577320
0.556701030927835
0.567010309278350
0.577319587628866
0.587628865979381
0.597938144329897
0.608247422680412
0.618556701030928
0.628865979381443
0.639175257731959
0.649484536082474
0.659793814432990
0.670103092783505
0.680412371134021
0.690721649484536
0.701030927835051
0.711340206185567
0.721649484536082
0.731958762886598
0.742268041237113
0.752577319587629
0.762886597938144
0.773195876288660
0.783505154639175
0.793814432989691
0.804123711340206
0.814432989690722
0.824742268041237
0.835051546391753
0.845360824742268
0.855670103092784
0.865979381443299
0.876288659793814
0.886597938144330
0.896907216494845
0.907216494845361
0.917525773195876
0.927835051546392
0.938144329896907
0.948453608247423
0.958762886597938
0.969072164948454
0.979381443298969
0.989690721649485
1.000000000000000
1.000000000000000
1.000000000000000
1.000000000000000

------------------------------------------------------------------------------------------
KNOT VECTOR (v) - PATCH 0
------------------------------------------------------------------------------------------
0.000000000000000
0.000000000000000
0.000000000000000
0.000000000000000
0.142857142857143
0.285714285714286
0.428571428571429
0.571428571428571
0.714285714285714
0.857142857142857
1.000000000000000
1.000000000000000
1.000000000000000
1.000000000000000

------------------------------------------------------------------------------------------
NUMBER OF NEUMMAN BOUNDARY CONDITION
------------------------------------------------------------------------------------------
0

-----------------------------------------------------------------------------------------
TYPE  INDEX    VALUES (X, Y)
------------------------------------------------------------------------------------------
CURVE   1 250.0 0.0
POINT   25  0.0 0.0


------------------------------------------------------------------------------------------
NUMBER OF DIRICHELET BOUNDARY CONDITION
------------------------------------------------------------------------------------------
0

------------------------------------------------------------------------------------------
CONTROL POINT INDEX    (0-FREE, 1- DISPLACEMENT) VALUES (X, Y)
------------------------------------------------------------------------------------------
CURVE   1 250.0 0.0
POINT   25  0.0 0.0


