------------------------------------------------------------------------------------------
NUMBER OF PATCH 
------------------------------------------------------------------------------------------
1

------------------------------------------------------------------------------------------ 
NUMBER OF CONTROL POINTS - PATCH 0
------------------------------------------------------------------------------------------ 
77

------------------------------------------------------------------------------------------ 
INDEX MATERIAL - PATCH 0
------------------------------------------------------------------------------------------ 
0

------------------------------------------------------------------------------------------ 
THICKNESS  - PATCH 0
------------------------------------------------------------------------------------------ 
1.0

------------------------------------------------------------------------------------------ 
CONTROL POINTS COORDINATES AND WEIGHT (X,Y,Z,W)  - PATCH 0
------------------------------------------------------------------------------------------ 
0.0   1.0   0.0   1.0
5.55111512313e-17   1.04166666667   0.0   1.0
1.66533453694e-16   1.125   0.0   1.0
3.12250225676e-16   1.25   0.0   1.0
4.16333634234e-16   1.375   0.0   1.0
4.4408920985e-16   1.45833333333   0.0   1.0
4.4408920985e-16   1.5   0.0   1.0
0.0589255650989   0.975592231766   0.0   0.975592231766
0.061380796978   1.01624190809   0.0   0.975592231766
0.0662912607362   1.09754126074   0.0   0.975592231766
0.0736569563736   1.21949028971   0.0   0.975592231766
0.081022652011   1.34143931868   0.0   0.975592231766
0.0859331157692   1.42273867132   0.0   0.975592231766
0.0883883476483   1.46338834765   0.0   0.975592231766
0.172461970689   0.922461970689   0.0   0.932878637355
0.179647886134   0.960897886134   0.0   0.932878637355
0.194019717025   1.03776971702   0.0   0.932878637355
0.215577463361   1.15307746336   0.0   0.932878637355
0.237135209697   1.26838520970   0.0   0.932878637355
0.251507040588   1.34525704059   0.0   0.932878637355
0.258692956033   1.38369295603   0.0   0.932878637355
0.329822405249   0.829822405249   0.0   0.887114071916
0.343565005468   0.864398338801   0.0   0.887114071916
0.371050205905   0.933550205905   0.0   0.887114071916
0.412278006561   1.03727800656   0.0   0.887114071916
0.453505807217   1.14100580722   0.0   0.887114071916
0.480991007655   1.21015767432   0.0   0.887114071916
0.494733607873   1.24473360787   0.0   0.887114071916
0.474238665985   0.724238665985   0.0   0.859655332652
0.493998610401   0.754415277068   0.0   0.859655332652
0.533518499233   0.814768499233   0.0   0.859655332652
0.592798332482   0.905298332482   0.0   0.859655332652
0.65207816573   0.99582816573   0.0   0.859655332652
0.691598054562   1.05618138790   0.0   0.859655332652
0.711357998978   1.08635799898   0.0   0.859655332652
0.605710752897   0.605710752897   0.0   0.850502419564
0.630948700935   0.630948700935   0.0   0.850502419564
0.681424597009   0.681424597009   0.0   0.850502419564
0.757138441122   0.757138441122   0.0   0.850502419564
0.832852285234   0.832852285234   0.0   0.850502419564
0.883328181309   0.883328181309   0.0   0.850502419564
0.908566129346   0.908566129346   0.0   0.850502419564
0.724238665985   0.474238665985   0.0   0.859655332652
0.754415277068   0.493998610401   0.0   0.859655332652
0.814768499233   0.533518499233   0.0   0.859655332652
0.905298332482   0.592798332482   0.0   0.859655332652
0.99582816573   0.65207816573   0.0   0.859655332652
1.05618138790   0.691598054562   0.0   0.859655332652
1.08635799898   0.711357998978   0.0   0.859655332652
0.829822405249   0.329822405249   0.0   0.887114071916
0.864398338801   0.343565005468   0.0   0.887114071916
0.933550205905   0.371050205905   0.0   0.887114071916
1.03727800656   0.412278006561   0.0   0.887114071916
1.14100580722   0.453505807217   0.0   0.887114071916
1.21015767432   0.480991007655   0.0   0.887114071916
1.24473360787   0.494733607873   0.0   0.887114071916
0.922461970689   0.172461970689   0.0   0.932878637355
0.960897886134   0.179647886134   0.0   0.932878637355
1.03776971702   0.194019717025   0.0   0.932878637355
1.15307746336   0.215577463361   0.0   0.932878637355
1.26838520970   0.237135209697   0.0   0.932878637355
1.34525704059   0.251507040588   0.0   0.932878637355
1.38369295603   0.258692956033   0.0   0.932878637355
0.975592231766   0.0589255650989   0.0   0.975592231766
1.01624190809   0.061380796978   0.0   0.975592231766
1.09754126074   0.0662912607362   0.0   0.975592231766
1.21949028971   0.0736569563736   0.0   0.975592231766
1.34143931868   0.081022652011   0.0   0.975592231766
1.42273867132   0.0859331157692   0.0   0.975592231766
1.46338834765   0.0883883476483   0.0   0.975592231766
1.0   0.0   0.0   1.0
1.04166666667   0.0   0.0   1.0
1.125   0.0   0.0   1.0
1.25   0.0   0.0   1.0
1.375   0.0   0.0   1.0
1.45833333333   0.0   0.0   1.0
1.5   0.0   0.0   1.0

------------------------------------------------------------------------------------------ 
Number of control points  - (u, v, t) - PATCH 0
------------------------------------------------------------------------------------------ 
11   7   0

------------------------------------------------------------------------------------------ 
Degree (u,v,t) - PATCH 0
------------------------------------------------------------------------------------------ 
3   3   0

------------------------------------------------------------------------------------------ 
KNOT VECTOR (u) - PATCH 0
------------------------------------------------------------------------------------------ 
0.0
0.0
0.0
0.0
0.125
0.25
0.375
0.5
0.625
0.75
0.875
1.0
1.0
1.0
1.0

------------------------------------------------------------------------------------------ 
KNOT VECTOR (v) - PATCH 0
------------------------------------------------------------------------------------------ 
0.0
0.0
0.0
0.0
0.25
0.5
0.75
1.0
1.0
1.0
1.0

------------------------------------------------------------------------------------------ 
NUMBER OF NEUMMAN BOUNDARY CONDITION - PATCH 0
------------------------------------------------------------------------------------------ 
2

------------------------------------------------------------------------------------------ 
POINT/CURVE INDEX    VALUES (X, Y) - PATCH 0
------------------------------------------------------------------------------------------ 
CURVE 0 -800.0 -800.0
CURVE 2 -600.0 -600.0

------------------------------------------------------------------------------------------ 
NUMBER OF DIRICHELET BOUNDARY CONDITION - PATCH 0
------------------------------------------------------------------------------------------ 
2

------------------------------------------------------------------------------------------ 
POINT/CURVE INDEX    (0-FREE, 1- DISPLACEMENT) VALUES (X, Y) - PATCH 0
------------------------------------------------------------------------------------------ 
CURVE 1 0 1 0.0 0.0
CURVE 3 1 0 0.0 0.0 