------------------------------------------------------------------------------------------
NUMBER OF PATCH 
------------------------------------------------------------------------------------------
1

------------------------------------------------------------------------------------------ 
NUMBER OF CONTROL POINTS - PATCH 0
------------------------------------------------------------------------------------------ 
133

------------------------------------------------------------------------------------------ 
INDEX MATERIAL - PATCH 0
------------------------------------------------------------------------------------------ 
0

------------------------------------------------------------------------------------------ 
THICKNESS  - PATCH 0
------------------------------------------------------------------------------------------ 
1.0

------------------------------------------------------------------------------------------ 
CONTROL POINTS COORDINATES AND WEIGHT (X,Y,Z,W)  - PATCH 0
------------------------------------------------------------------------------------------ 
-4.4408920985e-16   1.0   0.0   1.0
-2.22044604925e-16   1.04166666667   0.0   1.0
-2.22044604925e-16   1.125   0.0   1.0
-2.22044604925e-16   1.25   0.0   1.0
0.0   1.375   0.0   1.0
0.0   1.45833333333   0.0   1.0
0.0   1.5   0.0   1.0
0.0294627825494   0.987796115883   0.0   0.987796115883
0.030690398489   1.02895428738   0.0   0.987796115883
0.0331456303681   1.11127063037   0.0   0.987796115883
0.0368284781868   1.23474514485   0.0   0.987796115883
0.0405113260055   1.35821965934   0.0   0.987796115883
0.0429665578846   1.44053600233   0.0   0.987796115883
0.0441941738242   1.48169417382   0.0   0.987796115883
0.0873096664963   0.962309666496   0.0   0.964913833163
0.090947569267   1.0024059026   0.0   0.964913833163
0.0982233748083   1.08259837481   0.0   0.964913833163
0.10913708312   1.20288708312   0.0   0.964913833163
0.120050791432   1.32317579143   0.0   0.964913833163
0.127326596974   1.40336826364   0.0   0.964913833163
0.130964499744   1.44346449974   0.0   0.964913833163
0.170843948961   0.920843948961   0.0   0.935166865627
0.177962446834   0.959212446834   0.0   0.935166865627
0.192199442581   1.03594944258   0.0   0.935166865627
0.213554936201   1.15105493620   0.0   0.935166865627
0.234910429821   1.26616042982   0.0   0.935166865627
0.249147425567   1.34289742557   0.0   0.935166865627
0.256265923441   1.38126592344   0.0   0.935166865627
0.251142187969   0.876142187969   0.0   0.909996354635
0.261606445801   0.912648112467   0.0   0.909996354635
0.282534961465   0.985659961465   0.0   0.909996354635
0.313927734961   1.09517773496   0.0   0.909996354635
0.345320508457   1.20469550846   0.0   0.909996354635
0.366249024121   1.27770735745   0.0   0.909996354635
0.376713281953   1.31421328195   0.0   0.909996354635
0.328204383521   0.828204383521   0.0   0.889402300188
0.341879566168   0.862712899501   0.0   0.889402300188
0.369229931461   0.931729931461   0.0   0.889402300188
0.410255479401   1.03525547940   0.0   0.889402300188
0.451281027341   1.13878102734   0.0   0.889402300188
0.478631392635   1.20779805930   0.0   0.889402300188
0.492306575281   1.24230657528   0.0   0.889402300188
0.402030535617   0.777030535617   0.0   0.873384702284
0.418781807934   0.809406807934   0.0   0.873384702284
0.452284352569   0.874159352569   0.0   0.873384702284
0.502538169521   0.971288169521   0.0   0.873384702284
0.552791986474   1.06841698647   0.0   0.873384702284
0.586294531108   1.13316953111   0.0   0.873384702284
0.603045803426   1.16554580343   0.0   0.873384702284
0.472620644257   0.722620644257   0.0   0.861943560924
0.492313171101   0.752729837768   0.0   0.861943560924
0.531698224789   0.812948224789   0.0   0.861943560924
0.590775805322   0.903275805322   0.0   0.861943560924
0.649853385854   0.993603385854   0.0   0.861943560924
0.689238439542   1.05382177288   0.0   0.861943560924
0.708930966386   1.08393096639   0.0   0.861943560924
0.539974709441   0.664974709441   0.0   0.855078876108
0.562473655668   0.692681989001   0.0   0.855078876108
0.607471548121   0.748096548121   0.0   0.855078876108
0.674968386802   0.831218386802   0.0   0.855078876108
0.742465225482   0.914340225482   0.0   0.855078876108
0.787463117935   0.969754784602   0.0   0.855078876108
0.809962064162   0.997462064162   0.0   0.855078876108
0.604092731169   0.604092731169   0.0   0.852790647836
0.629263261635   0.629263261635   0.0   0.852790647836
0.679604322565   0.679604322565   0.0   0.852790647836
0.755115913962   0.755115913962   0.0   0.852790647836
0.830627505358   0.830627505358   0.0   0.852790647836
0.880968566289   0.880968566289   0.0   0.852790647836
0.906139096754   0.906139096754   0.0   0.852790647836
0.664974709441   0.539974709441   0.0   0.855078876108
0.692681989001   0.562473655668   0.0   0.855078876108
0.748096548121   0.607471548121   0.0   0.855078876108
0.831218386802   0.674968386802   0.0   0.855078876108
0.914340225482   0.742465225482   0.0   0.855078876108
0.969754784602   0.787463117935   0.0   0.855078876108
0.997462064162   0.809962064162   0.0   0.855078876108
0.722620644257   0.472620644257   0.0   0.861943560924
0.752729837768   0.492313171101   0.0   0.861943560924
0.812948224789   0.531698224789   0.0   0.861943560924
0.903275805322   0.590775805322   0.0   0.861943560924
0.993603385854   0.649853385854   0.0   0.861943560924
1.05382177288   0.689238439542   0.0   0.861943560924
1.08393096639   0.708930966386   0.0   0.861943560924
0.777030535617   0.402030535617   0.0   0.873384702284
0.809406807934   0.418781807934   0.0   0.873384702284
0.874159352569   0.452284352569   0.0   0.873384702284
0.971288169521   0.502538169521   0.0   0.873384702284
1.06841698647   0.552791986474   0.0   0.873384702284
1.13316953111   0.586294531108   0.0   0.873384702284
1.16554580343   0.603045803426   0.0   0.873384702284
0.828204383521   0.328204383521   0.0   0.889402300188
0.862712899501   0.341879566168   0.0   0.889402300188
0.931729931461   0.369229931461   0.0   0.889402300188
1.03525547940   0.410255479401   0.0   0.889402300188
1.13878102734   0.451281027341   0.0   0.889402300188
1.20779805930   0.478631392635   0.0   0.889402300188
1.24230657528   0.492306575281   0.0   0.889402300188
0.876142187969   0.251142187969   0.0   0.909996354635
0.912648112467   0.261606445801   0.0   0.909996354635
0.985659961465   0.282534961465   0.0   0.909996354635
1.09517773496   0.313927734961   0.0   0.909996354635
1.20469550846   0.345320508457   0.0   0.909996354635
1.27770735745   0.366249024121   0.0   0.909996354635
1.31421328195   0.376713281953   0.0   0.909996354635
0.920843948961   0.170843948961   0.0   0.935166865627
0.959212446834   0.177962446834   0.0   0.935166865627
1.03594944258   0.192199442581   0.0   0.935166865627
1.15105493620   0.213554936201   0.0   0.935166865627
1.26616042982   0.234910429821   0.0   0.935166865627
1.34289742557   0.249147425567   0.0   0.935166865627
1.38126592344   0.256265923441   0.0   0.935166865627
0.962309666496   0.0873096664963   0.0   0.964913833163
1.0024059026   0.090947569267   0.0   0.964913833163
1.08259837481   0.0982233748083   0.0   0.964913833163
1.20288708312   0.10913708312   0.0   0.964913833163
1.32317579143   0.120050791432   0.0   0.964913833163
1.40336826364   0.127326596974   0.0   0.964913833163
1.44346449974   0.130964499744   0.0   0.964913833163
0.987796115883   0.0294627825494   0.0   0.987796115883
1.02895428738   0.030690398489   0.0   0.987796115883
1.11127063037   0.0331456303681   0.0   0.987796115883
1.23474514485   0.0368284781868   0.0   0.987796115883
1.35821965934   0.0405113260055   0.0   0.987796115883
1.44053600233   0.0429665578846   0.0   0.987796115883
1.48169417382   0.0441941738242   0.0   0.987796115883
1.0   -4.4408920985e-16   0.0   1.0
1.04166666667   -2.22044604925e-16   0.0   1.0
1.125   -4.4408920985e-16   0.0   1.0
1.25   -4.4408920985e-16   0.0   1.0
1.375   -4.4408920985e-16   0.0   1.0
1.45833333333   -4.4408920985e-16   0.0   1.0
1.5   -4.4408920985e-16   0.0   1.0

------------------------------------------------------------------------------------------ 
Number of control points  - (u, v, t) - PATCH 0
------------------------------------------------------------------------------------------ 
19   7   0

------------------------------------------------------------------------------------------ 
Degree (u,v,t) - PATCH 0
------------------------------------------------------------------------------------------ 
3   3   0

------------------------------------------------------------------------------------------ 
KNOT VECTOR (u) - PATCH 0
------------------------------------------------------------------------------------------ 
0.0
0.0
0.0
0.0
0.0625
0.125
0.1875
0.25
0.3125
0.375
0.4375
0.5
0.5625
0.625
0.6875
0.75
0.8125
0.875
0.9375
1.0
1.0
1.0
1.0

------------------------------------------------------------------------------------------ 
KNOT VECTOR (v) - PATCH 0
------------------------------------------------------------------------------------------ 
0.0
0.0
0.0
0.0
0.25
0.5
0.75
1.0
1.0
1.0
1.0

------------------------------------------------------------------------------------------ 
NUMBER OF NEUMMAN BOUNDARY CONDITION - PATCH 0
------------------------------------------------------------------------------------------ 
2

------------------------------------------------------------------------------------------ 
POINT/CURVE INDEX    VALUES (X, Y) - PATCH 0
------------------------------------------------------------------------------------------ 
CURVE 0 -800.0 -800.0
CURVE 2 -600.0 -600.0

------------------------------------------------------------------------------------------ 
NUMBER OF DIRICHELET BOUNDARY CONDITION - PATCH 0
------------------------------------------------------------------------------------------ 
2

------------------------------------------------------------------------------------------ 
POINT/CURVE INDEX    (0-FREE, 1- DISPLACEMENT) VALUES (X, Y) - PATCH 0
------------------------------------------------------------------------------------------ 
CURVE 1 0 1 0.0 0.0
CURVE 3 1 0 0.0 0.0 
