------------------------------------------------------------------------------------------
NUMBER OF PATCH 
------------------------------------------------------------------------------------------
1

------------------------------------------------------------------------------------------ 
NUMBER OF CONTROL POINTS - PATCH 0
------------------------------------------------------------------------------------------ 
245

------------------------------------------------------------------------------------------ 
INDEX MATERIAL - PATCH 0
------------------------------------------------------------------------------------------ 
0

------------------------------------------------------------------------------------------ 
THICKNESS  - PATCH 0
------------------------------------------------------------------------------------------ 
1.0

------------------------------------------------------------------------------------------ 
CONTROL POINTS COORDINATES AND WEIGHT (X,Y,Z,W)  - PATCH 0
------------------------------------------------------------------------------------------ 
0.0   1.0   0.0   1.0
5.55111512313e-17   1.04166666667   0.0   1.0
1.66533453694e-16   1.125   0.0   1.0
3.12250225676e-16   1.25   0.0   1.0
4.16333634234e-16   1.375   0.0   1.0
4.4408920985e-16   1.45833333333   0.0   1.0
4.4408920985e-16   1.5   0.0   1.0
0.0163624655381   1.00000018979   0.0   1.0
0.0170442349355   1.04166686437   0.0   1.0
0.0184077737304   1.12500021352   0.0   1.0
0.0204530819226   1.25000023724   0.0   1.0
0.0224983901149   1.37500026097   0.0   1.0
0.0238619289097   1.45833361012   0.0   1.0
0.0245436983072   1.50000028469   0.0   1.0
0.0490873752594   0.999196404813   0.0   1.0
0.0511326825619   1.04082958835   0.0   1.0
0.0552232971669   1.12409595542   0.0   1.0
0.0613592190743   1.24899550602   0.0   1.0
0.0674951409817   1.37389505662   0.0   1.0
0.0715857555867   1.45716142369   0.0   1.0
0.0736310628892   1.49879460722   0.0   1.0
0.0980565309928   0.995584665246   0.0   1.0
0.102142219784   1.03706735963   0.0   1.0
0.110313597367   1.12003274840   0.0   1.0
0.122570663741   1.24448083156   0.0   1.0
0.134827730115   1.36892891471   0.0   1.0
0.142999107698   1.45189430348   0.0   1.0
0.147084796489   1.49337699787   0.0   1.0
0.146789333093   0.989573295188   0.0   1.0
0.152905555306   1.03080551582   0.0   1.0
0.16513799973   1.11326995709   0.0   1.0
0.183486666367   1.23696661899   0.0   1.0
0.201835333003   1.36066328088   0.0   1.0
0.214067777428   1.44312772215   0.0   1.0
0.22018399964   1.48435994278   0.0   1.0
0.195168727491   0.981179488493   0.0   1.0
0.203300757803   1.02206196718   0.0   1.0
0.219564818428   1.10382692455   0.0   1.0
0.243960909364   1.22647436062   0.0   1.0
0.2683570003   1.34912179668   0.0   1.0
0.284621060925   1.43088675405   0.0   1.0
0.292753091237   1.47176923274   0.0   1.0
0.243077660117   0.970420439011   0.0   1.0
0.253205895955   1.01085462397   0.0   1.0
0.273462367631   1.09172299389   0.0   1.0
0.303847075146   1.21302554876   0.0   1.0
0.334231782661   1.33432810364   0.0   1.0
0.354488254337   1.41519647356   0.0   1.0
0.364616490175   1.45563065852   0.0   1.0
0.290401348918   0.957324943677   0.0   1.0
0.302501405122   0.997213482997   0.0   1.0
0.326701517532   1.07699056164   0.0   1.0
0.363001686147   1.19665617960   0.0   1.0
0.399301854762   1.31632179756   0.0   1.0
0.423501967171   1.39609887620   0.0   1.0
0.435602023376   1.43598741552   0.0   1.0
0.337025011841   0.941921799429   0.0   1.0
0.351067720668   0.981168541072   0.0   1.0
0.379153138321   1.05966202436   0.0   1.0
0.421281264801   1.17740224929   0.0   1.0
0.463409391281   1.29514247422   0.0   1.0
0.491494808935   1.37363595750   0.0   1.0
0.505537517761   1.41288269914   0.0   1.0
0.382837240343   0.924250856811   0.0   1.0
0.398788792024   0.962761309178   0.0   1.0
0.430691895386   1.03978221391   0.0   1.0
0.478546550428   1.15531357101   0.0   1.0
0.526401205471   1.27084492811   0.0   1.0
0.558304308833   1.34786583285   0.0   1.0
0.574255860514   1.38637628522   0.0   1.0
0.427726625879   0.904351966366   0.0   1.0
0.445548568624   0.942033298298   0.0   1.0
0.481192454114   1.01739596216   0.0   1.0
0.534658282349   1.13043995796   0.0   1.0
0.588124110584   1.24348395375   0.0   1.0
0.623767996074   1.31884661762   0.0   1.0
0.641589938819   1.35652794955   0.0   1.0
0.471586200688   0.882275723451   0.0   1.0
0.491235625716   0.919037211928   0.0   1.0
0.530534475774   0.992560188882   0.0   1.0
0.58948275086   1.10284465431   0.0   1.0
0.648431025946   1.21312911974   0.0   1.0
0.687729876003   1.28665209670   0.0   1.0
0.707379301032   1.32341358518   0.0   1.0
0.514308997006   0.858072723419   0.0   1.0
0.535738538548   0.893825753562   0.0   1.0
0.578597621632   0.965331813847   0.0   1.0
0.642886246258   1.07259090427   0.0   1.0
0.707174870884   1.17984999470   0.0   1.0
0.750033953968   1.25135605499   0.0   1.0
0.771463495509   1.28710908513   0.0   1.0
0.55579352464   0.831803796199   0.0   1.0
0.578951588167   0.866462287707   0.0   1.0
0.62526771522   0.935779270724   0.0   1.0
0.6947419058   1.03975474525   0.0   1.0
0.76421609638   1.14373021977   0.0   1.0
0.810532223434   1.21304720279   0.0   1.0
0.83369028696   1.24770569430   0.0   1.0
0.595938293395   0.803529771716   0.0   1.0
0.62076905562   0.837010178871   0.0   1.0
0.67043058007   0.903970993181   0.0   1.0
0.744922866744   1.00441221465   0.0   1.0
0.819415153418   1.10485343611   0.0   1.0
0.869076677868   1.17181425042   0.0   1.0
0.893907440093   1.20529465757   0.0   1.0
0.634648260401   0.773321138359   0.0   1.0
0.661091937918   0.805542852457   0.0   1.0
0.713979292952   0.869986280654   0.0   1.0
0.793310325502   0.966651422948   0.0   1.0
0.872641358052   1.06331656524   0.0   1.0
0.925528713085   1.12775999344   0.0   1.0
0.951972390602   1.15998170754   0.0   1.0
0.671828382789   0.741248384514   0.0   1.0
0.699821232072   0.772133733868   0.0   1.0
0.755806930638   0.833904432578   0.0   1.0
0.839785478486   0.926560480642   0.0   1.0
0.923764026335   1.01921652871   0.0   1.0
0.979749724901   1.08098722742   0.0   1.0
1.00774257418   1.11187257677   0.0   1.0
0.707390985188   0.707390974915   0.0   1.0
0.736865609571   0.73686559887   0.0   1.0
0.795814858336   0.795814846779   0.0   1.0
0.884238731485   0.884238718644   0.0   1.0
0.972662604633   0.972662590508   0.0   1.0
1.03161185340   1.03161183842   0.0   1.0
1.06108647778   1.06108646237   0.0   1.0
0.741248392227   0.671828374297   0.0   1.0
0.772133741903   0.699821223226   0.0   1.0
0.833904441256   0.755806921084   0.0   1.0
0.926560490284   0.839785467871   0.0   1.0
1.01921653931   0.923764014658   0.0   1.0
1.08098723866   0.979749712516   0.0   1.0
1.11187258834   1.00774256145   0.0   1.0
0.773321142053   0.634648255673   0.0   1.0
0.805542856306   0.661091932993   0.0   1.0
0.86998628481   0.713979287632   0.0   1.0
0.966651427567   0.793310319591   0.0   1.0
1.06331657032   0.87264135155   0.0   1.0
1.12775999883   0.92552870619   0.0   1.0
1.15998171308   0.951972383509   0.0   1.0
0.803529772814   0.595938292058   0.0   1.0
0.837010180014   0.620769054227   0.0   1.0
0.903970994415   0.670430578565   0.0   1.0
1.00441221602   0.744922865072   0.0   1.0
1.10485343762   0.819415151579   0.0   1.0
1.17181425202   0.869076675917   0.0   1.0
1.20529465922   0.893907438086   0.0   1.0
0.831803796915   0.55579352374   0.0   1.0
0.866462288453   0.578951587229   0.0   1.0
0.93577927153   0.625267714207   0.0   1.0
1.03975474614   0.694741904675   0.0   1.0
1.14373022076   0.764216095142   0.0   1.0
1.21304720383   0.810532222121   0.0   1.0
1.24770569537   0.83369028561   0.0   1.0
0.858072726765   0.51430899101   0.0   1.0
0.893825757047   0.535738532302   0.0   1.0
0.965331817611   0.578597614886   0.0   1.0
1.07259090846   0.642886238762   0.0   1.0
1.17984999930   0.707174862638   0.0   1.0
1.25135605987   0.750033945222   0.0   1.0
1.28710909015   0.771463486514   0.0   1.0
0.88227572898   0.471586190378   0.0   1.0
0.919037217687   0.491235614977   0.0   1.0
0.992560195102   0.530534464175   0.0   1.0
1.10284466122   0.589482737973   0.0   1.0
1.21312912735   0.64843101177   0.0   1.0
1.28665210476   0.687729860968   0.0   1.0
1.32341359347   0.707379285567   0.0   1.0
0.904351970173   0.427726618356   0.0   1.0
0.942033302264   0.445548560788   0.0   1.0
1.01739596644   0.481192445651   0.0   1.0
1.13043996272   0.534658272945   0.0   1.0
1.24348395899   0.58812410024   0.0   1.0
1.31884662317   0.623767985103   0.0   1.0
1.35652795526   0.641589927535   0.0   1.0
0.924250858067   0.382837237093   0.0   1.0
0.962761310487   0.398788788639   0.0   1.0
1.03978221533   0.43069189173   0.0   1.0
1.15531357258   0.478546546366   0.0   1.0
1.27084492984   0.526401201003   0.0   1.0
1.34786583468   0.558304304094   0.0   1.0
1.38637628710   0.57425585564   0.0   1.0
0.941921800382   0.337025008737   0.0   1.0
0.981168542064   0.351067717434   0.0   1.0
1.05966202543   0.379153134829   0.0   1.0
1.17740225048   0.421281260921   0.0   1.0
1.29514247553   0.463409387013   0.0   1.0
1.37363595889   0.491494804408   0.0   1.0
1.41288270057   0.505537513105   0.0   1.0
0.957324945091   0.290401344464   0.0   1.0
0.997213484469   0.302501400483   0.0   1.0
1.07699056323   0.326701512522   0.0   1.0
1.19665618136   0.36300168058   0.0   1.0
1.31632179950   0.399301848638   0.0   1.0
1.39609887826   0.423501960677   0.0   1.0
1.43598741764   0.435602016696   0.0   1.0
0.970420440166   0.243077655451   0.0   1.0
1.01085462517   0.253205891094   0.0   1.0
1.09172299519   0.273462362382   0.0   1.0
1.21302555021   0.303847069313   0.0   1.0
1.33432810523   0.334231776245   0.0   1.0
1.41519647524   0.354488247532   0.0   1.0
1.45563066025   0.364616483176   0.0   1.0
0.981179489244   0.195168723317   0.0   1.0
1.02206196796   0.203300753455   0.0   1.0
1.10382692540   0.219564813732   0.0   1.0
1.22647436155   0.243960904146   0.0   1.0
1.34912179771   0.268356994561   0.0   1.0
1.43088675515   0.284621054837   0.0   1.0
1.47176923387   0.292753084975   0.0   1.0
0.989573295959   0.146789329683   0.0   1.0
1.03080551662   0.152905551753   0.0   1.0
1.11326995795   0.165137995893   0.0   1.0
1.23696661995   0.183486662103   0.0   1.0
1.36066328194   0.201835328314   0.0   1.0
1.44312772327   0.214067772454   0.0   1.0
1.48435994394   0.220183994524   0.0   1.0
0.995584666112   0.0980565241161   0.0   1.0
1.03706736053   0.102142212621   0.0   1.0
1.12003274938   0.110313589631   0.0   1.0
1.24448083264   0.122570655145   0.0   1.0
1.36892891590   0.13482772066   0.0   1.0
1.45189430475   0.142999097669   0.0   1.0
1.49337699917   0.147084786174   0.0   1.0
0.999196405503   0.0490873561859   0.0   1.0
1.04082958907   0.0511326626937   0.0   1.0
1.12409595619   0.0552232757092   0.0   1.0
1.24899550688   0.0613591952324   0.0   1.0
1.37389505757   0.0674951147557   0.0   1.0
1.45716142469   0.0715857277712   0.0   1.0
1.49879460825   0.0736310342789   0.0   1.0
1.00000019009   0.016362453241   0.0   1.0
1.04166686467   0.017044222126   0.0   1.0
1.12500021385   0.0184077598961   0.0   1.0
1.25000023761   0.0204530665512   0.0   1.0
1.37500026137   0.0224983732063   0.0   1.0
1.45833361054   0.0238619109764   0.0   1.0
1.50000028513   0.0245436798615   0.0   1.0
1.0   0.0   0.0   1.0
1.04166666667   0.0   0.0   1.0
1.125   0.0   0.0   1.0
1.25   0.0   0.0   1.0
1.375   0.0   0.0   1.0
1.45833333333   0.0   0.0   1.0
1.5   0.0   0.0   1.0

------------------------------------------------------------------------------------------ 
Number of control points  - (u, v, t) - PATCH 0
------------------------------------------------------------------------------------------ 
35   7   0

------------------------------------------------------------------------------------------ 
Degree (u,v,t) - PATCH 0
------------------------------------------------------------------------------------------ 
3   3   0

------------------------------------------------------------------------------------------ 
KNOT VECTOR (u) - PATCH 0
------------------------------------------------------------------------------------------ 
0.0
0.0
0.0
0.0
0.03125
0.0625
0.09375
0.125
0.15625
0.1875
0.21875
0.25
0.28125
0.3125
0.34375
0.375
0.40625
0.4375
0.46875
0.5
0.53125
0.5625
0.59375
0.625
0.65625
0.6875
0.71875
0.75
0.78125
0.8125
0.84375
0.875
0.90625
0.9375
0.96875
1.0
1.0
1.0
1.0

------------------------------------------------------------------------------------------ 
KNOT VECTOR (v) - PATCH 0
------------------------------------------------------------------------------------------ 
0.0
0.0
0.0
0.0
0.25
0.5
0.75
1.0
1.0
1.0
1.0

------------------------------------------------------------------------------------------ 
NUMBER OF NEUMMAN BOUNDARY CONDITION - PATCH 0
------------------------------------------------------------------------------------------ 
2

------------------------------------------------------------------------------------------ 
POINT/CURVE INDEX    VALUES (X, Y) - PATCH 0
------------------------------------------------------------------------------------------ 
CURVE 0 -8.0 -8.0
CURVE 2 -6.0 -6.0

------------------------------------------------------------------------------------------ 
NUMBER OF DIRICHELET BOUNDARY CONDITION - PATCH 0
------------------------------------------------------------------------------------------ 
2

------------------------------------------------------------------------------------------ 
POINT/CURVE INDEX    (0-FREE, 1- DISPLACEMENT) VALUES (X, Y) - PATCH 0
------------------------------------------------------------------------------------------ 
CURVE 1 0 1 0.0 0.0
CURVE 3 1 0 0.0 0.0 