------------------------------------------------------------------------------------------
NUMBER OF PATCHES        
------------------------------------------------------------------------------------------
2

------------------------------------------------------------------------------------------ 
NUMBER OF CONTROL POINTS - PATCH 0
------------------------------------------------------------------------------------------ 
95

------------------------------------------------------------------------------------------ 
INDEX MATERIAL - PATCH 0
------------------------------------------------------------------------------------------ 
0

------------------------------------------------------------------------------------------ 
THICKNESS  - PATCH 0
------------------------------------------------------------------------------------------ 
0.1

------------------------------------------------------------------------------------------ 
CONTROL POINTS COORDINATES AND WEIGHT (X,Y,Z,W)  - PATCH 0
------------------------------------------------------------------------------------------ 
0.3   0.0   0.0   1.0
0.25   0.0   0.0   1.0
0.15   0.0   0.0   1.0
0.05   0.0   0.0   1.0
0.0   0.0   0.0   1.0
0.296338834765   0.0736569563736   0.0   0.987796115883
0.246949028971   0.0751300955011   0.0   0.987796115883
0.148169417382   0.078076373756   0.0   0.987796115883
0.0493898057941   0.081022652011   0.0   0.987796115883
4.16333634234e-17   0.0824957911384   0.0   0.987796115883
0.302494983282   0.218274166241   0.0   0.964913833163
0.254379499957   0.222639649566   0.0   0.964913833163
0.158148533308   0.231370616215   0.0   0.964913833163
0.0619175666581   0.240101582865   0.0   0.964913833163
0.0138020833333   0.24446706619   0.0   0.964913833163
0.352164643022   0.427109872401   0.0   0.935166865627
0.306122445573   0.435652069849   0.0   0.935166865627
0.214038050677   0.452736464745   0.0   0.935166865627
0.121953655781   0.469820859642   0.0   0.935166865627
0.0759114583333   0.47836305709   0.0   0.935166865627
0.442269739724   0.627855469922   0.0   0.909996354635
0.398462630326   0.64041257932   0.0   0.909996354635
0.310848411529   0.665526798117   0.0   0.909996354635
0.223234192732   0.690641016914   0.0   0.909996354635
0.179427083333   0.703198126313   0.0   0.909996354635
0.57281027339   0.820510958802   0.0   0.889402300188
0.531400054214   0.836921177978   0.0   0.889402300188
0.448579615861   0.869741616331   0.0   0.889402300188
0.365759177509   0.902562054683   0.0   0.889402300188
0.324348958333   0.918972273859   0.0   0.889402300188
0.743786244018   1.00507633904   0.0   0.873384702284
0.704934717238   1.02517786582   0.0   0.873384702284
0.627231663676   1.06538091939   0.0   0.873384702284
0.549528610114   1.10558397295   0.0   0.873384702284
0.510677083333   1.12568549973   0.0   0.873384702284
0.95519765161   1.18155161064   0.0   0.861943560924
0.919066619398   1.20518264286   0.0   0.861943560924
0.846804554972   1.25244470728   0.0   0.861943560924
0.774542490546   1.29970677171   0.0   0.861943560924
0.738411458333   1.32333780392   0.0   0.861943560924
1.20704449617   1.34993677360   0.0   0.855078876108
1.17379576069   1.37693550908   0.0   0.855078876108
1.10729828975   1.43093298002   0.0   0.855078876108
1.04080081881   1.48493045096   0.0   0.855078876108
1.00755208333   1.51192918644   0.0   0.855078876108
1.49932677768   1.51023182792   0.0   0.852790647836
1.46912214113   1.54043646448   0.0   0.852790647836
1.40871286801   1.60084573760   0.0   0.852790647836
1.34830359489   1.66125501072   0.0   0.852790647836
1.31809895833   1.69145964727   0.0   0.852790647836
1.83204449617   1.66243677360   0.0   0.855078876108
1.80504576069   1.69568550908   0.0   0.855078876108
1.75104828975   1.76218298002   0.0   0.855078876108
1.69705081881   1.82868045096   0.0   0.855078876108
1.67005208333   1.86192918644   0.0   0.855078876108
2.20519765161   1.80655161064   0.0   0.861943560924
2.18156661940   1.84268264286   0.0   0.861943560924
2.13430455497   1.91494470728   0.0   0.861943560924
2.08704249055   1.98720677171   0.0   0.861943560924
2.06341145833   2.02333780392   0.0   0.861943560924
2.61878624402   1.94257633904   0.0   0.873384702284
2.59868471724   1.98142786582   0.0   0.873384702284
2.55848166368   2.05913091939   0.0   0.873384702284
2.51827861011   2.13683397295   0.0   0.873384702284
2.49817708333   2.17568549973   0.0   0.873384702284
3.07281027339   2.07051095880   0.0   0.889402300188
3.05640005421   2.11192117798   0.0   0.889402300188
3.02357961586   2.19474161633   0.0   0.889402300188
2.99075917751   2.27756205468   0.0   0.889402300188
2.97434895833   2.31897227386   0.0   0.889402300188
3.56726973972   2.19035546992   0.0   0.909996354635
3.55471263033   2.23416257932   0.0   0.909996354635
3.52959841153   2.32177679812   0.0   0.909996354635
3.50448419273   2.40939101691   0.0   0.909996354635
3.49192708333   2.45319812631   0.0   0.909996354635
4.10216464302   2.30210987240   0.0   0.935166865627
4.09362244557   2.34815206985   0.0   0.935166865627
4.07653805068   2.44023646475   0.0   0.935166865627
4.05945365578   2.53232085964   0.0   0.935166865627
4.05091145833   2.57836305709   0.0   0.935166865627
4.67749498328   2.40577416624   0.0   0.964913833163
4.67312949996   2.45388964957   0.0   0.964913833163
4.66439853331   2.55012061622   0.0   0.964913833163
4.65566756666   2.64635158286   0.0   0.964913833163
4.65130208333   2.69446706619   0.0   0.964913833163
5.08800550143   2.46949028971   0.0   0.987796115883
5.08653236230   2.51888009550   0.0   0.987796115883
5.08358608405   2.61765970709   0.0   0.987796115883
5.08063980579   2.71643931868   0.0   0.987796115883
5.07916666667   2.76582912447   0.0   0.987796115883
5.3   2.5   0.0   1.0
5.3   2.55   0.0   1.0
5.3   2.65   0.0   1.0
5.3   2.75   0.0   1.0
5.3   2.8   0.0   1.0

------------------------------------------------------------------------------------------ 
Number of control points  - (u, v, t) - PATCH 0
------------------------------------------------------------------------------------------ 
19   5   0

------------------------------------------------------------------------------------------ 
Degree (u,v,t) - PATCH 0
------------------------------------------------------------------------------------------ 
3   3   0

------------------------------------------------------------------------------------------ 
KNOT VECTOR (u) - PATCH 0
------------------------------------------------------------------------------------------ 
0.0
0.0
0.0
0.0
0.0625
0.125
0.1875
0.25
0.3125
0.375
0.4375
0.5
0.5625
0.625
0.6875
0.75
0.8125
0.875
0.9375
1.0
1.0
1.0
1.0

------------------------------------------------------------------------------------------ 
KNOT VECTOR (v) - PATCH 0
------------------------------------------------------------------------------------------ 
0.0
0.0
0.0
0.0
0.5
1.0
1.0
1.0
1.0

------------------------------------------------------------------------------------------ 
NUMBER OF NEUMMAN BOUNDARY CONDITION - PATCH 1
------------------------------------------------------------------------------------------ 
1

------------------------------------------------------------------------------------------ 
POINT/CURVE INDEX    VALUES (X, Y) - PATCH 1
------------------------------------------------------------------------------------------ 
POINT 94 0.0 -10000.0

------------------------------------------------------------------------------------------ 
NUMBER OF DIRICHELET BOUNDARY CONDITION - PATCH 1
------------------------------------------------------------------------------------------ 
1

------------------------------------------------------------------------------------------ 
POINT/CURVE INDEX    (0-FREE, 1- DISPLACEMENT) VALUES (X, Y) - PATCH 1
------------------------------------------------------------------------------------------ 
CURVE 3 1 1 0.0 0.0

------------------------------------------------------------------------------------------ 
NUMBER OF CONTROL POINTS - PATCH 0
------------------------------------------------------------------------------------------ 
95

------------------------------------------------------------------------------------------ 
INDEX MATERIAL - PATCH 0
------------------------------------------------------------------------------------------ 
0

------------------------------------------------------------------------------------------ 
THICKNESS  - PATCH 0
------------------------------------------------------------------------------------------ 
0.1

------------------------------------------------------------------------------------------ 
CONTROL POINTS COORDINATES AND WEIGHT (X,Y,Z,W)  - PATCH 0
------------------------------------------------------------------------------------------ 
5.3   2.5   0.0   1.0
5.3   2.55   0.0   1.0
5.3   2.65   0.0   1.0
5.3   2.75   0.0   1.0
5.3   2.8   0.0   1.0
5.38263332693   2.46949028971   0.0   0.987796115883
5.38410646605   2.51888009550   0.0   0.987796115883
5.38705274431   2.61765970709   0.0   0.987796115883
5.38999902256   2.71643931868   0.0   0.987796115883
5.39147216169   2.76582912447   0.0   0.987796115883
5.55059164825   2.40577416624   0.0   0.964913833163
5.55495713157   2.45388964957   0.0   0.964913833163
5.56368809822   2.55012061622   0.0   0.964913833163
5.57241906487   2.64635158286   0.0   0.964913833163
5.57678454819   2.69446706619   0.0   0.964913833163
5.81060413263   2.30210987240   0.0   0.935166865627
5.81914633008   2.34815206985   0.0   0.935166865627
5.83623072497   2.44023646475   0.0   0.935166865627
5.85331511987   2.53232085964   0.0   0.935166865627
5.86185731732   2.57836305709   0.0   0.935166865627
6.07869161941   2.19035546992   0.0   0.909996354635
6.09124872881   2.23416257932   0.0   0.909996354635
6.11636294761   2.32177679812   0.0   0.909996354635
6.14147716640   2.40939101691   0.0   0.909996354635
6.15403427580   2.45319812631   0.0   0.909996354635
6.35485410860   2.07051095880   0.0   0.889402300188
6.37126432778   2.11192117798   0.0   0.889402300188
6.40408476613   2.19474161633   0.0   0.889402300188
6.43690520448   2.27756205468   0.0   0.889402300188
6.45331542366   2.31897227386   0.0   0.889402300188
6.63909160019   1.94257633904   0.0   0.873384702284
6.65919312697   1.98142786582   0.0   0.873384702284
6.69939618053   2.05913091939   0.0   0.873384702284
6.73959923409   2.13683397295   0.0   0.873384702284
6.75970076087   2.17568549973   0.0   0.873384702284
6.93140409418   1.80655161064   0.0   0.861943560924
6.95503512640   1.84268264286   0.0   0.861943560924
7.00229719082   1.91494470728   0.0   0.861943560924
7.04955925525   1.98720677171   0.0   0.861943560924
7.07319028746   2.02333780392   0.0   0.861943560924
7.23179159058   1.66243677360   0.0   0.855078876108
7.25879032605   1.69568550908   0.0   0.855078876108
7.31278779699   1.76218298002   0.0   0.855078876108
7.36678526794   1.82868045096   0.0   0.855078876108
7.39378400341   1.86192918644   0.0   0.855078876108
7.54025408938   1.51023182792   0.0   0.852790647836
7.57045872594   1.54043646448   0.0   0.852790647836
7.63086799905   1.60084573760   0.0   0.852790647836
7.69127727217   1.66125501072   0.0   0.852790647836
7.72148190873   1.69145964727   0.0   0.852790647836
7.85679159058   1.34993677360   0.0   0.855078876108
7.89004032605   1.37693550908   0.0   0.855078876108
7.95653779699   1.43093298002   0.0   0.855078876108
8.02303526794   1.48493045096   0.0   0.855078876108
8.05628400341   1.51192918644   0.0   0.855078876108
8.18140409418   1.18155161064   0.0   0.861943560924
8.21753512640   1.20518264286   0.0   0.861943560924
8.28979719082   1.25244470728   0.0   0.861943560924
8.36205925525   1.29970677171   0.0   0.861943560924
8.39819028746   1.32333780392   0.0   0.861943560924
8.51409160019   1.00507633904   0.0   0.873384702284
8.55294312697   1.02517786582   0.0   0.873384702284
8.63064618053   1.06538091939   0.0   0.873384702284
8.70834923409   1.10558397295   0.0   0.873384702284
8.74720076087   1.12568549973   0.0   0.873384702284
8.85485410860   0.820510958802   0.0   0.889402300188
8.89626432778   0.836921177978   0.0   0.889402300188
8.97908476613   0.869741616331   0.0   0.889402300188
9.06190520448   0.902562054683   0.0   0.889402300188
9.10331542366   0.918972273859   0.0   0.889402300188
9.20369161941   0.627855469922   0.0   0.909996354635
9.24749872881   0.64041257932   0.0   0.909996354635
9.33511294761   0.665526798117   0.0   0.909996354635
9.42272716640   0.690641016914   0.0   0.909996354635
9.46653427580   0.703198126313   0.0   0.909996354635
9.56060413263   0.427109872401   0.0   0.935166865627
9.60664633008   0.435652069849   0.0   0.935166865627
9.69873072497   0.452736464746   0.0   0.935166865627
9.79081511987   0.469820859642   0.0   0.935166865627
9.83685731732   0.47836305709   0.0   0.935166865627
9.92559164825   0.218274166241   0.0   0.964913833163
9.97370713157   0.222639649566   0.0   0.964913833163
10.0699380982   0.231370616215   0.0   0.964913833163
10.1661690649   0.240101582865   0.0   0.964913833163
10.2142845482   0.24446706619   0.0   0.964913833163
10.1742999936   0.0736569563736   0.0   0.987796115883
10.2236897994   0.0751300955011   0.0   0.987796115883
10.3224694110   0.078076373756   0.0   0.987796115883
10.4212490226   0.081022652011   0.0   0.987796115883
10.4706388284   0.0824957911385   0.0   0.987796115883
10.3   2.96059473233e-14   0.0   1.0
10.35   2.99020067966e-14   0.0   1.0
10.45   3.0494125743e-14   0.0   1.0
10.55   3.10862446895e-14   0.0   1.0
10.6   3.13823041627e-14   0.0   1.0

------------------------------------------------------------------------------------------ 
Number of control points  - (u, v, t) - PATCH 0
------------------------------------------------------------------------------------------ 
19   5   0

------------------------------------------------------------------------------------------ 
Degree (u,v,t) - PATCH 0
------------------------------------------------------------------------------------------ 
3   3   0

------------------------------------------------------------------------------------------ 
KNOT VECTOR (u) - PATCH 0
------------------------------------------------------------------------------------------ 
0.0
0.0
0.0
0.0
0.0625
0.125
0.1875
0.25
0.3125
0.375
0.4375
0.5
0.5625
0.625
0.6875
0.75
0.8125
0.875
0.9375
1.0
1.0
1.0
1.0

------------------------------------------------------------------------------------------ 
KNOT VECTOR (v) - PATCH 0
------------------------------------------------------------------------------------------ 
0.0
0.0
0.0
0.0
0.5
1.0
1.0
1.0
1.0

------------------------------------------------------------------------------------------ 
NUMBER OF NEUMMAN BOUNDARY CONDITION - PATCH 0
------------------------------------------------------------------------------------------ 
0

------------------------------------------------------------------------------------------ 
POINT/CURVE INDEX    VALUES (X, Y) - PATCH 0
------------------------------------------------------------------------------------------ 

------------------------------------------------------------------------------------------ 
NUMBER OF DIRICHELET BOUNDARY CONDITION - PATCH 1
------------------------------------------------------------------------------------------ 
1

------------------------------------------------------------------------------------------ 
POINT/CURVE INDEX    (0-FREE, 1- DISPLACEMENT) VALUES (X, Y) - PATCH 1
------------------------------------------------------------------------------------------ 
CURVE 1 1 1 0.0 0.0