------------------------------------------------------------------------------------------
NUMBER OF PATCHES        
------------------------------------------------------------------------------------------
2

------------------------------------------------------------------------------------------
NUMBER OF CONTROL POINTS - PATCH 0        
------------------------------------------------------------------------------------------
114

------------------------------------------------------------------------------------------
INDEX MATERIAL - PATCH 0
------------------------------------------------------------------------------------------
0 

------------------------------------------------------------------------------------------
THICKNESS - PATCH 0        
------------------------------------------------------------------------------------------
0.10
     
------------------------------------------------------------------------------------------
CONTROL POINTS COORDINATES AND WEIGHT (X,Y,Z,W) - PATCH 0
------------------------------------------------------------------------------------------
-5.0   0.0   0.0   1.0
-5.03333333333   0.0   0.0   1.0
-5.1   0.0   0.0   1.0
-5.2   0.0   0.0   1.0
-5.26666666667   0.0   0.0   1.0
-5.3   0.0   0.0   1.0
-4.86270354556   0.16573148119   0.0   0.972540709111
-4.89512156919   0.167941234273   0.0   0.972540709111
-4.95995761647   0.172360740438   0.0   0.972540709111
-5.05721168738   0.178989999686   0.0   0.972540709111
-5.12204773465   0.183409505851   0.0   0.972540709111
-5.15446575829   0.185619258933   0.0   0.972540709111
-4.61209923461   0.431487608508   0.0   0.932814326738
-4.64284656284   0.437240776621   0.0   0.932814326738
-4.70434121930   0.448747112848   0.0   0.932814326738
-4.79658320399   0.466006617188   0.0   0.932814326738
-4.85807786046   0.477512953415   0.0   0.932814326738
-4.88882518869   0.483266121528   0.0   0.932814326738
-4.17612149429   0.80530658723   0.0   0.888738916147
-4.20396230425   0.816044008394   0.0   0.888738916147
-4.25964392417   0.83751885072   0.0   0.888738916147
-4.34316635406   0.869731114209   0.0   0.888738916147
-4.39884797398   0.891205956535   0.0   0.888738916147
-4.42668878395   0.901943377698   0.0   0.888738916147
-3.77370852512   1.08403781416   0.0   0.866811607738
-3.79886658195   1.09849165168   0.0   0.866811607738
-3.84918269562   1.12739932673   0.0   0.866811607738
-3.92465686612   1.17076083929   0.0   0.866811607738
-3.97497297979   1.19966851434   0.0   0.866811607738
-4.00013103662   1.21412235186   0.0   0.866811607738
-3.32530304461   1.35203230898   0.0   0.854425429094
-3.34747173157   1.37005940643   0.0   0.854425429094
-3.39180910550   1.40611360133   0.0   0.854425429094
-3.45831516639   1.46019489369   0.0   0.854425429094
-3.50265254032   1.49624908860   0.0   0.854425429094
-3.52482122728   1.51427618605   0.0   0.854425429094
-2.98080698240   1.53085302656   0.0   0.852566392621
-3.00067902895   1.55126440025   0.0   0.852566392621
-3.04042312205   1.59208714762   0.0   0.852566392621
-3.10003926170   1.65332126868   0.0   0.852566392621
-3.1397833548   1.69414401606   0.0   0.852566392621
-3.15965540135   1.71455538975   0.0   0.852566392621
-2.59574533896   1.70851990665   0.0   0.856770550192
-2.61305030788   1.73130017207   0.0   0.856770550192
-2.64766024573   1.77686070291   0.0   0.856770550192
-2.69957515251   1.84520149918   0.0   0.856770550192
-2.73418509037   1.89076203002   0.0   0.856770550192
-2.75149005929   1.91354229544   0.0   0.856770550192
-2.29810417865   1.83216658208   0.0   0.863890805686
-2.31342487318   1.85659546984   0.0   0.863890805686
-2.34406626223   1.90545324536   0.0   0.863890805686
-2.3900283458   1.97873990865   0.0   0.863890805686
-2.42066973485   2.02759768417   0.0   0.863890805686
-2.43599042937   2.05202657193   0.0   0.863890805686
-1.97591605785   1.95401590264   0.0   0.874990894353
-1.98908883157   1.98006944801   0.0   0.874990894353
-2.01543437900   2.03217653875   0.0   0.874990894353
-2.05495270016   2.11033717485   0.0   0.874990894353
-2.08129824760   2.16244426559   0.0   0.874990894353
-2.09447102132   2.18849781096   0.0   0.874990894353
-1.71521337804   2.04477607399   0.0   0.886188967859
-1.72664813389   2.07203975497   0.0   0.886188967859
-1.74951764560   2.12656711694   0.0   0.886188967859
-1.78382191316   2.20835815990   0.0   0.886188967859
-1.80669142486   2.26288552188   0.0   0.886188967859
-1.81812618072   2.29014920286   0.0   0.886188967859
-1.43819214212   2.13388681597   0.0   0.900161362776
-1.44778008973   2.16233864018   0.0   0.900161362776
-1.46695598496   2.21924228861   0.0   0.900161362776
-1.49571982781   2.30459776125   0.0   0.900161362776
-1.51489572303   2.36150140967   0.0   0.900161362776
-1.52448367065   2.38995323388   0.0   0.900161362776
-1.19905082914   2.20557225042   0.0   0.913705348864
-1.20704450133   2.23497988043   0.0   0.913705348864
-1.22303184572   2.29379514044   0.0   0.913705348864
-1.24701286230   2.38201803046   0.0   0.913705348864
-1.26300020669   2.44083329047   0.0   0.913705348864
-1.27099387888   2.47024092048   0.0   0.913705348864
-0.948899779469   2.27542832338   0.0   0.929323768414
-0.955225777999   2.30576736769   0.0   0.929323768414
-0.967877775059   2.36644545632   0.0   0.929323768414
-0.986855770648   2.45746258925   0.0   0.929323768414
-0.999507767708   2.51814067788   0.0   0.929323768414
-1.00583376624   2.54847972219   0.0   0.929323768414
-0.717311350186   2.33604398046   0.0   0.944930621305
-0.722093425854   2.36719123354   0.0   0.944930621305
-0.73165757719   2.42948573968   0.0   0.944930621305
-0.746003804193   2.52292749890   0.0   0.944930621305
-0.755567955529   2.58522200505   0.0   0.944930621305
-0.760350031197   2.61636925812   0.0   0.944930621305
-0.47793255146   2.39460157147   0.0   0.962221307797
-0.481118768469   2.42652959243   0.0   0.962221307797
-0.487491202489   2.49038563433   0.0   0.962221307797
-0.497049853518   2.58616969719   0.0   0.962221307797
-0.503422287537   2.65002573910   0.0   0.962221307797
-0.506608504547   2.68195376005   0.0   0.962221307797
-0.241998109145   2.44871858162   0.0   0.980280874673
-0.243611429872   2.48136816271   0.0   0.980280874673
-0.246838071328   2.54666732488   0.0   0.980280874673
-0.25167803351   2.64461606815   0.0   0.980280874673
-0.254904674966   2.70991523032   0.0   0.980280874673
-0.256517995693   2.74256481141   0.0   0.980280874673
-0.08072109399   2.48328211405   0.0   0.99331284562
-0.0812592346166   2.51639254224   0.0   0.99331284562
-0.0823355158698   2.58261339861   0.0   0.99331284562
-0.0839499377496   2.68194468317   0.0   0.99331284562
-0.0850262190028   2.74816553955   0.0   0.99331284562
-0.0855643596294   2.78127596774   0.0   0.99331284562
0.0   2.5   0.0   1.0
0.0   2.53333333333   0.0   1.0
0.0   2.6   0.0   1.0
0.0   2.7   0.0   1.0
0.0   2.76666666667   0.0   1.0
0.0   2.8   0.0   1.0

------------------------------------------------------------------------------------------
Number of control points  - (u, v, t) - PATCH 0
------------------------------------------------------------------------------------------
19 6 0

------------------------------------------------------------------------------------------
Degree (u,v,t) - PATCH 0
------------------------------------------------------------------------------------------
3 3 0

------------------------------------------------------------------------------------------
KNOT VECTOR (u) - PATCH 0
------------------------------------------------------------------------------------------
0.0000000
0.0000000
0.0000000
0.0000000
0.0625000
0.1250000
0.1875000
0.2500000
0.3125000
0.3750000
0.4375000
0.5000000
0.5625000
0.6250000
0.6875000
0.7500000
0.8125000
0.8750000
0.9375000
1.0000000
1.0000000
1.0000000
1.0000000

------------------------------------------------------------------------------------------
KNOT VECTOR (v) - PATCH 0
------------------------------------------------------------------------------------------
0.0000000000000000
0.0000000000000000
0.0000000000000000
0.0000000000000000
0.3333333333333330
0.6666666666666670
1.0000000000000000
1.0000000000000000
1.0000000000000000
1.0000000000000000

------------------------------------------------------------------------------------------
NUMBER OF NEUMMAN BOUNDARY CONDITION
------------------------------------------------------------------------------------------
1

-----------------------------------------------------------------------------------------
CONTROL POINT INDEX    VALUES (X, Y)
------------------------------------------------------------------------------------------
POINT 113 0.0 -10000.0

------------------------------------------------------------------------------------------
NUMBER OF DIRICHELET BOUNDARY CONDITION
------------------------------------------------------------------------------------------
1

------------------------------------------------------------------------------------------
CONTROL POINT INDEX    (0-FREE, 1- DISPLACEMENT) VALUES (X, Y)
------------------------------------------------------------------------------------------
CURVE 3 1 1 0.0 0.0

------------------------------------------------------------------------------------------
NUMBER OF CONTROL POINTS - PATCH 1        
------------------------------------------------------------------------------------------
114

------------------------------------------------------------------------------------------
INDEX MATERIAL - PATCH 1
------------------------------------------------------------------------------------------
0 

------------------------------------------------------------------------------------------
THICKNESS - PATCH 1     
------------------------------------------------------------------------------------------
0.1
     
------------------------------------------------------------------------------------------
CONTROL POINTS COORDINATES AND WEIGHT (X,Y,Z,W) - PATCH 1
------------------------------------------------------------------------------------------
0.0   2.5   0.0   1.0
0.0   2.53333333333   0.0   1.0
0.0   2.6   0.0   1.0
0.0   2.7   0.0   1.0
0.0   2.76666666667   0.0   1.0
0.0   2.8   0.0   1.0
0.08072109399   2.48328211405   0.0   0.99331284562
0.0812592346166   2.51639254224   0.0   0.99331284562
0.0823355158698   2.58261339861   0.0   0.99331284562
0.0839499377496   2.68194468317   0.0   0.99331284562
0.0850262190028   2.74816553955   0.0   0.99331284562
0.0855643596294   2.78127596774   0.0   0.99331284562
0.241998109145   2.44871858162   0.0   0.980280874673
0.243611429872   2.48136816271   0.0   0.980280874673
0.246838071327   2.54666732488   0.0   0.980280874673
0.25167803351   2.64461606815   0.0   0.980280874673
0.254904674966   2.70991523032   0.0   0.980280874673
0.256517995693   2.74256481141   0.0   0.980280874673
0.47793255146   2.39460157147   0.0   0.962221307797
0.481118768469   2.42652959243   0.0   0.962221307797
0.487491202489   2.49038563433   0.0   0.962221307797
0.497049853518   2.58616969719   0.0   0.962221307797
0.503422287537   2.65002573910   0.0   0.962221307797
0.506608504547   2.68195376005   0.0   0.962221307797
0.717311350186   2.33604398046   0.0   0.944930621305
0.722093425854   2.36719123354   0.0   0.944930621305
0.73165757719   2.42948573968   0.0   0.944930621305
0.746003804193   2.52292749890   0.0   0.944930621305
0.755567955529   2.58522200505   0.0   0.944930621305
0.760350031197   2.61636925812   0.0   0.944930621305
0.948906729762   2.27542650422   0.0   0.92932330003
0.955232774627   2.30576552428   0.0   0.92932330003
0.967884864357   2.36644356439   0.0   0.92932330003
0.986862998952   2.45746062456   0.0   0.92932330003
0.999515088683   2.51813866467   0.0   0.92932330003
1.00584113355   2.54847768473   0.0   0.92932330003
1.19905800195   2.20557017728   0.0   0.913704920849
1.20705172196   2.23497777964   0.0   0.913704920849
1.22303916199   2.29379298437   0.0   0.913704920849
1.24702032202   2.38201579146   0.0   0.913704920849
1.26300776205   2.44083099619   0.0   0.913704920849
1.27100148206   2.47023859855   0.0   0.913704920849
1.43819983858   2.13388434021   0.0   0.900160974581
1.44778783751   2.16233613142   0.0   0.900160974581
1.46696383535   2.21923971382   0.0   0.900160974581
1.49572783213   2.30459508743   0.0   0.900160974581
1.51490382997   2.36149866984   0.0   0.900160974581
1.52449182890   2.38995046104   0.0   0.900160974581
1.71521337812   2.04477607396   0.0   0.886188967855
1.72664813397   2.07203975494   0.0   0.886188967855
1.74951764568   2.12656711692   0.0   0.886188967855
1.78382191324   2.20835815987   0.0   0.886188967855
1.80669142495   2.26288552185   0.0   0.886188967855
1.81812618081   2.29014920283   0.0   0.886188967855
1.97591605794   1.95401590261   0.0   0.87499089435
1.98908883166   1.98006944798   0.0   0.87499089435
2.01543437910   2.03217653871   0.0   0.87499089435
2.05495270026   2.11033717482   0.0   0.87499089435
2.08129824770   2.16244426555   0.0   0.87499089435
2.09447102142   2.18849781092   0.0   0.87499089435
2.29810417865   1.83216658208   0.0   0.863890805686
2.31342487318   1.85659546984   0.0   0.863890805686
2.34406626223   1.90545324536   0.0   0.863890805686
2.3900283458   1.97873990865   0.0   0.863890805686
2.42066973485   2.02759768417   0.0   0.863890805686
2.43599042937   2.05202657193   0.0   0.863890805686
2.59574533896   1.70851990665   0.0   0.856770550192
2.61305030788   1.73130017207   0.0   0.856770550192
2.64766024573   1.77686070291   0.0   0.856770550192
2.69957515251   1.84520149918   0.0   0.856770550192
2.73418509037   1.89076203002   0.0   0.856770550192
2.75149005929   1.91354229544   0.0   0.856770550192
2.98080698240   1.53085302656   0.0   0.852566392621
3.00067902895   1.55126440025   0.0   0.852566392621
3.04042312205   1.59208714762   0.0   0.852566392621
3.10003926170   1.65332126868   0.0   0.852566392621
3.1397833548   1.69414401606   0.0   0.852566392621
3.15965540135   1.71455538975   0.0   0.852566392621
3.32943291808   1.34988857783   0.0   0.854447715519
3.35162913753   1.36788709220   0.0   0.854447715519
3.39602157644   1.40388412095   0.0   0.854447715519
3.46261023480   1.45787966406   0.0   0.854447715519
3.50700267371   1.49387669280   0.0   0.854447715519
3.52919889316   1.51187520717   0.0   0.854447715519
3.77829281377   1.08108162114   0.0   0.866999429071
3.80348143253   1.09549604276   0.0   0.866999429071
3.85385867005   1.12432488599   0.0   0.866999429071
3.92942452632   1.16756815083   0.0   0.866999429071
3.97980176384   1.19639699406   0.0   0.866999429071
4.0049903826   1.21081141568   0.0   0.866999429071
4.17990697445   0.80198690266   0.0   0.889142516996
4.20777302095   0.812680061362   0.0   0.889142516996
4.26350511394   0.834066378766   0.0   0.889142516996
4.34710325343   0.866145854872   0.0   0.889142516996
4.40283534643   0.887532172277   0.0   0.889142516996
4.43070139292   0.898225330979   0.0   0.889142516996
4.61168398948   0.431881986477   0.0   0.932761504332
4.64242854941   0.437640412964   0.0   0.932761504332
4.70391766927   0.449157265936   0.0   0.932761504332
4.79615134906   0.466432545395   0.0   0.932761504332
4.85764046892   0.477949398368   0.0   0.932761504332
4.88838502885   0.483707824854   0.0   0.932761504332
4.86230429443   0.166213419933   0.0   0.972460858886
4.89471965639   0.168429598866   0.0   0.972460858886
4.95955038032   0.172861956731   0.0   0.972460858886
5.05679646621   0.179510493528   0.0   0.972460858886
5.12162719013   0.183942851393   0.0   0.972460858886
5.15404255210   0.186159030326   0.0   0.972460858886
5.0   0.0   0.0   1.0
5.03333333333   0.0   0.0   1.0
5.1   0.0   0.0   1.0
5.2   0.0   0.0   1.0
5.26666666667   0.0   0.0   1.0
5.3   0.0   0.0   1.0

------------------------------------------------------------------------------------------
Number of control points  - (u, v, t) - PATCH 1
------------------------------------------------------------------------------------------
19 6 0

------------------------------------------------------------------------------------------
Degree (u,v,t) - PATCH 1
------------------------------------------------------------------------------------------
3 3 0

------------------------------------------------------------------------------------------
KNOT VECTOR (u) - PATCH 1
------------------------------------------------------------------------------------------
0.0000000
0.0000000
0.0000000
0.0000000
0.0625000
0.1250000
0.1875000
0.2500000
0.3125000
0.3750000
0.4375000
0.5000000
0.5625000
0.6250000
0.6875000
0.7500000
0.8125000
0.8750000
0.9375000
1.0000000
1.0000000
1.0000000
1.0000000

------------------------------------------------------------------------------------------
KNOT VECTOR (v) - PATCH 0
------------------------------------------------------------------------------------------
0.0000000000000000
0.0000000000000000
0.0000000000000000
0.0000000000000000
0.3333333333333330
0.6666666666666670
1.0000000000000000
1.0000000000000000
1.0000000000000000
1.0000000000000000

------------------------------------------------------------------------------------------
NUMBER OF NEUMMAN BOUNDARY CONDITION
------------------------------------------------------------------------------------------
0

-----------------------------------------------------------------------------------------
CONTROL POINT INDEX    VALUES (X, Y)
------------------------------------------------------------------------------------------

------------------------------------------------------------------------------------------
NUMBER OF DIRICHELET BOUNDARY CONDITION
------------------------------------------------------------------------------------------
1

------------------------------------------------------------------------------------------
CONTROL POINT INDEX    (0-FREE, 1- DISPLACEMENT) VALUES (X, Y)
------------------------------------------------------------------------------------------
CURVE 1 1 1 0.0 0.0








