------------------------------------------------------------------------------------------
NUMBER OF PATCHES        
------------------------------------------------------------------------------------------
2

------------------------------------------------------------------------------------------
NUMBER OF CONTROL POINTS - PATCH 0        
------------------------------------------------------------------------------------------
65

------------------------------------------------------------------------------------------
INDEX MATERIAL - PATCH 0
------------------------------------------------------------------------------------------
0 

------------------------------------------------------------------------------------------
THICKNESS - PATCH 0        
------------------------------------------------------------------------------------------
0.10
     
------------------------------------------------------------------------------------------
CONTROL POINTS COORDINATES AND WEIGHT (X,Y,Z,W) - PATCH 0
------------------------------------------------------------------------------------------
-5.0   0.0   0.0   1.0
-5.05   0.0   0.0   1.0
-5.15   0.0   0.0   1.0
-5.25   0.0   0.0   1.0
-5.3   0.0   0.0   1.0
-4.84679323283   0.184936927571   0.0   0.969358646567
-4.89526116516   0.188635666123   0.0   0.969358646567
-4.99219702982   0.196033143227   0.0   0.969358646567
-5.08913289447   0.20343062033   0.0   0.969358646567
-5.13760082680   0.207129358882   0.0   0.969358646567
-4.53343132278   0.509768541152   0.0   0.921798458197
-4.57876563600   0.519963911976   0.0   0.921798458197
-4.66943426246   0.540354653624   0.0   0.921798458197
-4.76010288891   0.560745395272   0.0   0.921798458197
-4.80543720214   0.570940766096   0.0   0.921798458197
-4.01940565778   0.919926415923   0.0   0.878482499038
-4.05959971436   0.938324944243   0.0   0.878482499038
-4.13998782751   0.975122000884   0.0   0.878482499038
-4.22037594067   1.01191905752   0.0   0.878482499038
-4.26056999724   1.03031758584   0.0   0.878482499038
-3.52427581290   1.24064894049   0.0   0.857790404414
-3.55951857102   1.26546191931   0.0   0.857790404414
-3.63000408728   1.31508787693   0.0   0.857790404414
-3.70048960353   1.36471383455   0.0   0.857790404414
-3.73573236166   1.38952681336   0.0   0.857790404414
-3.04816802642   1.49966285192   0.0   0.851862016016
-3.07864970669   1.52965610896   0.0   0.851862016016
-3.13961306721   1.58964262304   0.0   0.851862016016
-3.20057642774   1.64962913712   0.0   0.851862016016
-3.23105810800   1.67962239416   0.0   0.851862016016
-2.58053082789   1.71756867152   0.0   0.856362829779
-2.60633613617   1.75192004495   0.0   0.856362829779
-2.65794675272   1.82062279182   0.0   0.856362829779
-2.70955736928   1.88932553868   0.0   0.856362829779
-2.73536267755   1.92367691212   0.0   0.856362829779
-2.11000326338   1.90732622027   0.0   0.869233936298
-2.13110329601   1.94547274468   0.0   0.869233936298
-2.17330336127   2.02176579350   0.0   0.869233936298
-2.21550342653   2.09805884231   0.0   0.869233936298
-2.23660345917   2.13620536672   0.0   0.869233936298
-1.62674595065   2.07672548781   0.0   0.889663492555
-1.64301341016   2.11825999756   0.0   0.889663492555
-1.67554832917   2.20132901708   0.0   0.889663492555
-1.70808324817   2.28439803659   0.0   0.889663492555
-1.72435070768   2.32593254635   0.0   0.889663492555
-1.12074480126   2.23080269802   0.0   0.917643245292
-1.13195224927   2.27541875198   0.0   0.917643245292
-1.15436714529   2.36465085991   0.0   0.917643245292
-1.17678204131   2.45388296783   0.0   0.917643245292
-1.18798948932   2.49849902179   0.0   0.917643245292
-0.581102999187   2.37279937447   0.0   0.953797395694
-0.586914029176   2.42025536196   0.0   0.953797395694
-0.598536089153   2.51516733694   0.0   0.953797395694
-0.610158149131   2.61007931193   0.0   0.953797395694
-0.61596917912   2.65753529942   0.0   0.953797395694
-0.198971017338   2.45879175305   0.0   0.98351670122
-0.200960727508   2.50796758811   0.0   0.98351670122
-0.204940147849   2.60631925823   0.0   0.98351670122
-0.208919568189   2.70467092836   0.0   0.98351670122
-0.21090927836   2.75384676342   0.0   0.98351670122
0.0   2.5   0.0   1.0
3.14677145523e-12   2.55   0.0   1.0
9.4403143657e-12   2.65   0.0   1.0
1.57338572762e-11   2.75   0.0   1.0
1.88806287314e-11   2.8   0.0   1.0

------------------------------------------------------------------------------------------
Number of control points  - (u, v, t) - PATCH 0
------------------------------------------------------------------------------------------
13 5 0

------------------------------------------------------------------------------------------
Degree (u,v,t) - PATCH 0
------------------------------------------------------------------------------------------
3 3 0

------------------------------------------------------------------------------------------
KNOT VECTOR (u) - PATCH 0
------------------------------------------------------------------------------------------
0.000
0.000
0.000
0.000
0.100
0.200
0.300
0.400
0.500
0.600
0.700
0.800
0.900
1.000
1.000
1.000
1.000

------------------------------------------------------------------------------------------
KNOT VECTOR (v) - PATCH 0
------------------------------------------------------------------------------------------
0.00
0.00
0.00
0.00
0.50
1.00
1.00
1.00
1.00

------------------------------------------------------------------------------------------
NUMBER OF NEUMMAN BOUNDARY CONDITION
------------------------------------------------------------------------------------------
1

-----------------------------------------------------------------------------------------
CONTROL POINT INDEX    VALUES (X, Y)
------------------------------------------------------------------------------------------
POINT 64 0.0 -10000.0

------------------------------------------------------------------------------------------
NUMBER OF DIRICHELET BOUNDARY CONDITION
------------------------------------------------------------------------------------------
1

------------------------------------------------------------------------------------------
CONTROL POINT INDEX    (0-FREE, 1- DISPLACEMENT) VALUES (X, Y)
------------------------------------------------------------------------------------------
CURVE 3 1 1 0.0 0.0

------------------------------------------------------------------------------------------
NUMBER OF CONTROL POINTS - PATCH 1        
------------------------------------------------------------------------------------------
40

------------------------------------------------------------------------------------------
INDEX MATERIAL - PATCH 1
------------------------------------------------------------------------------------------
0 

------------------------------------------------------------------------------------------
THICKNESS - PATCH 1     
------------------------------------------------------------------------------------------
0.1
     
------------------------------------------------------------------------------------------
CONTROL POINTS COORDINATES AND WEIGHT (X,Y,Z,W) - PATCH 1
------------------------------------------------------------------------------------------
0.0   2.5   0.0   1.0
-3.14677145523e-12   2.55   0.0   1.0
-9.4403143657e-12   2.65   0.0   1.0
-1.57338572762e-11   2.75   0.0   1.0
-1.88806287314e-11   2.8   0.0   1.0
0.391805649326   2.41885439312   0.0   0.967541757247
0.395723705817   2.46723148098   0.0   0.967541757247
0.403559818797   2.56398565671   0.0   0.967541757247
0.411395931778   2.66073983243   0.0   0.967541757247
0.415313988268   2.70911692029   0.0   0.967541757247
1.12873225318   2.23956317232   0.0   0.914035812695
1.14001957571   2.28435443577   0.0   0.914035812695
1.16259422077   2.37393696266   0.0   0.914035812695
1.18516886583   2.46351948956   0.0   0.914035812695
1.19645618836   2.50831075301   0.0   0.914035812695
2.14061360362   1.90870356048   0.0   0.864515409827
2.16201973965   1.94687763169   0.0   0.864515409827
2.20483201172   2.02322577411   0.0   0.864515409827
2.24764428379   2.09957391654   0.0   0.864515409827
2.26905041982   2.13774798775   0.0   0.864515409827
3.11248665073   1.48644320353   0.0   0.846505070144
3.14361151724   1.51617206760   0.0   0.846505070144
3.20586125025   1.57562979575   0.0   0.846505070144
3.26811098326   1.63508752389   0.0   0.846505070144
3.29923584976   1.66481638797   0.0   0.846505070144
4.13257461207   0.87757504026   0.0   0.874456770009
4.17390035819   0.895126541067   0.0   0.874456770009
4.25655185043   0.93022954268   0.0   0.874456770009
4.33920334267   0.965332544294   0.0   0.874456770009
4.38052908879   0.982884045101   0.0   0.874456770009
4.71798989968   0.340416304457   0.0   0.943597979936
4.76516979868   0.347224630547   0.0   0.943597979936
4.85952959667   0.360841282727   0.0   0.943597979936
4.95388939466   0.374457934907   0.0   0.943597979936
5.00106929366   0.381266260997   0.0   0.943597979936
5.0   0.0   0.0   1.0
5.05   0.0   0.0   1.0
5.15   0.0   0.0   1.0
5.25   0.0   0.0   1.0
5.3   0.0   0.0   1.0

------------------------------------------------------------------------------------------
Number of control points  - (u, v, t) - PATCH 1
------------------------------------------------------------------------------------------
8 5 0

------------------------------------------------------------------------------------------
Degree (u,v,t) - PATCH 1
------------------------------------------------------------------------------------------
3 3 0

------------------------------------------------------------------------------------------
KNOT VECTOR (u) - PATCH 1
------------------------------------------------------------------------------------------
0
0
0
0
0.2
0.4
0.6
0.8
1
1
1
1

------------------------------------------------------------------------------------------
KNOT VECTOR (v) - PATCH 0
------------------------------------------------------------------------------------------
0.00
0.00
0.00
0.00
0.50
1.00
1.00
1.00
1.00

------------------------------------------------------------------------------------------
NUMBER OF NEUMMAN BOUNDARY CONDITION
------------------------------------------------------------------------------------------
0

-----------------------------------------------------------------------------------------
CONTROL POINT INDEX    VALUES (X, Y)
------------------------------------------------------------------------------------------

------------------------------------------------------------------------------------------
NUMBER OF DIRICHELET BOUNDARY CONDITION
------------------------------------------------------------------------------------------
1

------------------------------------------------------------------------------------------
CONTROL POINT INDEX    (0-FREE, 1- DISPLACEMENT) VALUES (X, Y)
------------------------------------------------------------------------------------------
CURVE 1 1 1 0.0 0.0








