------------------------------------------------------------------------------------------
NUMBER OF PATCHES        
------------------------------------------------------------------------------------------
0

------------------------------------------------------------------------------------------
NUMBER OF CONTROL POINTS - PATCH 0        
------------------------------------------------------------------------------------------
100

------------------------------------------------------------------------------------------
INDEX MATERIAL - PATCH 0
------------------------------------------------------------------------------------------
0 

------------------------------------------------------------------------------------------
THICKNESS - PATCH 0        
------------------------------------------------------------------------------------------
1.0
     
------------------------------------------------------------------------------------------
CONTROL POINTS COORDINATES AND WEIGHT (X,Y,Z,W) - PATCH 0
------------------------------------------------------------------------------------------
0.0   0.0   0.0   1.0
0.0   0.125   0.0   1.0
0.0   0.375   0.0   1.0
0.0   0.625   0.0   1.0
0.0   0.875   0.0   1.0
0.0   1.125   0.0   1.0
0.0   1.375   0.0   1.0
0.0   1.625   0.0   1.0
0.0   1.875   0.0   1.0
0.0   2.0   0.0   1.0
0.125   0.0   0.0   1.0
0.125   0.125   0.0   1.0
0.125   0.375   0.0   1.0
0.125   0.625   0.0   1.0
0.125   0.875   0.0   1.0
0.125   1.125   0.0   1.0
0.125   1.375   0.0   1.0
0.125   1.625   0.0   1.0
0.125   1.875   0.0   1.0
0.125   2.0   0.0   1.0
0.375   0.0   0.0   1.0
0.375   0.125   0.0   1.0
0.375   0.375   0.0   1.0
0.375   0.625   0.0   1.0
0.375   0.875   0.0   1.0
0.375   1.125   0.0   1.0
0.375   1.375   0.0   1.0
0.375   1.625   0.0   1.0
0.375   1.875   0.0   1.0
0.375   2.0   0.0   1.0
0.625   0.0   0.0   1.0
0.625   0.125   0.0   1.0
0.625   0.375   0.0   1.0
0.625   0.625   0.0   1.0
0.625   0.875   0.0   1.0
0.625   1.125   0.0   1.0
0.625   1.375   0.0   1.0
0.625   1.625   0.0   1.0
0.625   1.875   0.0   1.0
0.625   2.0   0.0   1.0
0.875   0.0   0.0   1.0
0.875   0.125   0.0   1.0
0.875   0.375   0.0   1.0
0.875   0.625   0.0   1.0
0.875   0.875   0.0   1.0
0.875   1.125   0.0   1.0
0.875   1.375   0.0   1.0
0.875   1.625   0.0   1.0
0.875   1.875   0.0   1.0
0.875   2.0   0.0   1.0
1.125   0.0   0.0   1.0
1.125   0.125   0.0   1.0
1.125   0.375   0.0   1.0
1.125   0.625   0.0   1.0
1.125   0.875   0.0   1.0
1.125   1.125   0.0   1.0
1.125   1.375   0.0   1.0
1.125   1.625   0.0   1.0
1.125   1.875   0.0   1.0
1.125   2.0   0.0   1.0
1.375   0.0   0.0   1.0
1.375   0.125   0.0   1.0
1.375   0.375   0.0   1.0
1.375   0.625   0.0   1.0
1.375   0.875   0.0   1.0
1.375   1.125   0.0   1.0
1.375   1.375   0.0   1.0
1.375   1.625   0.0   1.0
1.375   1.875   0.0   1.0
1.375   2.0   0.0   1.0
1.625   0.0   0.0   1.0
1.625   0.125   0.0   1.0
1.625   0.375   0.0   1.0
1.625   0.625   0.0   1.0
1.625   0.875   0.0   1.0
1.625   1.125   0.0   1.0
1.625   1.375   0.0   1.0
1.625   1.625   0.0   1.0
1.625   1.875   0.0   1.0
1.625   2.0   0.0   1.0
1.875   0.0   0.0   1.0
1.875   0.125   0.0   1.0
1.875   0.375   0.0   1.0
1.875   0.625   0.0   1.0
1.875   0.875   0.0   1.0
1.875   1.125   0.0   1.0
1.875   1.375   0.0   1.0
1.875   1.625   0.0   1.0
1.875   1.875   0.0   1.0
1.875   2.0   0.0   1.0
2.0   0.0   0.0   1.0
2.0   0.125   0.0   1.0
2.0   0.375   0.0   1.0
2.0   0.625   0.0   1.0
2.0   0.875   0.0   1.0
2.0   1.125   0.0   1.0
2.0   1.375   0.0   1.0
2.0   1.625   0.0   1.0
2.0   1.875   0.0   1.0
2.0   2.0   0.0   1.0

------------------------------------------------------------------------------------------
Number of control points  - (u, v, t) - PATCH 0
------------------------------------------------------------------------------------------
10 10 0

------------------------------------------------------------------------------------------
Degree (u,v,t) - PATCH 0
------------------------------------------------------------------------------------------
2 2 0

------------------------------------------------------------------------------------------
KNOT VECTOR (u) - PATCH 0
------------------------------------------------------------------------------------------
0.000000
0.000000
0.000000
0.125000
0.250000
0.375000
0.500000
0.625000
0.750000
0.875000
1.000000
1.000000
1.000000

------------------------------------------------------------------------------------------
KNOT VECTOR (v) - PATCH 0
------------------------------------------------------------------------------------------
0.000000
0.000000
0.000000
0.125000
0.250000
0.375000
0.500000
0.625000
0.750000
0.875000
1.000000
1.000000
1.000000

------------------------------------------------------------------------------------------
NUMBER OF NEUMMAN BOUNDARY CONDITION
------------------------------------------------------------------------------------------
1

-----------------------------------------------------------------------------------------
CONTROL POINT INDEX    VALUES (X, Y)
------------------------------------------------------------------------------------------
CURVE 2 0.0 20.0

------------------------------------------------------------------------------------------
NUMBER OF DIRICHELET BOUNDARY CONDITION
------------------------------------------------------------------------------------------
2

------------------------------------------------------------------------------------------
CONTROL POINT INDEX    (0-FREE, 1- DISPLACEMENT) VALUES (X, Y)
------------------------------------------------------------------------------------------
CURVE 0 0 1 0.0 0.0
POINT 0 1 0 0.0 0.0
