------------------------------------------------------------------------------------------
NUMBER OF PATCHES        
------------------------------------------------------------------------------------------
4

------------------------------------------------------------------------------------------
NUMBER OF CONTROL POINTS - PATCH 0        
------------------------------------------------------------------------------------------
64

------------------------------------------------------------------------------------------
INDEX MATERIAL - PATCH 0
------------------------------------------------------------------------------------------
0 

------------------------------------------------------------------------------------------
THICKNESS - PATCH 0        
------------------------------------------------------------------------------------------
1.0
     
------------------------------------------------------------------------------------------
CONTROL POINTS COORDINATES AND WEIGHT (X,Y,Z,W) - PATCH 0
------------------------------------------------------------------------------------------
0.0   0.0   0.0   1.0
0.0   0.135212468686   0.0   1.0
0.0   0.403287479601   0.0   1.0
0.0   0.801492373515   0.0   1.0
0.0   1.19849586442   0.0   1.0
0.0   1.59670622204   0.0   1.0
0.0   1.86478607983   0.0   1.0
0.0   2.0   0.0   1.0
0.0619526214588   0.0619526214588   0.0   1.0
0.0614580325695   0.188645965446   0.0   1.0
0.0606268062636   0.440004576349   0.0   1.0
0.0599708356414   0.813675918791   0.0   1.0
0.0599709924053   1.18631388053   0.0   1.0
0.0606270343558   1.55998995456   0.0   1.0
0.0614581247983   1.81135277257   0.0   1.0
0.0619526216342   1.93804737872   0.0   1.0
0.185857864376   0.185857864376   0.0   1.0
0.184374097708   0.295512958966   0.0   1.0
0.181880418791   0.513438769844   0.0   1.0
0.179912506924   0.838043009345   0.0   1.0
0.179912977216   1.16194991276   0.0   1.0
0.181881103068   1.48655741959   0.0   1.0
0.184374374395   1.70448615803   0.0   1.0
0.185857864903   1.81414213615   0.0   1.0
0.371715728753   0.371715728753   0.0   1.0
0.368748195417   0.455813449245   0.0   1.0
0.363760837582   0.623590060087   0.0   1.0
0.359825013848   0.874593645175   0.0   1.0
0.359825954432   1.12540396111   0.0   1.0
0.363762206135   1.37640861713   0.0   1.0
0.36874874879   1.54418623623   0.0   1.0
0.371715729805   1.6282842723   0.0   1.0
0.557573593129   0.557573593129   0.0   1.0
0.553122293125   0.616113939525   0.0   1.0
0.545641256373   0.733741350331   0.0   1.0
0.539737520772   0.911144281005   0.0   1.0
0.539738931647   1.08885800946   0.0   1.0
0.545643309203   1.26625981468   0.0   1.0
0.553123123184   1.38388631443   0.0   1.0
0.557573594708   1.44242640845   0.0   1.0
0.743431457505   0.743431457505   0.0   1.0
0.737496390833   0.776414429804   0.0   1.0
0.727521675164   0.843892640574   0.0   1.0
0.719650027696   0.947694916835   0.0   1.0
0.719651908863   1.05231205781   0.0   1.0
0.72752441227   1.15611101223   0.0   1.0
0.737497497579   1.22358639263   0.0   1.0
0.743431459611   1.25656854460   0.0   1.0
0.867336700423   0.867336700423   0.0   1.0
0.860412455972   0.883281423324   0.0   1.0
0.848775287691   0.91732683407   0.0   1.0
0.839591698979   0.972062007388   0.0   1.0
0.839593893674   1.02794809004   0.0   1.0
0.848778480982   1.08267847726   0.0   1.0
0.860413747176   1.11671977809   0.0   1.0
0.867336702879   1.13266330203   0.0   1.0
0.929289321881   0.929289321881   0.0   1.0
0.921870488542   0.936714920083   0.0   1.0
0.909402093955   0.954043930817   0.0   1.0
0.89956253462   0.984245552665   0.0   1.0
0.899564886079   1.01576610616   0.0   1.0
0.909405515338   1.04596220977   0.0   1.0
0.921871871974   1.06328647082   0.0   1.0
0.929289324513   1.07071068075   0.0   1.0

------------------------------------------------------------------------------------------
Number of control points  - (u, v, t) - PATCH 0
------------------------------------------------------------------------------------------
8 8 0

------------------------------------------------------------------------------------------
Degree (u,v,t) - PATCH 0
------------------------------------------------------------------------------------------
3 3 0

------------------------------------------------------------------------------------------
KNOT VECTOR (u) - PATCH 0
------------------------------------------------------------------------------------------
0.00000000000
0.00000000000
0.00000000000
0.00000000000
0.20000000000
0.40000000000
0.60000000000
0.80000000000
1.00000000000
1.00000000000
1.00000000000
1.00000000000

------------------------------------------------------------------------------------------
KNOT VECTOR (v) - PATCH 0
------------------------------------------------------------------------------------------
0.00000000000
0.00000000000
0.00000000000
0.00000000000
0.20000000000
0.40000000000
0.60000000000
0.80000000000
1.00000000000
1.00000000000
1.00000000000
1.00000000000

------------------------------------------------------------------------------------------
NUMBER OF NEUMMAN BOUNDARY CONDITION
------------------------------------------------------------------------------------------
0

-----------------------------------------------------------------------------------------
CONTROL POINT INDEX    VALUES (X, Y)
------------------------------------------------------------------------------------------

------------------------------------------------------------------------------------------
NUMBER OF DIRICHELET BOUNDARY CONDITION
------------------------------------------------------------------------------------------
0

------------------------------------------------------------------------------------------
CONTROL POINT INDEX    (0-FREE, 1- DISPLACEMENT) VALUES (X, Y)
------------------------------------------------------------------------------------------

------------------------------------------------------------------------------------------
NUMBER OF CONTROL POINTS - PATCH 1    
------------------------------------------------------------------------------------------
64

------------------------------------------------------------------------------------------
INDEX MATERIAL - PATCH 1
------------------------------------------------------------------------------------------
0 

------------------------------------------------------------------------------------------
THICKNESS - PATCH 1       
------------------------------------------------------------------------------------------
1.0
     
------------------------------------------------------------------------------------------
CONTROL POINTS COORDINATES AND WEIGHT (X,Y,Z,W) - PATCH 1
------------------------------------------------------------------------------------------
0.929289319249   1.07071067549   0.0   1.0
0.867336697966   1.13266329712   0.0   1.0
0.743431455399   1.25656854039   0.0   1.0
0.55757359155   1.44242640529   0.0   1.0
0.3717157277   1.62828427019   0.0   1.0
0.18585786385   1.81414213510   0.0   1.0
0.0619526212833   1.93804737837   0.0   1.0
0.0   2.0   0.0   1.0
0.936714916927   1.07812950905   0.0   1.0
0.883281420412   1.13958754178   0.0   1.0
0.776414427382   1.26250360724   0.0   1.0
0.616113937836   1.44687770543   0.0   1.0
0.45581344829   1.63125180362   0.0   1.0
0.295512958744   1.81562590181   0.0   1.0
0.188645965714   1.93854196727   0.0   1.0
0.135212469199   2.0   0.0   1.0
0.954043926798   1.09059790425   0.0   1.0
0.917326830408   1.15122471063   0.0   1.0
0.843892637628   1.27247832340   0.0   1.0
0.733741348458   1.45435874255   0.0   1.0
0.623590059288   1.63623916170   0.0   1.0
0.513438770118   1.81811958085   0.0   1.0
0.440004577339   1.93937319362   0.0   1.0
0.403287480949   2.0   0.0   1.0
0.984245547976   1.10043746476   0.0   1.0
0.972062003145   1.16040830044   0.0   1.0
0.947694913482   1.28034997181   0.0   1.0
0.911144278987   1.46026247885   0.0   1.0
0.874593644493   1.64017498590   0.0   1.0
0.838043009998   1.82008749295   0.0   1.0
0.813675920335   1.94002916432   0.0   1.0
0.801492375504   2.0   0.0   1.0
1.01576610147   1.10043511454   0.0   1.0
1.02794808580   1.16040610691   0.0   1.0
1.05231205446   1.28034809164   0.0   1.0
1.08885800744   1.46026106873   0.0   1.0
1.12540396043   1.64017404582   0.0   1.0
1.16194991342   1.82008702291   0.0   1.0
1.18631388208   1.94002900764   0.0   1.0
1.19849586640   2.0   0.0   1.0
1.04596220575   1.09059448646   0.0   1.0
1.08267847360   1.15122152069   0.0   1.0
1.15611100928   1.27247558917   0.0   1.0
1.26625981281   1.45435669187   0.0   1.0
1.37640861634   1.63623779458   0.0   1.0
1.48655741986   1.81811889729   0.0   1.0
1.55998995555   1.93937296576   0.0   1.0
1.59670622339   2.0   0.0   1.0
1.06328646767   1.07812813043   0.0   1.0
1.11671977518   1.13958625507   0.0   1.0
1.22358639020   1.26250250435   0.0   1.0
1.38388631274   1.44687687826   0.0   1.0
1.54418623527   1.63125125217   0.0   1.0
1.70448615781   1.81562562609   0.0   1.0
1.81135277283   1.93854187536   0.0   1.0
1.86478608034   2.0   0.0   1.0
1.07071067812   1.07071067812   0.0   1.0
1.13266329958   1.13266329958   0.0   1.0
1.25656854249   1.25656854249   0.0   1.0
1.44242640687   1.44242640687   0.0   1.0
1.62828427125   1.62828427125   0.0   1.0
1.81414213562   1.81414213562   0.0   1.0
1.93804737854   1.93804737854   0.0   1.0
2.0   2.0   0.0   1.0

------------------------------------------------------------------------------------------
Number of control points  - (u, v, t) - PATCH 1
------------------------------------------------------------------------------------------
8 8 0

------------------------------------------------------------------------------------------
Degree (u,v,t) - PATCH 1
------------------------------------------------------------------------------------------
3 3 0

------------------------------------------------------------------------------------------
KNOT VECTOR (u) - PATCH 1
------------------------------------------------------------------------------------------
0.00000000000
0.00000000000
0.00000000000
0.00000000000
0.20000000000
0.40000000000
0.60000000000
0.80000000000
1.00000000000
1.00000000000
1.00000000000
1.00000000000

------------------------------------------------------------------------------------------
KNOT VECTOR (v) - PATCH 0
------------------------------------------------------------------------------------------
0.00000000000
0.00000000000
0.00000000000
0.00000000000
0.20000000000
0.40000000000
0.60000000000
0.80000000000
1.00000000000
1.00000000000
1.00000000000
1.00000000000

------------------------------------------------------------------------------------------
NUMBER OF NEUMMAN BOUNDARY CONDITION
------------------------------------------------------------------------------------------
1

-----------------------------------------------------------------------------------------
CONTROL POINT INDEX    VALUES (X, Y)
------------------------------------------------------------------------------------------
CURVE 2 0.0 20.0

------------------------------------------------------------------------------------------
NUMBER OF DIRICHELET BOUNDARY CONDITION
------------------------------------------------------------------------------------------
0

------------------------------------------------------------------------------------------
CONTROL POINT INDEX    (0-FREE, 1- DISPLACEMENT) VALUES (X, Y)
------------------------------------------------------------------------------------------

------------------------------------------------------------------------------------------
NUMBER OF CONTROL POINTS - PATCH 2
------------------------------------------------------------------------------------------
64

------------------------------------------------------------------------------------------
INDEX MATERIAL - PATCH 2
------------------------------------------------------------------------------------------
0 

------------------------------------------------------------------------------------------
THICKNESS - PATCH 2   
------------------------------------------------------------------------------------------
1.0
     
------------------------------------------------------------------------------------------
CONTROL POINTS COORDINATES AND WEIGHT (X,Y,Z,W) - PATCH 1
------------------------------------------------------------------------------------------
1.07071067812   0.929289321882   0.0   1.0
1.07812951146   0.936714920084   0.0   1.0
1.09059790605   0.954043930818   0.0   1.0
1.10043746538   0.984245552665   0.0   1.0
1.10043511392   1.01576610616   0.0   1.0
1.09059448466   1.04596220977   0.0   1.0
1.07812812803   1.06328647082   0.0   1.0
1.07071067549   1.07071068075   0.0   1.0
1.13266329958   0.867336700423   0.0   1.0
1.13958754403   0.883281423324   0.0   1.0
1.15122471231   0.91732683407   0.0   1.0
1.16040830102   0.972062007388   0.0   1.0
1.16040610633   1.02794809004   0.0   1.0
1.15122151902   1.08267847726   0.0   1.0
1.13958625282   1.11671977809   0.0   1.0
1.13266329712   1.13266330203   0.0   1.0
1.25656854250   0.743431457505   0.0   1.0
1.26250360917   0.776414429804   0.0   1.0
1.27247832484   0.843892640574   0.0   1.0
1.28034997230   0.947694916835   0.0   1.0
1.28034809114   1.05231205781   0.0   1.0
1.27247558773   1.15611101223   0.0   1.0
1.26250250242   1.22358639263   0.0   1.0
1.25656854039   1.25656854460   0.0   1.0
1.44242640687   0.557573593129   0.0   1.0
1.44687770688   0.616113939525   0.0   1.0
1.45435874363   0.733741350331   0.0   1.0
1.46026247923   0.911144281005   0.0   1.0
1.46026106835   1.08885800946   0.0   1.0
1.45435669080   1.26625981468   0.0   1.0
1.44687687682   1.38388631443   0.0   1.0
1.44242640529   1.44242640845   0.0   1.0
1.62828427125   0.371715728753   0.0   1.0
1.63125180458   0.455813449245   0.0   1.0
1.63623916242   0.623590060088   0.0   1.0
1.64017498615   0.874593645175   0.0   1.0
1.64017404557   1.12540396111   0.0   1.0
1.63623779386   1.37640861713   0.0   1.0
1.63125125121   1.54418623623   0.0   1.0
1.62828427019   1.6282842723   0.0   1.0
1.81414213562   0.185857864376   0.0   1.0
1.81562590229   0.295512958966   0.0   1.0
1.81811958121   0.513438769844   0.0   1.0
1.82008749308   0.838043009345   0.0   1.0
1.82008702278   1.16194991276   0.0   1.0
1.81811889693   1.48655741959   0.0   1.0
1.81562562561   1.70448615803   0.0   1.0
1.81414213510   1.81414213615   0.0   1.0
1.93804737854   0.0619526214588   0.0   1.0
1.93854196743   0.188645965446   0.0   1.0
1.93937319374   0.440004576349   0.0   1.0
1.94002916436   0.813675918791   0.0   1.0
1.94002900759   1.18631388053   0.0   1.0
1.93937296564   1.55998995456   0.0   1.0
1.93854187520   1.81135277257   0.0   1.0
1.93804737837   1.93804737872   0.0   1.0
2.0   0.0   0.0   1.0
2.0   0.135212468686   0.0   1.0
2.0   0.403287479601   0.0   1.0
2.0   0.801492373515   0.0   1.0
2.0   1.19849586442   0.0   1.0
2.0   1.59670622204   0.0   1.0
2.0   1.86478607983   0.0   1.0
2.0   2.0   0.0   1.0

------------------------------------------------------------------------------------------
Number of control points  - (u, v, t) - PATCH 2
------------------------------------------------------------------------------------------
8 8 0

------------------------------------------------------------------------------------------
Degree (u,v,t) - PATCH 2
------------------------------------------------------------------------------------------
3 3 0

------------------------------------------------------------------------------------------
KNOT VECTOR (u) - PATCH 2
------------------------------------------------------------------------------------------
0.00000000000
0.00000000000
0.00000000000
0.00000000000
0.20000000000
0.40000000000
0.60000000000
0.80000000000
1.00000000000
1.00000000000
1.00000000000
1.00000000000

------------------------------------------------------------------------------------------
KNOT VECTOR (v) - PATCH 2
------------------------------------------------------------------------------------------
0.00000000000
0.00000000000
0.00000000000
0.00000000000
0.20000000000
0.40000000000
0.60000000000
0.80000000000
1.00000000000
1.00000000000
1.00000000000
1.00000000000

------------------------------------------------------------------------------------------
NUMBER OF NEUMMAN BOUNDARY CONDITION
------------------------------------------------------------------------------------------
0

-----------------------------------------------------------------------------------------
CONTROL POINT INDEX    VALUES (X, Y)
------------------------------------------------------------------------------------------

------------------------------------------------------------------------------------------
NUMBER OF DIRICHELET BOUNDARY CONDITION
------------------------------------------------------------------------------------------
0

------------------------------------------------------------------------------------------
CONTROL POINT INDEX    (0-FREE, 1- DISPLACEMENT) VALUES (X, Y)
------------------------------------------------------------------------------------------

------------------------------------------------------------------------------------------
NUMBER OF CONTROL POINTS - PATCH 3
------------------------------------------------------------------------------------------
64

------------------------------------------------------------------------------------------
INDEX MATERIAL - PATCH 3
------------------------------------------------------------------------------------------
0 

------------------------------------------------------------------------------------------
THICKNESS - PATCH 3      
------------------------------------------------------------------------------------------
1.0
     
------------------------------------------------------------------------------------------
CONTROL POINTS COORDINATES AND WEIGHT (X,Y,Z,W) - PATCH 3
------------------------------------------------------------------------------------------
0.0   0.0   0.0   1.0
0.0619526212833   0.0619526216342   0.0   1.0
0.18585786385   0.185857864903   0.0   1.0
0.3717157277   0.371715729805   0.0   1.0
0.55757359155   0.557573594708   0.0   1.0
0.743431455399   0.743431459611   0.0   1.0
0.867336697966   0.867336702879   0.0   1.0
0.929289319249   0.929289324513   0.0   1.0
0.135212469199   0.0   0.0   1.0
0.188645965714   0.0614580327299   0.0   1.0
0.295512958744   0.18437409819   0.0   1.0
0.45581344829   0.36874819638   0.0   1.0
0.616113937836   0.553122294569   0.0   1.0
0.776414427382   0.737496392759   0.0   1.0
0.883281420412   0.860412458219   0.0   1.0
0.936714916927   0.921870490949   0.0   1.0
0.403287480949   0.0   0.0   1.0
0.440004577339   0.0606268063832   0.0   1.0
0.513438770118   0.18188041915   0.0   1.0
0.623590059288   0.363760838299   0.0   1.0
0.733741348458   0.545641257449   0.0   1.0
0.843892637628   0.727521676599   0.0   1.0
0.917326830408   0.848775289365   0.0   1.0
0.954043926798   0.909402095749   0.0   1.0
0.801492375504   0.0   0.0   1.0
0.813675920335   0.0599708356829   0.0   1.0
0.838043009998   0.179912507049   0.0   1.0
0.874593644493   0.359825014097   0.0   1.0
0.911144278987   0.539737521146   0.0   1.0
0.947694913482   0.719650028195   0.0   1.0
0.972062003145   0.839591699561   0.0   1.0
0.984245547977   0.899562535244   0.0   1.0
1.19849586640   0.0   0.0   1.0
1.18631388208   0.0599709923637   0.0   1.0
1.16194991342   0.179912977091   0.0   1.0
1.12540396043   0.359825954182   0.0   1.0
1.08885800744   0.539738931273   0.0   1.0
1.05231205446   0.719651908364   0.0   1.0
1.02794808580   0.839593893091   0.0   1.0
1.01576610147   0.899564885455   0.0   1.0
1.59670622339   0.0   0.0   1.0
1.55998995555   0.0606270342362   0.0   1.0
1.48655741986   0.181881102709   0.0   1.0
1.37640861634   0.363762205417   0.0   1.0
1.26625981281   0.545643308126   0.0   1.0
1.15611100928   0.727524410835   0.0   1.0
1.08267847360   0.848778479307   0.0   1.0
1.04596220575   0.909405513543   0.0   1.0
1.86478608034   0.0   0.0   1.0
1.81135277283   0.0614581246378   0.0   1.0
1.70448615781   0.184374373913   0.0   1.0
1.54418623527   0.368748747827   0.0   1.0
1.38388631274   0.55312312174   0.0   1.0
1.22358639020   0.737497495654   0.0   1.0
1.11671977518   0.860413744929   0.0   1.0
1.06328646767   0.921871869567   0.0   1.0
2.0   0.0   0.0   1.0
1.93804737854   0.0619526214588   0.0   1.0
1.81414213562   0.185857864376   0.0   1.0
1.62828427125   0.371715728753   0.0   1.0
1.44242640687   0.557573593129   0.0   1.0
1.25656854250   0.743431457506   0.0   1.0
1.13266329958   0.867336700423   0.0   1.0
1.07071067812   0.929289321882   0.0   1.0

------------------------------------------------------------------------------------------
Number of control points  - (u, v, t) - PATCH 3
------------------------------------------------------------------------------------------
8 8 0

------------------------------------------------------------------------------------------
Degree (u,v,t) - PATCH 3
------------------------------------------------------------------------------------------
3 3 0

------------------------------------------------------------------------------------------
KNOT VECTOR (u) - PATCH 3
------------------------------------------------------------------------------------------
0.00000000000
0.00000000000
0.00000000000
0.00000000000
0.20000000000
0.40000000000
0.60000000000
0.80000000000
1.00000000000
1.00000000000
1.00000000000
1.00000000000

------------------------------------------------------------------------------------------
KNOT VECTOR (v) - PATCH 3
------------------------------------------------------------------------------------------
0.00000000000
0.00000000000
0.00000000000
0.00000000000
0.20000000000
0.40000000000
0.60000000000
0.80000000000
1.00000000000
1.00000000000
1.00000000000
1.00000000000

------------------------------------------------------------------------------------------
NUMBER OF NEUMMAN BOUNDARY CONDITION
------------------------------------------------------------------------------------------
0

-----------------------------------------------------------------------------------------
CONTROL POINT INDEX    VALUES (X, Y)
------------------------------------------------------------------------------------------

------------------------------------------------------------------------------------------
NUMBER OF DIRICHELET BOUNDARY CONDITION
------------------------------------------------------------------------------------------
2

------------------------------------------------------------------------------------------
CONTROL POINT INDEX    (0-FREE, 1- DISPLACEMENT) VALUES (X, Y)
------------------------------------------------------------------------------------------
CURVE 0 0 1 0.0 0.0
POINT 0 1 0 0.0 0.0

