------------------------------------------------------------------------------------------
NUMBER OF PATCHES        
------------------------------------------------------------------------------------------
1  
  
------------------------------------------------------------------------------------------
NUMBER OF CONTROL POINTS - PATCH 0        
------------------------------------------------------------------------------------------
85  

------------------------------------------------------------------------------------------
INDEX MATERIAL - PATCH 0
------------------------------------------------------------------------------------------
0 

------------------------------------------------------------------------------------------
THICKNESS - PATCH 0        
------------------------------------------------------------------------------------------
0.1  
     
------------------------------------------------------------------------------------------
CONTROL POINTS COORDINATES AND WEIGHT (X,Y,Z,W) - PATCH 0
------------------------------------------------------------------------------------------
0.0   0.0   0.0   1.0
0.0   0.05   0.0   1.0
0.0   0.15   0.0   1.0
0.0   0.25   0.0   1.0
0.0   0.3   0.0   1.0
0.103333333333   0.0   0.0   1.0
0.103333333333   0.05   0.0   1.0
0.103333333333   0.15   0.0   1.0
0.103333333333   0.25   0.0   1.0
0.103333333333   0.3   0.0   1.0
0.31   0.0   0.0   1.0
0.31   0.05   0.0   1.0
0.31   0.15   0.0   1.0
0.31   0.25   0.0   1.0
0.31   0.3   0.0   1.0
0.516666666667   0.0   0.0   1.0
0.516666666667   0.05   0.0   1.0
0.516666666667   0.15   0.0   1.0
0.516666666667   0.25   0.0   1.0
0.516666666667   0.3   0.0   1.0
0.723333333333   0.0   0.0   1.0
0.723333333333   0.05   0.0   1.0
0.723333333333   0.15   0.0   1.0
0.723333333333   0.25   0.0   1.0
0.723333333333   0.3   0.0   1.0
0.93   0.0   0.0   1.0
0.93   0.05   0.0   1.0
0.93   0.15   0.0   1.0
0.93   0.25   0.0   1.0
0.93   0.3   0.0   1.0
1.13666666667   0.0   0.0   1.0
1.13666666667   0.05   0.0   1.0
1.13666666667   0.15   0.0   1.0
1.13666666667   0.25   0.0   1.0
1.13666666667   0.3   0.0   1.0
1.34333333333   0.0   0.0   1.0
1.34333333333   0.05   0.0   1.0
1.34333333333   0.15   0.0   1.0
1.34333333333   0.25   0.0   1.0
1.34333333333   0.3   0.0   1.0
1.55   0.0   0.0   1.0
1.55   0.05   0.0   1.0
1.55   0.15   0.0   1.0
1.55   0.25   0.0   1.0
1.55   0.3   0.0   1.0
1.75666666667   0.0   0.0   1.0
1.75666666667   0.05   0.0   1.0
1.75666666667   0.15   0.0   1.0
1.75666666667   0.25   0.0   1.0
1.75666666667   0.3   0.0   1.0
1.96333333333   0.0   0.0   1.0
1.96333333333   0.05   0.0   1.0
1.96333333333   0.15   0.0   1.0
1.96333333333   0.25   0.0   1.0
1.96333333333   0.3   0.0   1.0
2.17   0.0   0.0   1.0
2.17   0.05   0.0   1.0
2.17   0.15   0.0   1.0
2.17   0.25   0.0   1.0
2.17   0.3   0.0   1.0
2.37666666667   0.0   0.0   1.0
2.37666666667   0.05   0.0   1.0
2.37666666667   0.15   0.0   1.0
2.37666666667   0.25   0.0   1.0
2.37666666667   0.3   0.0   1.0
2.58333333333   0.0   0.0   1.0
2.58333333333   0.05   0.0   1.0
2.58333333333   0.15   0.0   1.0
2.58333333333   0.25   0.0   1.0
2.58333333333   0.3   0.0   1.0
2.79   0.0   0.0   1.0
2.79   0.05   0.0   1.0
2.79   0.15   0.0   1.0
2.79   0.25   0.0   1.0
2.79   0.3   0.0   1.0
2.99666666667   0.0   0.0   1.0
2.99666666667   0.05   0.0   1.0
2.99666666667   0.15   0.0   1.0
2.99666666667   0.25   0.0   1.0
2.99666666667   0.3   0.0   1.0
3.1   0.0   0.0   1.0
3.1   0.05   0.0   1.0
3.1   0.15   0.0   1.0
3.1   0.25   0.0   1.0
3.1   0.3   0.0   1.0

------------------------------------------------------------------------------------------
Number of control points  - (u, v, t) - PATCH 0
------------------------------------------------------------------------------------------
17 5 0

------------------------------------------------------------------------------------------
Degree (u,v,t) - PATCH 0
------------------------------------------------------------------------------------------
2 2 0

------------------------------------------------------------------------------------------
KNOT VECTOR (u) - PATCH 0
------------------------------------------------------------------------------------------
0.0000000000000000
0.0000000000000000
0.0000000000000000
0.0666666666667742
0.1333333333332260
0.2000000000000000
0.2666666666667740
0.3333333333322580
0.4000000000000000
0.4666666666677420
0.5333333333322580
0.6000000000000000
0.6666666666677420
0.7333333333322580
0.8000000000000000
0.8666666666677420
0.9333333333322580
1.0000000000000000
1.0000000000000000
1.0000000000000000

------------------------------------------------------------------------------------------
KNOT VECTOR (v) - PATCH 0
------------------------------------------------------------------------------------------
0.000000000000000
0.000000000000000
0.000000000000000
0.333333333333333
0.666666666666667
1.000000000000000
1.000000000000000
1.000000000000000

------------------------------------------------------------------------------------------
NUMBER OF NEUMMAN BOUNDARY CONDITION
------------------------------------------------------------------------------------------
0

-----------------------------------------------------------------------------------------
CONTROL POINT INDEX    VALUES (X, Y)
------------------------------------------------------------------------------------------

------------------------------------------------------------------------------------------
NUMBER OF DIRICHELET BOUNDARY CONDITION
------------------------------------------------------------------------------------------
1

------------------------------------------------------------------------------------------
CONTROL POINT INDEX    (0-FREE, 1- DISPLACEMENT) VALUES (X, Y)
------------------------------------------------------------------------------------------
CURVE 3 1 1 0.0 0.0

POINT 0 0 1 0.0 0.0



POINT 5 187.5 0.0
POINT 11 187.5 0.0
POINT 17 187.5 0.0
POINT 23 187.5 0.0
POINT 29 187.5 0.0
POINT 35 187.5 0.0
POINT 41 187.5 0.0
POINT 47 187.5 0.0
