0.3377 -9.89109e-06
0.6754 -3.50113e-05
1.0131 -7.31436e-05
1.3508 -0.000120048
1.6885 -0.000174424
2.0262 -0.000235442
2.3639 -0.000302229
2.7016 -0.000374807
3.0393 -0.000452276
3.377 -0.000534564
3.7147 -0.000620087
4.0524 -0.000709048
4.3901 -0.00080173
4.7278 -0.000899871
5.0655 -0.00100276
5.4032 -0.00110973
5.7409 -0.00122076
6.0786 -0.00133686
6.4163 -0.00145782
6.754 -0.00158244
7.0917 -0.00170824
7.4294 -0.00183058
7.7671 -0.00194927
8.1048 -0.00207134
8.4425 -0.00220651
8.7802 -0.00235695
9.1179 -0.00251738
9.4556 -0.00268193
9.7933 -0.00285078
10.131 -0.00302357
10.4687 -0.00319518
10.8064 -0.00336399
11.1441 -0.00353203
11.4818 -0.00369749
11.8195 -0.00385468
12.1572 -0.00400391
12.4949 -0.00414777
12.8326 -0.00428769
13.1703 -0.00442373
13.508 -0.00455792
13.8457 -0.00469056
14.1834 -0.00482533
14.5211 -0.00496736
14.8588 -0.00511504
15.1965 -0.00526284
15.5342 -0.00540684
15.8719 -0.00554477
16.2096 -0.00568035
16.5473 -0.00582378
16.885 -0.00597777
17.2227 -0.00613984
17.5604 -0.00630944
17.8981 -0.00648822
18.2358 -0.00667427
18.5735 -0.00686556
18.9112 -0.00706176
19.2489 -0.00726551
19.5866 -0.00747522
19.9243 -0.00768346
20.262 -0.00788819
20.5997 -0.00809268
20.9374 -0.00829803
21.2751 -0.00850197
21.6128 -0.00870401
21.9505 -0.00890758
22.2882 -0.00912024
22.6259 -0.00934608
22.9636 -0.00958784
23.3013 -0.00984221
23.639 -0.0101017
23.9767 -0.0103641
24.3144 -0.0106318
24.6521 -0.0109065
24.9898 -0.0111913
25.3275 -0.0114868
25.6652 -0.0117904
26.0029 -0.0121023
26.3406 -0.0124215
26.6783 -0.0127456
27.016 -0.0130755
27.3537 -0.013416
27.6914 -0.0137646
28.0291 -0.0141124
28.3668 -0.0144575
28.7045 -0.0148035
29.0422 -0.0151472
29.3799 -0.0154826
29.7176 -0.0158066
30.0553 -0.016121
30.393 -0.0164328
30.7307 -0.0167477
31.0684 -0.017069
31.4061 -0.0173961
31.7438 -0.0177265
32.0815 -0.0180557
32.4192 -0.0183829
32.7569 -0.0187103
33.0946 -0.0190385
33.4323 -0.0193677
33.77 -0.0196972
34.1077 -0.020023
34.4454 -0.0203421
34.7831 -0.0206548
35.1208 -0.0209631
35.4585 -0.0212714
35.7962 -0.021578
36.1339 -0.0218792
36.4716 -0.0221746
36.8093 -0.0224684
37.147 -0.0227601
37.4847 -0.0230407
37.8224 -0.0233037
38.1601 -0.0235527
38.4978 -0.0237921
38.8355 -0.0240238
39.1732 -0.0242545
39.5109 -0.0244894
39.8486 -0.0247265
40.1863 -0.024964
40.524 -0.0252028
40.8617 -0.0254428
41.1994 -0.0256889
41.5371 -0.0259433
41.8748 -0.0262031
42.2125 -0.026464
42.5502 -0.0267227
42.8879 -0.0269775
43.2256 -0.0272307
43.5633 -0.0274847
43.901 -0.0277375
44.2387 -0.0279881
44.5764 -0.0282398
44.9141 -0.0284988
45.2518 -0.0287644
45.5895 -0.0290302
45.9272 -0.0292905
46.2649 -0.029545
46.6026 -0.0297945
46.9403 -0.0300395
47.278 -0.0302827
47.6157 -0.0305315
47.9534 -0.0307871
48.2911 -0.0310433
48.6288 -0.0312998
48.9665 -0.0315608
49.3042 -0.0318308
49.6419 -0.0321115
49.9796 -0.0324022
50.3173 -0.0326983
50.655 -0.0329947
50.9927 -0.0332892
51.3304 -0.0335816
51.6681 -0.033868
52.0058 -0.0341449
52.3435 -0.0344122
52.6812 -0.0346722
53.0189 -0.0349301
53.3566 -0.0351886
53.6943 -0.0354439
54.032 -0.035691
54.3697 -0.0359306
54.7074 -0.0361599
55.0451 -0.0363754
55.3828 -0.0365816
55.7205 -0.0367857
56.0582 -0.0369853
56.3959 -0.0371753
56.7336 -0.0373527
57.0713 -0.0375211
57.409 -0.0376883
57.7467 -0.0378554
58.0844 -0.0380224
58.4221 -0.03819
58.7598 -0.038356
59.0975 -0.0385178
59.4352 -0.0386741
59.7729 -0.0388206
60.1106 -0.0389521
60.4483 -0.0390661
60.786 -0.039165
61.1237 -0.0392526
61.4614 -0.0393314
61.7991 -0.0394036
62.1368 -0.0394693
62.4745 -0.0395265
62.8122 -0.0395736
63.1499 -0.0396105
63.4876 -0.0396409
63.8253 -0.039673
64.163 -0.039707
64.5007 -0.0397345
64.8384 -0.0397513
65.1761 -0.0397633
65.5138 -0.0397741
65.8515 -0.0397839
66.1892 -0.0397954
66.5269 -0.0398121
66.8646 -0.0398353
67.2023 -0.039864
67.54 -0.0398984
67.8777 -0.0399346
68.2154 -0.039968
68.5531 -0.0399948
68.8908 -0.0400125
69.2285 -0.0400216
69.5662 -0.0400266
69.9039 -0.0400284
70.2416 -0.0400283
70.5793 -0.0400252
70.917 -0.0400143
71.2547 -0.0399972
71.5924 -0.039981
71.9301 -0.0399723
72.2678 -0.0399708
72.6055 -0.0399714
72.9432 -0.0399683
73.2809 -0.0399632
73.6186 -0.0399576
73.9563 -0.039948
74.294 -0.0399335
74.6317 -0.0399199
74.9694 -0.0399091
75.3071 -0.0398993
75.6448 -0.039891
75.9825 -0.0398855
76.3202 -0.0398795
76.6579 -0.0398655
76.9956 -0.03984
77.3333 -0.0398021
77.671 -0.0397527
78.0087 -0.0396942
78.3464 -0.0396275
78.6841 -0.0395463
79.0218 -0.0394469
79.3595 -0.039332
79.6972 -0.0392064
80.0349 -0.0390784
80.3726 -0.0389511
80.7103 -0.0388207
81.048 -0.0386862
81.3857 -0.038549
81.7234 -0.0384062
82.0611 -0.0382541
82.3988 -0.0380915
82.7365 -0.037922
83.0742 -0.0377461
83.4119 -0.0375624
83.7496 -0.0373731
84.0873 -0.0371827
84.425 -0.0369921
84.7627 -0.0367951
85.1004 -0.0365858
85.4381 -0.0363667
85.7758 -0.0361414
86.1135 -0.0359103
86.4512 -0.0356742
86.7889 -0.0354289
87.1266 -0.0351681
87.4643 -0.0348919
87.802 -0.034607
88.1397 -0.0343183
88.4774 -0.0340303
88.8151 -0.0337464
89.1528 -0.0334683
89.4905 -0.0331973
89.8282 -0.0329322
90.1659 -0.0326707
90.5036 -0.0324111
90.8413 -0.0321546
91.179 -0.0318997
91.5167 -0.0316426
91.8544 -0.0313842
92.1921 -0.0311325
92.5298 -0.0308879
92.8675 -0.030642
93.2052 -0.0303918
93.5429 -0.0301403
93.8806 -0.0298905
94.2183 -0.0296458
94.556 -0.0294057
94.8937 -0.0291659
95.2314 -0.0289225
95.5691 -0.0286705
95.9068 -0.0284103
96.2445 -0.0281454
96.5822 -0.0278797
96.9199 -0.0276151
97.2576 -0.0273562
97.5953 -0.0271047
97.933 -0.0268586
98.2707 -0.026619
98.6084 -0.0263867
98.9461 -0.0261593
99.2838 -0.0259324
99.6215 -0.0257019
99.9592 -0.025468
100.297 -0.0252358
100.635 -0.0250044
100.972 -0.0247659
101.31 -0.0245134
101.648 -0.024251
101.985 -0.0239839
102.323 -0.0237124
102.661 -0.0234392
102.999 -0.0231667
103.336 -0.0228901
103.674 -0.0226035
104.012 -0.0223052
104.349 -0.0219957
104.687 -0.0216776
105.025 -0.021353
105.362 -0.0210247
105.7 -0.0206935
106.038 -0.0203611
106.376 -0.0200315
106.713 -0.0197074
107.051 -0.0193875
107.389 -0.0190687
107.726 -0.0187476
108.064 -0.0184265
108.402 -0.0181112
108.739 -0.0177982
109.077 -0.0174799
109.415 -0.0171518
109.752 -0.0168137
110.09 -0.0164678
110.428 -0.0161179
110.766 -0.0157669
111.103 -0.0154216
111.441 -0.0150835
111.779 -0.0147464
112.116 -0.0144065
112.454 -0.0140682
112.792 -0.0137333
113.129 -0.0133998
113.467 -0.0130694
113.805 -0.0127424
114.143 -0.0124202
114.48 -0.0121068
114.818 -0.0118062
115.156 -0.0115172
115.493 -0.0112361
115.831 -0.010963
116.169 -0.0107024
116.507 -0.0104568
116.844 -0.0102258
117.182 -0.0100033
117.52 -0.00978213
117.857 -0.00955948
118.195 -0.00933311
118.533 -0.00910142
118.87 -0.00886875
119.208 -0.0086437
119.546 -0.00842671
119.883 -0.00821297
120.221 -0.00800103
120.559 -0.00779492
120.897 -0.0075969
121.234 -0.00740501
121.572 -0.0072159
121.91 -0.00702968
122.247 -0.00684824
122.585 -0.00667199
122.923 -0.00650193
123.26 -0.00633657
123.598 -0.00617308
123.936 -0.00600901
124.274 -0.00584959
124.611 -0.00569982
124.949 -0.00555889
125.287 -0.0054251
125.624 -0.00529597
125.962 -0.00516294
126.3 -0.00502001
126.638 -0.00486623
126.975 -0.00470264
127.313 -0.00453583
127.651 -0.00436743
127.988 -0.0041922
128.326 -0.00401023
128.664 -0.00382886
129.001 -0.00365174
129.339 -0.00347694
129.677 -0.00330215
130.014 -0.00313113
130.352 -0.00296561
130.69 -0.00280493
131.028 -0.00264983
131.365 -0.00249884
131.703 -0.002348
132.041 -0.00219476
132.378 -0.0020417
132.716 -0.00189285
133.054 -0.00175344
133.392 -0.00162621
133.729 -0.00151
134.067 -0.00140006
134.405 -0.00129008
134.742 -0.00117621
135.08 -0.00106283
135.418 -0.000953444
135.755 -0.000845017
136.093 -0.000735074
136.431 -0.000624671
136.768 -0.000518805
137.106 -0.000421447
137.444 -0.000332552
137.782 -0.000250435
138.119 -0.000180658
138.457 -0.000127682
138.795 -9.07228e-05
139.132 -6.89571e-05
139.47 -6.41618e-05
139.808 -7.218e-05
140.145 -8.4143e-05
140.483 -9.82953e-05
140.821 -0.000118413
141.159 -0.000147568
141.496 -0.000190142
141.834 -0.000248114
142.172 -0.000315536
142.509 -0.000387827
142.847 -0.000463335
143.185 -0.000544539
143.523 -0.000632182
143.86 -0.000723244
144.198 -0.000813316
144.536 -0.000902552
144.873 -0.000993503
145.211 -0.00108645
145.549 -0.00117947
145.886 -0.00127243
146.224 -0.00137062
146.562 -0.001477
146.899 -0.00159217
147.237 -0.00171903
147.575 -0.00186146
147.913 -0.00201527
148.25 -0.00217211
148.588 -0.00232388
148.926 -0.00247091
149.263 -0.00261908
149.601 -0.00276865
149.939 -0.00291902
150.276 -0.00307021
150.614 -0.00321725
150.952 -0.00335873
151.29 -0.00349989
151.627 -0.00364146
151.965 -0.0037809
152.303 -0.00391694
152.64 -0.00405166
152.978 -0.00418404
153.316 -0.00431311
153.654 -0.00443788
153.991 -0.00455762
154.329 -0.00467482
154.667 -0.00479194
155.004 -0.00491077
155.342 -0.00503733
155.68 -0.00518075
156.017 -0.00534085
156.355 -0.00550864
156.693 -0.0056771
157.03 -0.00584813
157.368 -0.00602367
157.706 -0.00620383
158.044 -0.0063875
158.381 -0.00657324
158.719 -0.00675875
159.057 -0.00694303
159.394 -0.00712744
159.732 -0.0073153
160.07 -0.0075078
160.407 -0.00770462
160.745 -0.00790899
161.083 -0.00812151
161.421 -0.00834101
161.758 -0.00856563
162.096 -0.0087955
162.434 -0.00902925
162.771 -0.00926266
163.109 -0.00949713
163.447 -0.00974175
163.785 -0.0100034
164.122 -0.0102839
164.46 -0.0105785
164.798 -0.0108795
165.135 -0.0111885
165.473 -0.0115088
165.811 -0.0118367
166.148 -0.0121689
166.486 -0.0125068
166.824 -0.0128455
167.161 -0.0131794
167.499 -0.0135079
167.837 -0.0138326
168.175 -0.0141544
168.512 -0.0144744
168.85 -0.0147945
169.188 -0.0151168
169.525 -0.0154425
169.863 -0.0157723
170.201 -0.0161063
170.538 -0.0164389
170.876 -0.0167643
171.214 -0.0170807
171.552 -0.0173945
171.889 -0.017713
172.227 -0.0180371
172.565 -0.0183616
172.902 -0.0186847
173.24 -0.0190077
173.578 -0.019331
173.916 -0.0196544
174.253 -0.0199771
174.591 -0.0203
174.929 -0.0206208
175.266 -0.0209327
175.604 -0.0212306
175.942 -0.0215166
176.279 -0.0217925
176.617 -0.0220562
176.955 -0.0223076
177.292 -0.0225532
177.63 -0.0227974
177.968 -0.0230431
178.306 -0.0232947
178.643 -0.0235482
178.981 -0.0237963
179.319 -0.0240381
179.656 -0.0242797
179.994 -0.0245246
180.332 -0.0247732
180.669 -0.0250242
181.007 -0.0252751
181.345 -0.0255263
181.683 -0.0257792
182.02 -0.0260323
182.358 -0.0262896
182.696 -0.0265559
183.033 -0.0268284
183.371 -0.0271017
183.709 -0.0273717
184.047 -0.0276395
184.384 -0.0279053
184.722 -0.0281635
185.06 -0.028411
185.397 -0.0286525
185.735 -0.0288938
186.073 -0.0291406
186.41 -0.0293955
186.748 -0.0296575
187.086 -0.0299235
187.423 -0.0301904
187.761 -0.0304614
188.099 -0.0307411
188.437 -0.0310283
188.774 -0.0313195
189.112 -0.031615
189.45 -0.0319104
189.787 -0.0322005
190.125 -0.0324864
190.463 -0.0327725
190.8 -0.0330614
191.138 -0.0333527
191.476 -0.0336427
191.814 -0.0339285
192.151 -0.034213
192.489 -0.0344952
192.827 -0.0347662
193.164 -0.0350194
193.502 -0.035258
193.84 -0.0354861
194.178 -0.0357062
194.515 -0.0359215
194.853 -0.0361338
195.191 -0.0363404
195.528 -0.0365401
195.866 -0.036735
196.204 -0.0369286
196.541 -0.0371241
196.879 -0.0373206
197.217 -0.0375159
197.554 -0.0377056
197.892 -0.0378829
198.23 -0.0380456
198.568 -0.0381985
198.905 -0.0383438
199.243 -0.0384796
199.581 -0.0386041
199.918 -0.0387214
200.256 -0.0388357
200.594 -0.0389463
200.931 -0.0390473
201.269 -0.0391333
201.607 -0.0392051
201.945 -0.0392654
202.282 -0.039317
202.62 -0.0393602
202.958 -0.0393989
203.295 -0.0394347
203.633 -0.0394629
203.971 -0.0394835
204.309 -0.0395056
204.646 -0.0395337
204.984 -0.0395694
205.322 -0.0396145
205.659 -0.0396641
205.997 -0.0397112
206.335 -0.0397551
206.672 -0.0397964
207.01 -0.039834
207.348 -0.0398652
207.685 -0.0398876
208.023 -0.0399069
208.361 -0.039928
208.699 -0.0399516
209.036 -0.0399735
209.374 -0.0399908
209.712 -0.0400048
210.049 -0.0400151
210.387 -0.0400216
210.725 -0.0400272
211.062 -0.0400347
211.4 -0.0400426
211.738 -0.0400454
212.076 -0.040039
212.413 -0.0400295
212.751 -0.0400245
213.089 -0.040027
213.426 -0.0400364
213.764 -0.0400521
214.102 -0.0400712
214.44 -0.0400895
214.777 -0.0401065
215.115 -0.0401198
215.453 -0.040122
215.79 -0.0401096
216.128 -0.0400867
216.466 -0.0400563
216.803 -0.0400174
217.141 -0.0399686
217.479 -0.0399111
217.816 -0.0398425
218.154 -0.0397628
218.492 -0.0396737
218.83 -0.0395781
219.167 -0.0394817
219.505 -0.0393833
219.843 -0.0392731
220.18 -0.039146
220.518 -0.0390074
220.856 -0.0388614
221.194 -0.0387108
221.531 -0.0385571
221.869 -0.0384017
222.207 -0.0382458
222.544 -0.0380893
222.882 -0.0379302
223.22 -0.0377673
223.557 -0.0375962
223.895 -0.0374117
224.233 -0.037215
224.571 -0.0370084
224.908 -0.0367915
225.246 -0.0365636
225.584 -0.0363264
225.921 -0.0360791
226.259 -0.0358196
226.597 -0.03555
226.934 -0.0352807
227.272 -0.0350187
227.61 -0.0347621
227.947 -0.0345058
228.285 -0.034245
228.623 -0.0339802
228.961 -0.0337159
229.298 -0.0334515
229.636 -0.0331857
229.974 -0.0329234
230.311 -0.0326675
230.649 -0.0324174
230.987 -0.0321725
231.325 -0.031935
231.662 -0.0317021
232 -0.0314686
232.338 -0.0312336
232.675 -0.0309982
233.013 -0.030761
233.351 -0.0305228
233.688 -0.0302827
234.026 -0.0300353
234.364 -0.0297776
234.702 -0.0295105
235.039 -0.0292437
235.377 -0.0289861
235.715 -0.0287382
236.052 -0.0284947
236.39 -0.0282552
236.728 -0.0280201
237.065 -0.0277872
237.403 -0.0275543
237.741 -0.0273204
238.078 -0.0270863
238.416 -0.0268532
238.754 -0.0266202
239.092 -0.0263853
239.429 -0.026152
239.767 -0.0259203
240.105 -0.0256852
240.442 -0.0254431
240.78 -0.0251963
241.118 -0.0249474
241.456 -0.0246961
241.793 -0.0244388
242.131 -0.0241717
242.469 -0.0238869
242.806 -0.0235823
243.144 -0.0232684
243.482 -0.022951
243.819 -0.0226316
244.157 -0.0223114
244.495 -0.0219926
244.833 -0.0216756
245.17 -0.0213603
245.508 -0.0210441
245.846 -0.0207267
246.183 -0.02041
246.521 -0.0200925
246.859 -0.0197701
247.196 -0.0194439
247.534 -0.0191176
247.872 -0.0187909
248.209 -0.0184596
248.547 -0.0181204
248.885 -0.0177775
249.223 -0.0174367
249.56 -0.0171017
249.898 -0.0167701
250.236 -0.0164374
250.573 -0.016099
250.911 -0.0157507
251.249 -0.0153951
251.587 -0.0150398
251.924 -0.0146859
252.262 -0.0143345
252.6 -0.0139914
252.937 -0.0136586
253.275 -0.0133346
253.613 -0.0130202
253.95 -0.0127191
254.288 -0.0124314
254.626 -0.0121537
254.964 -0.0118823
255.301 -0.0116187
255.639 -0.0113643
255.977 -0.0111177
256.314 -0.0108722
256.652 -0.0106213
256.99 -0.0103695
257.327 -0.0101241
257.665 -0.00988759
258.003 -0.00966022
258.341 -0.00944238
258.678 -0.0092283
259.016 -0.00901303
259.354 -0.00879629
259.691 -0.0085799
260.029 -0.00836473
260.367 -0.00815263
260.704 -0.00794433
261.042 -0.00774062
261.38 -0.00754223
261.717 -0.00734887
262.055 -0.00716525
262.393 -0.00699371
262.731 -0.00682865
263.068 -0.00666715
263.406 -0.00651373
263.744 -0.00636954
264.081 -0.00623021
264.419 -0.00608609
264.757 -0.00593182
265.094 -0.00576695
265.432 -0.00559528
265.77 -0.00542111
266.108 -0.00524599
266.445 -0.00507246
266.783 -0.00490103
267.121 -0.00472662
267.458 -0.00454573
267.796 -0.00436305
268.134 -0.00418043
268.471 -0.0039972
268.809 -0.00381315
269.147 -0.00362885
269.485 -0.00344336
269.822 -0.00325835
270.16 -0.00307878
270.498 -0.00290575
270.835 -0.00273556
271.173 -0.00256911
271.511 -0.00241325
271.849 -0.00227159
272.186 -0.00214161
272.524 -0.00201523
272.862 -0.00188642
273.199 -0.00175353
273.537 -0.00161653
273.875 -0.00147476
274.212 -0.001334
274.55 -0.0011996
274.888 -0.0010705
275.226 -0.000944854
275.563 -0.000821583
275.901 -0.000703695
276.239 -0.000597418
276.576 -0.000503276
276.914 -0.000417341
277.252 -0.000340996
277.589 -0.000274686
277.927 -0.000217939
278.265 -0.000171565
278.603 -0.000135906
278.94 -0.000106955
279.278 -8.42064e-05
279.616 -7.54983e-05
279.953 -8.68985e-05
280.291 -0.000116423
280.629 -0.000159399
280.966 -0.000212842
281.304 -0.000271502
281.642 -0.000329543
281.979 -0.000385587
282.317 -0.000443792
282.655 -0.000506364
282.993 -0.00057337
283.33 -0.00063955
283.668 -0.000702861
284.006 -0.000769802
284.343 -0.000845017
284.681 -0.000928029
285.019 -0.00101787
285.356 -0.0011159
285.694 -0.00122294
286.032 -0.00133904
286.37 -0.00146172
286.707 -0.00158798
287.045 -0.0017131
287.383 -0.00183525
287.72 -0.0019573
288.058 -0.00208508
288.396 -0.00222119
288.733 -0.00236417
289.071 -0.00251197
289.409 -0.00266228
289.747 -0.0028076
290.084 -0.00294383
290.422 -0.00307862
290.76 -0.00321346
291.097 -0.0033435
291.435 -0.00346476
291.773 -0.00357654
292.111 -0.0036824
292.448 -0.00378727
292.786 -0.00389161
293.124 -0.00399591
293.461 -0.00410454
293.799 -0.00422283
294.137 -0.00435147
294.474 -0.00448895
294.812 -0.00463421
295.15 -0.00478315
295.488 -0.00493052
295.825 -0.00507519
296.163 -0.00522277
296.501 -0.00537628
296.838 -0.00553736
297.176 -0.0057074
297.514 -0.00588279
297.851 -0.00605787
298.189 -0.00623334
298.527 -0.00641422
298.865 -0.00660378
299.202 -0.00679906
299.54 -0.00699299
299.878 -0.00718615
300.215 -0.00738189
300.553 -0.00757934
300.891 -0.00777666
301.228 -0.0079772
301.566 -0.00818513
301.904 -0.00840464
302.241 -0.00863943
302.579 -0.00889124
302.917 -0.00916
303.255 -0.00944358
303.592 -0.00973524
303.93 -0.0100282
304.268 -0.0103249
304.605 -0.0106296
304.943 -0.0109423
305.281 -0.0112605
305.618 -0.0115822
305.956 -0.011902
306.294 -0.0122184
306.632 -0.012538
306.969 -0.0128645
307.307 -0.0131936
307.645 -0.0135225
307.982 -0.0138519
308.32 -0.0141813
308.658 -0.0145081
308.995 -0.0148276
309.333 -0.015141
309.671 -0.0154507
310.009 -0.0157584
310.346 -0.0160668
310.684 -0.0163809
311.022 -0.0167051
311.359 -0.0170392
311.697 -0.0173744
312.035 -0.0177057
312.373 -0.0180348
312.71 -0.0183634
313.048 -0.0186932
313.386 -0.0190203
313.723 -0.0193394
314.061 -0.0196472
314.399 -0.0199432
314.736 -0.0202283
315.074 -0.0205083
315.412 -0.0207843
315.75 -0.0210543
316.087 -0.0213219
316.425 -0.0215902
316.763 -0.0218546
317.1 -0.0221117
317.438 -0.0223639
317.776 -0.0226103
318.113 -0.0228483
318.451 -0.0230803
318.789 -0.0233144
319.127 -0.0235569
319.464 -0.0238085
319.802 -0.0240637
320.14 -0.0243187
320.477 -0.0245759
320.815 -0.0248404
321.153 -0.0251124
321.49 -0.0253883
321.828 -0.0256656
322.166 -0.0259399
322.503 -0.0262068
322.841 -0.0264662
323.179 -0.0267208
323.517 -0.0269719
323.854 -0.0272218
324.192 -0.0274732
324.53 -0.0277296
324.867 -0.027991
325.205 -0.0282567
325.543 -0.0285272
325.88 -0.0288002
326.218 -0.029071
326.556 -0.0293374
326.894 -0.0296068
327.231 -0.029887
327.569 -0.0301751
327.907 -0.0304644
328.244 -0.0307544
328.582 -0.031047
328.92 -0.031344
329.257 -0.0316478
329.595 -0.0319583
329.933 -0.0322715
330.271 -0.0325852
330.608 -0.0328933
330.946 -0.0331886
331.284 -0.0334731
331.621 -0.0337473
331.959 -0.0340095
332.297 -0.0342611
332.635 -0.034506
332.972 -0.0347466
333.31 -0.0349857
333.648 -0.0352242
333.985 -0.0354604
334.323 -0.0356877
334.661 -0.0359045
334.998 -0.0361178
335.336 -0.0363324
335.674 -0.0365449
336.012 -0.0367496
336.349 -0.0369442
336.687 -0.0371299
337.025 -0.0373083
337.362 -0.0374798
337.7 -0.0376489
338.038 -0.0378183
338.375 -0.0379852
338.713 -0.0381436
339.051 -0.0382902
339.389 -0.0384244
339.726 -0.0385452
340.064 -0.0386511
340.402 -0.0387395
340.739 -0.0388125
341.077 -0.0388771
341.415 -0.0389379
341.752 -0.0389958
342.09 -0.0390515
342.428 -0.0391022
342.765 -0.0391471
343.103 -0.0391924
343.441 -0.0392455
343.779 -0.0393033
344.116 -0.03936
344.454 -0.0394156
344.792 -0.0394676
345.129 -0.0395122
345.467 -0.0395514
345.805 -0.0395911
346.142 -0.0396348
346.48 -0.039683
346.818 -0.0397307
347.156 -0.0397768
347.493 -0.0398235
347.831 -0.0398694
348.169 -0.0399088
348.506 -0.039938
348.844 -0.0399575
349.182 -0.0399721
349.519 -0.0399855
349.857 -0.039998
350.195 -0.0400096
350.533 -0.0400183
350.87 -0.0400245
351.208 -0.0400333
351.546 -0.0400502
351.883 -0.0400767
352.221 -0.0401107
352.559 -0.0401477
352.897 -0.0401842
353.234 -0.0402142
353.572 -0.0402333
353.91 -0.040247
354.247 -0.04026
354.585 -0.0402675
354.923 -0.040266
355.26 -0.04026
355.598 -0.0402512
355.936 -0.0402382
356.274 -0.0402162
356.611 -0.0401807
356.949 -0.0401314
357.287 -0.0400718
357.624 -0.0400036
357.962 -0.0399256
358.3 -0.0398372
358.637 -0.0397377
358.975 -0.0396245
359.313 -0.0395005
359.651 -0.0393738
359.988 -0.0392484
360.326 -0.039127
360.664 -0.0390079
361.001 -0.0388869
361.339 -0.0387574
361.677 -0.038617
362.014 -0.0384679
362.352 -0.0383113
362.69 -0.0381434
363.027 -0.0379605
363.365 -0.0377669
363.703 -0.0375692
364.041 -0.037366
364.378 -0.0371526
364.716 -0.0369297
365.054 -0.0366987
365.391 -0.036462
365.729 -0.0362208
366.067 -0.0359774
366.404 -0.0357318
366.742 -0.0354805
367.08 -0.0352207
367.418 -0.0349521
367.755 -0.034679
368.093 -0.0344114
368.431 -0.0341545
368.768 -0.0339059
369.106 -0.033666
369.444 -0.0334318
369.781 -0.0331996
370.119 -0.0329715
370.457 -0.0327477
370.795 -0.0325203
371.132 -0.0322865
371.47 -0.0320497
371.808 -0.0318132
372.145 -0.0315753
372.483 -0.0313325
372.821 -0.0310856
373.159 -0.0308369
373.496 -0.0305877
373.834 -0.0303394
374.172 -0.0300968
374.509 -0.0298625
374.847 -0.0296324
375.185 -0.029398
375.522 -0.0291562
375.86 -0.0289101
376.198 -0.0286653
376.536 -0.0284254
376.873 -0.0281913
377.211 -0.0279612
377.549 -0.0277349
377.886 -0.0275134
378.224 -0.0272949
378.562 -0.0270786
378.899 -0.0268597
379.237 -0.026634
379.575 -0.0264012
379.913 -0.0261637
380.25 -0.0259184
380.588 -0.0256603
380.926 -0.0253899
381.263 -0.0251091
381.601 -0.0248159
381.939 -0.0245122
382.276 -0.0242093
382.614 -0.0239121
382.952 -0.0236168
383.289 -0.0233172
383.627 -0.0230093
383.965 -0.0226934
384.303 -0.0223748
384.64 -0.022054
384.978 -0.02173
385.316 -0.0214044
385.653 -0.0210787
385.991 -0.0207527
386.329 -0.0204281
386.666 -0.0201053
387.004 -0.0197817
387.342 -0.0194569
387.68 -0.0191301
388.017 -0.0188021
388.355 -0.0184724
388.693 -0.0181378
389.03 -0.0177959
389.368 -0.0174459
389.706 -0.0170837
390.043 -0.0167124
390.381 -0.0163426
390.719 -0.0159842
391.057 -0.0156373
391.394 -0.0152947
391.732 -0.0149571
392.07 -0.0146276
392.407 -0.0143053
392.745 -0.0139899
393.083 -0.0136824
393.421 -0.0133816
393.758 -0.0130881
394.096 -0.0128014
394.434 -0.0125212
394.771 -0.0122476
395.109 -0.0119822
395.447 -0.0117235
395.784 -0.0114697
396.122 -0.0112238
396.46 -0.0109874
396.798 -0.0107583
397.135 -0.010533
397.473 -0.0103066
397.811 -0.0100713
398.148 -0.0098272
398.486 -0.00958353
398.824 -0.00934797
399.161 -0.00911997
399.499 -0.00889765
399.837 -0.00868122
400.175 -0.00847415
400.512 -0.00827667
400.85 -0.00808542
401.188 -0.00790196
401.525 -0.00772767
401.863 -0.00755871
402.201 -0.00739064
402.538 -0.00722391
402.876 -0.00705766
403.214 -0.0068908
403.551 -0.00672106
403.889 -0.00654684
404.227 -0.0063708
404.565 -0.00619836
404.902 -0.0060319
405.24 -0.00586815
405.578 -0.00570017
405.915 -0.00552217
406.253 -0.00533233
406.591 -0.00513381
406.928 -0.00493389
407.266 -0.0047331
407.604 -0.00452881
407.942 -0.00432426
408.279 -0.00412465
408.617 -0.00392751
408.955 -0.00373355
409.292 -0.00354879
409.63 -0.00337439
409.968 -0.00320764
410.305 -0.00304528
410.643 -0.00288656
410.981 -0.0027327
411.319 -0.0025813
411.656 -0.00242529
411.994 -0.00226299
412.332 -0.00209802
412.669 -0.00193747
413.007 -0.00178587
413.345 -0.00164367
413.683 -0.00150759
414.02 -0.00137256
414.358 -0.00123747
414.696 -0.00110449
415.033 -0.00097584
415.371 -0.000853391
415.709 -0.000737409
416.046 -0.000626923
416.384 -0.000524909
416.722 -0.000430981
417.06 -0.000345074
417.397 -0.000273493
417.735 -0.000221304
418.073 -0.000184811
418.41 -0.000161104
418.748 -0.000153404
419.086 -0.000164222
419.423 -0.000186855
419.761 -0.000211545
420.099 -0.000234885
420.437 -0.000256697
420.774 -0.000281293
421.112 -0.000312973
421.45 -0.000353061
421.787 -0.000399648
422.125 -0.000451452
422.463 -0.000506356
422.8 -0.000563002
423.138 -0.00062515
423.476 -0.000695179
423.813 -0.00077084
424.151 -0.000851976
424.489 -0.000936798
424.827 -0.00102137
425.164 -0.00110811
425.502 -0.00120004
425.84 -0.00129925
426.177 -0.00140417
426.515 -0.00151404
426.853 -0.00163356
427.19 -0.0017684
427.528 -0.0019132
427.866 -0.00205669
428.204 -0.00219436
428.541 -0.00232586
428.879 -0.00245035
429.217 -0.00256835
429.554 -0.00268369
429.892 -0.00279715
430.23 -0.00290652
430.567 -0.00300965
430.905 -0.00310812
431.243 -0.00320462
431.581 -0.00330488
431.918 -0.00341158
432.256 -0.00352195
432.594 -0.00363397
432.931 -0.00374758
433.269 -0.00386204
433.607 -0.00397826
433.945 -0.00409725
434.282 -0.00421602
434.62 -0.00433539
434.958 -0.00446292
435.295 -0.00460641
435.633 -0.00476291
435.971 -0.00492568
436.308 -0.00509258
436.646 -0.00526182
436.984 -0.00542998
437.322 -0.00559714
437.659 -0.00576608
437.997 -0.00593884
438.335 -0.00611376
438.672 -0.00628436
439.01 -0.00645144
439.348 -0.006622
439.685 -0.00680036
440.023 -0.00698959
440.361 -0.00719172
440.699 -0.00740477
441.036 -0.00762958
441.374 -0.00786756
441.712 -0.00811653
442.049 -0.00837212
442.387 -0.00863121
442.725 -0.00889335
443.062 -0.00916172
443.4 -0.00944356
443.738 -0.00973868
444.075 -0.0100431
444.413 -0.0103551
444.751 -0.0106733
445.089 -0.010993
445.426 -0.0113116
445.764 -0.0116338
446.102 -0.0119628
446.439 -0.0122913
446.777 -0.0126113
447.115 -0.0129231
447.452 -0.0132288
447.79 -0.0135327
448.128 -0.0138369
448.466 -0.0141422
448.803 -0.0144512
449.141 -0.0147678
449.479 -0.0150923
449.816 -0.0154238
450.154 -0.0157582
450.492 -0.0160904
450.829 -0.0164174
451.167 -0.0167402
451.505 -0.017062
451.843 -0.0173833
452.18 -0.0177043
452.518 -0.0180233
452.856 -0.0183371
453.193 -0.0186425
453.531 -0.0189403
453.869 -0.019235
454.207 -0.0195326
454.544 -0.019828
454.882 -0.0201116
455.22 -0.0203827
455.557 -0.020646
455.895 -0.0208995
456.233 -0.0211425
456.57 -0.0213795
456.908 -0.0216139
457.246 -0.0218505
457.584 -0.0220934
457.921 -0.0223442
458.259 -0.0226022
458.597 -0.0228646
458.934 -0.0231278
459.272 -0.0233905
459.61 -0.0236533
459.947 -0.0239197
460.285 -0.0241901
460.623 -0.0244606
460.961 -0.0247283
461.298 -0.024989
461.636 -0.0252438
461.974 -0.0255006
462.311 -0.0257656
462.649 -0.0260347
462.987 -0.0263037
463.324 -0.0265727
463.662 -0.0268429
464 -0.0271117
464.337 -0.0273756
464.675 -0.0276345
465.013 -0.0278938
465.351 -0.028156
465.688 -0.0284215
466.026 -0.0286963
466.364 -0.0289836
466.701 -0.0292801
467.039 -0.0295812
467.377 -0.0298862
467.714 -0.0301944
468.052 -0.0305089
468.39 -0.0308305
468.728 -0.0311539
469.065 -0.031471
469.403 -0.0317768
469.741 -0.032072
470.078 -0.0323595
470.416 -0.0326443
470.754 -0.032927
471.091 -0.0332044
471.429 -0.0334783
471.767 -0.033752
472.105 -0.03402
472.442 -0.0342785
472.78 -0.0345277
473.118 -0.0347691
473.455 -0.0350012
473.793 -0.0352234
474.131 -0.035442
474.469 -0.0356621
474.806 -0.0358813
475.144 -0.0360947
475.482 -0.0363012
475.819 -0.0365033
476.157 -0.0367068
476.495 -0.0369118
476.832 -0.0371148
477.17 -0.0373097
477.508 -0.0374895
477.846 -0.0376515
478.183 -0.0377985
478.521 -0.0379314
478.859 -0.0380507
479.196 -0.0381602
479.534 -0.0382619
479.872 -0.038358
480.209 -0.03845
480.547 -0.0385361
480.885 -0.038616
481.223 -0.0386928
481.56 -0.0387621
481.898 -0.0388224
482.236 -0.0388807
482.573 -0.0389436
482.911 -0.0390073
483.249 -0.0390652
483.586 -0.0391176
483.924 -0.0391696
484.262 -0.0392256
484.599 -0.039289
484.937 -0.0393603
485.275 -0.0394349
485.613 -0.0395084
485.95 -0.0395761
486.288 -0.0396357
486.626 -0.0396866
486.963 -0.0397297
487.301 -0.0397655
487.639 -0.0397958
487.976 -0.0398232
488.314 -0.0398493
488.652 -0.0398759
488.99 -0.0399057
489.327 -0.0399377
489.665 -0.039968
490.003 -0.0399968
490.34 -0.0400291
490.678 -0.0400705
491.016 -0.040116
491.353 -0.0401569
491.691 -0.0401901
492.029 -0.0402193
492.367 -0.0402479
492.704 -0.0402759
493.042 -0.0403071
493.38 -0.0403439
493.717 -0.0403798
494.055 -0.0404095
494.393 -0.0404322
494.731 -0.0404439
495.068 -0.0404436
495.406 -0.0404312
495.744 -0.0404041
496.081 -0.0403618
496.419 -0.0403088
496.757 -0.0402471
497.094 -0.0401789
497.432 -0.0401033
497.77 -0.0400179
498.108 -0.0399245
498.445 -0.0398298
498.783 -0.0397399
499.121 -0.0396508
499.458 -0.0395542
499.796 -0.0394468
500.134 -0.0393293
500.471 -0.0391997
500.809 -0.0390591
501.147 -0.0389127
501.485 -0.0387649
501.822 -0.0386136
502.16 -0.0384543
502.498 -0.0382864
502.835 -0.0381118
503.173 -0.0379304
503.511 -0.0377375
503.848 -0.0375322
504.186 -0.0373147
504.524 -0.0370863
504.861 -0.0368512
505.199 -0.0366114
505.537 -0.0363634
505.875 -0.0361067
506.212 -0.0358459
506.55 -0.0355885
506.888 -0.0353405
507.225 -0.0351037
507.563 -0.0348743
507.901 -0.0346472
508.238 -0.0344218
508.576 -0.0341936
508.914 -0.0339596
509.252 -0.0337255
509.589 -0.0334967
509.927 -0.0332685
510.265 -0.0330371
510.602 -0.0328051
510.94 -0.0325761
511.278 -0.0323495
511.615 -0.0321221
511.953 -0.0318912
512.291 -0.0316577
512.629 -0.0314241
512.966 -0.0311904
513.304 -0.0309569
513.642 -0.0307193
513.979 -0.0304746
514.317 -0.0302245
514.655 -0.0299746
514.992 -0.0297313
515.33 -0.0294987
515.668 -0.0292766
516.006 -0.0290639
516.343 -0.0288557
516.681 -0.0286453
517.019 -0.0284323
517.356 -0.0282179
517.694 -0.0280029
518.032 -0.0277841
518.37 -0.0275548
518.707 -0.0273158
519.045 -0.0270744
519.383 -0.0268283
519.72 -0.0265723
520.058 -0.0263073
520.396 -0.0260371
520.733 -0.0257624
521.071 -0.0254844
521.409 -0.0252044
521.746 -0.0249178
522.084 -0.0246202
522.422 -0.0243101
522.76 -0.0239892
523.097 -0.0236623
523.435 -0.023337
523.773 -0.0230167
524.11 -0.0227016
524.448 -0.0223887
524.786 -0.0220747
525.124 -0.0217592
525.461 -0.0214451
525.799 -0.021133
526.137 -0.0208164
526.474 -0.0204913
526.812 -0.0201591
527.15 -0.0198232
527.487 -0.019482
527.825 -0.0191315
528.163 -0.0187721
528.5 -0.0184103
528.838 -0.018049
529.176 -0.0176902
529.514 -0.017338
529.851 -0.0169939
530.189 -0.0166529
530.527 -0.0163085
530.864 -0.0159607
531.202 -0.0156139
531.54 -0.0152729
531.878 -0.0149415
532.215 -0.0146228
532.553 -0.0143119
532.891 -0.0140077
533.228 -0.0137145
533.566 -0.0134334
533.904 -0.0131633
534.241 -0.012902
534.579 -0.0126449
534.917 -0.0123916
535.255 -0.0121446
535.592 -0.011899
535.93 -0.0116483
536.268 -0.0113934
536.605 -0.0111371
536.943 -0.0108796
537.281 -0.010625
537.618 -0.0103795
537.956 -0.0101488
538.294 -0.00992831
538.631 -0.00971019
538.969 -0.0094923
539.307 -0.00927694
539.645 -0.00906785
539.982 -0.0088657
540.32 -0.0086693
540.658 -0.00847695
540.995 -0.00828657
541.333 -0.00809894
541.671 -0.00791794
542.009 -0.00774194
542.346 -0.00756878
542.684 -0.00739814
543.022 -0.00723097
543.359 -0.00706586
543.697 -0.0068991
544.035 -0.00672654
544.372 -0.00654437
544.71 -0.00635094
545.048 -0.00614565
545.385 -0.00593031
545.723 -0.00571302
546.061 -0.0055039
546.399 -0.00530044
546.736 -0.00509512
547.074 -0.00488812
547.412 -0.00468494
547.749 -0.00448627
548.087 -0.00429231
548.425 -0.00410386
548.763 -0.00391805
549.1 -0.00373288
549.438 -0.00354907
549.776 -0.00336656
550.113 -0.00318567
550.451 -0.00300794
550.789 -0.00283281
551.126 -0.00266373
551.464 -0.00250238
551.802 -0.00234726
552.139 -0.00219738
552.477 -0.0020501
552.815 -0.00189914
553.153 -0.00174063
553.49 -0.00157605
553.828 -0.00141377
554.166 -0.001262
554.503 -0.00111956
554.841 -0.000982685
555.179 -0.000851766
555.516 -0.000732929
555.854 -0.000629272
556.192 -0.000539935
556.53 -0.000465369
556.867 -0.000408042
557.205 -0.000363852
557.543 -0.000327346
557.88 -0.000299311
558.218 -0.000279066
558.556 -0.000263541
558.894 -0.00025304
559.231 -0.000249693
559.569 -0.0002543
559.907 -0.000270376
560.244 -0.000300029
560.582 -0.000339987
560.92 -0.000382479
561.257 -0.000422269
561.595 -0.000458673
561.933 -0.000496842
562.27 -0.000542177
562.608 -0.000592623
562.946 -0.000643212
563.284 -0.000695605
563.621 -0.000754168
563.959 -0.000818817
564.297 -0.000891574
564.634 -0.000975533
564.972 -0.00107338
565.31 -0.00118284
565.648 -0.00129816
565.985 -0.0014166
566.323 -0.00153921
566.661 -0.00166111
566.998 -0.00177623
567.336 -0.00188441
567.674 -0.00198862
568.011 -0.00209297
568.349 -0.00220084
568.687 -0.00231309
569.024 -0.00242321
569.362 -0.00252605
569.7 -0.00262269
570.038 -0.00271813
570.375 -0.00281428
570.713 -0.00291003
571.051 -0.00300372
571.388 -0.00309475
571.726 -0.00318305
572.064 -0.00327083
572.402 -0.00335919
572.739 -0.00345245
573.077 -0.00355922
573.415 -0.00367691
573.752 -0.00380148
574.09 -0.00393636
574.428 -0.00408286
574.765 -0.004235
575.103 -0.00438548
575.441 -0.00453048
575.779 -0.00467252
576.116 -0.00481581
576.454 -0.00496376
576.792 -0.00511702
577.129 -0.00527321
577.467 -0.00542958
577.805 -0.00558632
578.142 -0.00574869
578.48 -0.00592008
578.818 -0.00610095
579.155 -0.00629036
579.493 -0.00648852
579.831 -0.00669144
580.169 -0.00689633
580.506 -0.00710585
580.844 -0.00732392
581.182 -0.00755379
581.519 -0.00779557
581.857 -0.00804842
582.195 -0.00831573
582.533 -0.00860272
582.87 -0.0089046
583.208 -0.00921066
583.546 -0.00951589
583.883 -0.00982241
584.221 -0.0101302
584.559 -0.0104388
584.896 -0.0107489
585.234 -0.0110596
585.572 -0.0113656
585.909 -0.0116657
586.247 -0.0119649
586.585 -0.0122655
586.923 -0.0125716
587.26 -0.0128857
587.598 -0.0132056
587.936 -0.0135268
588.273 -0.013847
588.611 -0.0141648
588.949 -0.0144823
589.287 -0.0148001
589.624 -0.0151142
589.962 -0.0154254
590.3 -0.0157409
590.637 -0.0160651
590.975 -0.0163948
591.313 -0.0167239
591.65 -0.0170472
591.988 -0.017366
592.326 -0.0176805
592.663 -0.0179884
593.001 -0.01829
593.339 -0.0185864
593.677 -0.0188719
594.014 -0.0191414
594.352 -0.0193967
594.69 -0.0196449
595.027 -0.019891
595.365 -0.0201382
595.703 -0.0203898
596.04 -0.0206435
596.378 -0.0208972
596.716 -0.0211535
597.054 -0.0214134
597.391 -0.0216715
597.729 -0.0219258
598.067 -0.0221765
598.404 -0.0224292
598.742 -0.0226887
599.08 -0.0229543
599.418 -0.0232219
599.755 -0.0234895
600.093 -0.0237588
600.431 -0.0240293
600.768 -0.0242995
601.106 -0.0245736
601.444 -0.0248536
601.781 -0.0251314
602.119 -0.0254004
602.457 -0.0256589
602.794 -0.0259117
603.132 -0.0261644
603.47 -0.0264194
603.808 -0.0266783
604.145 -0.0269442
604.483 -0.0272189
604.821 -0.0275027
605.158 -0.0277979
605.496 -0.0281005
605.834 -0.0284035
606.172 -0.0287072
606.509 -0.0290155
606.847 -0.0293278
607.185 -0.0296436
607.522 -0.0299604
607.86 -0.0302758
608.198 -0.0305878
608.535 -0.0308952
608.873 -0.0311995
609.211 -0.0315056
609.548 -0.0318169
609.886 -0.0321279
610.224 -0.0324282
610.562 -0.0327139
610.899 -0.0329901
611.237 -0.0332565
611.575 -0.0335116
611.912 -0.0337578
612.25 -0.0339994
612.588 -0.0342376
612.926 -0.0344764
613.263 -0.0347176
613.601 -0.0349587
613.939 -0.0351968
614.276 -0.0354301
614.614 -0.0356597
614.952 -0.0358863
615.289 -0.0361088
615.627 -0.0363247
615.965 -0.0365318
616.303 -0.0367248
616.64 -0.0369
616.978 -0.0370607
617.316 -0.0372162
617.653 -0.0373705
617.991 -0.0375203
618.329 -0.0376604
618.666 -0.0377891
619.004 -0.0379081
619.342 -0.0380182
619.679 -0.0381158
620.017 -0.0381995
620.355 -0.038277
620.693 -0.0383494
621.03 -0.0384177
621.368 -0.038487
621.706 -0.0385596
622.043 -0.0386333
622.381 -0.0387069
622.719 -0.0387826
623.057 -0.0388626
623.394 -0.0389474
623.732 -0.0390368
624.07 -0.0391276
624.407 -0.0392101
624.745 -0.0392794
625.083 -0.039338
625.42 -0.0393929
625.758 -0.0394481
626.096 -0.0395036
626.433 -0.0395562
626.771 -0.0396074
627.109 -0.0396605
627.447 -0.0397128
627.784 -0.0397606
628.122 -0.039805
628.46 -0.0398479
628.797 -0.0398885
629.135 -0.0399276
629.473 -0.0399668
629.811 -0.0400095
630.148 -0.0400554
630.486 -0.0400995
630.824 -0.0401421
631.161 -0.0401899
631.499 -0.0402452
631.837 -0.0403079
632.174 -0.040375
632.512 -0.0404374
632.85 -0.0404862
633.188 -0.0405203
633.525 -0.0405447
633.863 -0.040559
634.201 -0.0405619
634.538 -0.0405546
634.876 -0.0405394
635.214 -0.0405168
635.551 -0.0404875
635.889 -0.0404497
636.227 -0.0404041
636.564 -0.0403529
636.902 -0.0402943
637.24 -0.0402258
637.578 -0.0401509
637.915 -0.0400736
638.253 -0.0399898
638.591 -0.0398932
638.928 -0.0397838
639.266 -0.0396686
639.604 -0.0395531
639.942 -0.0394399
640.279 -0.0393284
640.617 -0.0392131
640.955 -0.0390872
641.292 -0.0389489
641.63 -0.0387974
641.968 -0.0386337
642.305 -0.0384566
642.643 -0.0382649
642.981 -0.0380633
643.318 -0.0378526
643.656 -0.0376318
643.994 -0.0374044
644.332 -0.0371757
644.669 -0.0369445
645.007 -0.0367109
645.345 -0.0364764
645.682 -0.036245
646.02 -0.0360206
646.358 -0.0357997
646.696 -0.0355727
647.033 -0.0353371
647.371 -0.0350996
647.709 -0.0348653
648.046 -0.0346362
648.384 -0.0344145
648.722 -0.0342009
649.059 -0.0339899
649.397 -0.0337781
649.735 -0.0335654
650.072 -0.0333514
650.41 -0.0331337
650.748 -0.0329118
651.086 -0.032686
651.423 -0.0324541
651.761 -0.0322165
652.099 -0.0319763
652.436 -0.0317363
652.774 -0.0314968
653.112 -0.0312564
653.449 -0.0310176
653.787 -0.0307894
654.125 -0.0305747
654.463 -0.0303685
654.8 -0.0301621
655.138 -0.0299511
655.476 -0.0297367
655.813 -0.0295195
656.151 -0.0293012
656.489 -0.0290834
656.827 -0.0288678
657.164 -0.0286529
657.502 -0.0284333
657.84 -0.0282071
658.177 -0.0279788
658.515 -0.0277464
658.853 -0.0275061
659.19 -0.027258
659.528 -0.0270004
659.866 -0.0267303
660.203 -0.0264511
660.541 -0.0261645
660.879 -0.0258663
661.217 -0.0255558
661.554 -0.0252383
661.892 -0.0249233
662.23 -0.0246163
662.567 -0.0243158
662.905 -0.0240162
663.243 -0.0237148
663.581 -0.0234093
663.918 -0.0230987
664.256 -0.0227818
664.594 -0.0224616
664.931 -0.0221417
665.269 -0.0218185
665.607 -0.0214869
665.944 -0.0211487
666.282 -0.0208084
666.62 -0.0204672
666.957 -0.0201242
667.295 -0.0197773
667.633 -0.0194284
667.971 -0.0190785
668.308 -0.0187277
668.646 -0.0183754
668.984 -0.0180186
669.321 -0.0176537
669.659 -0.0172834
669.997 -0.0169189
670.335 -0.0165664
670.672 -0.016226
671.01 -0.0158989
671.348 -0.0155849
671.685 -0.0152793
672.023 -0.0149796
672.361 -0.0146861
672.698 -0.0144014
673.036 -0.0141258
673.374 -0.0138556
673.712 -0.013584
674.049 -0.01331
674.387 -0.0130401
674.725 -0.0127745
675.062 -0.0125094
675.4 -0.0122461
