------------------------------------------------------------------------------------------
NUMBER OF PATCHES        
------------------------------------------------------------------------------------------
1

------------------------------------------------------------------------------------------
NUMBER OF CONTROL POINTS - PATCH 0        
------------------------------------------------------------------------------------------
91

------------------------------------------------------------------------------------------
INDEX MATERIAL - PATCH 0
------------------------------------------------------------------------------------------
0 

------------------------------------------------------------------------------------------
THICKNESS - PATCH 0        
------------------------------------------------------------------------------------------
1.0
     
------------------------------------------------------------------------------------------
CONTROL POINTS COORDINATES AND WEIGHT (X,Y,Z,W) - PATCH 0
------------------------------------------------------------------------------------------
0.0   0.0   0.0   1.0
0.0   0.0909090909091   0.0   1.0
0.0   0.272727272727   0.0   1.0
0.0   0.454545454545   0.0   1.0
0.0   0.636363636364   0.0   1.0
0.0   0.818181818182   0.0   1.0
0.0   1.0   0.0   1.0
0.0   1.18181818182   0.0   1.0
0.0   1.36363636364   0.0   1.0
0.0   1.54545454545   0.0   1.0
0.0   1.72727272727   0.0   1.0
0.0   1.90909090909   0.0   1.0
0.0   2.0   0.0   1.0
0.1   0.0   0.0   1.0
0.1   0.0909090909091   0.0   1.0
0.1   0.272727272727   0.0   1.0
0.1   0.454545454545   0.0   1.0
0.1   0.636363636364   0.0   1.0
0.1   0.818181818182   0.0   1.0
0.1   1.0   0.0   1.0
0.1   1.18181818182   0.0   1.0
0.1   1.36363636364   0.0   1.0
0.1   1.54545454545   0.0   1.0
0.1   1.72727272727   0.0   1.0
0.1   1.90909090909   0.0   1.0
0.1   2.0   0.0   1.0
0.3   0.0   0.0   1.0
0.3   0.0909090909091   0.0   1.0
0.3   0.272727272727   0.0   1.0
0.3   0.454545454545   0.0   1.0
0.3   0.636363636364   0.0   1.0
0.3   0.818181818182   0.0   1.0
0.3   1.0   0.0   1.0
0.3   1.18181818182   0.0   1.0
0.3   1.36363636364   0.0   1.0
0.3   1.54545454545   0.0   1.0
0.3   1.72727272727   0.0   1.0
0.3   1.90909090909   0.0   1.0
0.3   2.0   0.0   1.0
0.5   0.0   0.0   1.0
0.5   0.0909090909091   0.0   1.0
0.5   0.272727272727   0.0   1.0
0.5   0.454545454545   0.0   1.0
0.5   0.636363636364   0.0   1.0
0.5   0.818181818182   0.0   1.0
0.5   1.0   0.0   1.0
0.5   1.18181818182   0.0   1.0
0.5   1.36363636364   0.0   1.0
0.5   1.54545454545   0.0   1.0
0.5   1.72727272727   0.0   1.0
0.5   1.90909090909   0.0   1.0
0.5   2.0   0.0   1.0
0.7   0.0   0.0   1.0
0.7   0.0909090909091   0.0   1.0
0.7   0.272727272727   0.0   1.0
0.7   0.454545454545   0.0   1.0
0.7   0.636363636364   0.0   1.0
0.7   0.818181818182   0.0   1.0
0.7   1.0   0.0   1.0
0.7   1.18181818182   0.0   1.0
0.7   1.36363636364   0.0   1.0
0.7   1.54545454545   0.0   1.0
0.7   1.72727272727   0.0   1.0
0.7   1.90909090909   0.0   1.0
0.7   2.0   0.0   1.0
0.9   0.0   0.0   1.0
0.9   0.0909090909091   0.0   1.0
0.9   0.272727272727   0.0   1.0
0.9   0.454545454545   0.0   1.0
0.9   0.636363636364   0.0   1.0
0.9   0.818181818182   0.0   1.0
0.9   1.0   0.0   1.0
0.9   1.18181818182   0.0   1.0
0.9   1.36363636364   0.0   1.0
0.9   1.54545454545   0.0   1.0
0.9   1.72727272727   0.0   1.0
0.9   1.90909090909   0.0   1.0
0.9   2.0   0.0   1.0
1.0   0.0   0.0   1.0
1.0   0.0909090909091   0.0   1.0
1.0   0.272727272727   0.0   1.0
1.0   0.454545454545   0.0   1.0
1.0   0.636363636364   0.0   1.0
1.0   0.818181818182   0.0   1.0
1.0   1.0   0.0   1.0
1.0   1.18181818182   0.0   1.0
1.0   1.36363636364   0.0   1.0
1.0   1.54545454545   0.0   1.0
1.0   1.72727272727   0.0   1.0
1.0   1.90909090909   0.0   1.0
1.0   2.0   0.0   1.0

------------------------------------------------------------------------------------------
Number of control points  - (u, v, t) - PATCH 0
------------------------------------------------------------------------------------------
7 13 0

------------------------------------------------------------------------------------------
Degree (u,v,t) - PATCH 0
------------------------------------------------------------------------------------------
2 2 0

------------------------------------------------------------------------------------------
KNOT VECTOR (u) - PATCH 0
------------------------------------------------------------------------------------------
0.0000000000
0.0
0.0
0.2
0.4
0.6
0.8
1.0
1.0
1.0000000000

------------------------------------------------------------------------------------------
KNOT VECTOR (v) - PATCH 0
------------------------------------------------------------------------------------------
0.000000000000000
0.000000000000000
0.000000000000000
0.090909090909000
0.181818181818000
0.272727272727500
0.363636363636500
0.454545454545500
0.545454545455000
0.636363636365000
0.727272727275000
0.818181818180000
0.909090909090000
1.000000000000000
1.000000000000000
1.000000000000000

------------------------------------------------------------------------------------------
NUMBER OF NEUMMAN BOUNDARY CONDITION
------------------------------------------------------------------------------------------
1

-----------------------------------------------------------------------------------------
CONTROL POINT INDEX    VALUES (X, Y)
------------------------------------------------------------------------------------------
CURVE 2 0.0 1.0

------------------------------------------------------------------------------------------
NUMBER OF DIRICHELET BOUNDARY CONDITION
------------------------------------------------------------------------------------------
2

------------------------------------------------------------------------------------------
CONTROL POINT INDEX    (0-FREE, 1- DISPLACEMENT) VALUES (X, Y)
------------------------------------------------------------------------------------------
CURVE 0 0 1 0.0 0.0
POINT 0 1 0 0.0 0.0

POINT 42 0 1 0.0 0.0