------------------------------------------------------------------------------------------
NUMBER OF PATCHES        
------------------------------------------------------------------------------------------
2

------------------------------------------------------------------------------------------ 
NUMBER OF CONTROL POINTS - PATCH 0
------------------------------------------------------------------------------------------ 
245

 ------------------------------------------------------------------------------------------ 
INDEX MATERIAL - PATCH 0
------------------------------------------------------------------------------------------ 
0

 ------------------------------------------------------------------------------------------ 
THICKNESS  - PATCH 0
------------------------------------------------------------------------------------------ 
1.0

 ------------------------------------------------------------------------------------------ 
CONTROL POINTS COORDINATES AND WEIGHT (X,Y,Z,W)  - PATCH 0
------------------------------------------------------------------------------------------ 
0.0   0.0   0.0   1.0
0.0   0.0104166666667   0.0   1.0
0.0   0.03125   0.0   1.0
0.0   0.0625   0.0   1.0
0.0   0.09375   0.0   1.0
0.0   0.114583333333   0.0   1.0
0.0   0.125   0.0   1.0
0.0104166666667   0.0   0.0   1.0
0.0104166666667   0.0104166666667   0.0   1.0
0.0104166666667   0.03125   0.0   1.0
0.0104166666667   0.0625   0.0   1.0
0.0104166666667   0.09375   0.0   1.0
0.0104166666667   0.114583333333   0.0   1.0
0.0104166666667   0.125   0.0   1.0
0.03125   0.0   0.0   1.0
0.03125   0.0104166666667   0.0   1.0
0.03125   0.03125   0.0   1.0
0.03125   0.0625   0.0   1.0
0.03125   0.09375   0.0   1.0
0.03125   0.114583333333   0.0   1.0
0.03125   0.125   0.0   1.0
0.0625   0.0   0.0   1.0
0.0625   0.0104166666667   0.0   1.0
0.0625   0.03125   0.0   1.0
0.0625   0.0625   0.0   1.0
0.0625   0.09375   0.0   1.0
0.0625   0.114583333333   0.0   1.0
0.0625   0.125   0.0   1.0
0.09375   0.0   0.0   1.0
0.09375   0.0104166666667   0.0   1.0
0.09375   0.03125   0.0   1.0
0.09375   0.0625   0.0   1.0
0.09375   0.09375   0.0   1.0
0.09375   0.114583333333   0.0   1.0
0.09375   0.125   0.0   1.0
0.125   0.0   0.0   1.0
0.125   0.0104166666667   0.0   1.0
0.125   0.03125   0.0   1.0
0.125   0.0625   0.0   1.0
0.125   0.09375   0.0   1.0
0.125   0.114583333333   0.0   1.0
0.125   0.125   0.0   1.0
0.15625   0.0   0.0   1.0
0.15625   0.0104166666667   0.0   1.0
0.15625   0.03125   0.0   1.0
0.15625   0.0625   0.0   1.0
0.15625   0.09375   0.0   1.0
0.15625   0.114583333333   0.0   1.0
0.15625   0.125   0.0   1.0
0.1875   0.0   0.0   1.0
0.1875   0.0104166666667   0.0   1.0
0.1875   0.03125   0.0   1.0
0.1875   0.0625   0.0   1.0
0.1875   0.09375   0.0   1.0
0.1875   0.114583333333   0.0   1.0
0.1875   0.125   0.0   1.0
0.21875   0.0   0.0   1.0
0.21875   0.0104166666667   0.0   1.0
0.21875   0.03125   0.0   1.0
0.21875   0.0625   0.0   1.0
0.21875   0.09375   0.0   1.0
0.21875   0.114583333333   0.0   1.0
0.21875   0.125   0.0   1.0
0.25   0.0   0.0   1.0
0.25   0.0104166666667   0.0   1.0
0.25   0.03125   0.0   1.0
0.25   0.0625   0.0   1.0
0.25   0.09375   0.0   1.0
0.25   0.114583333333   0.0   1.0
0.25   0.125   0.0   1.0
0.28125   0.0   0.0   1.0
0.28125   0.0104166666667   0.0   1.0
0.28125   0.03125   0.0   1.0
0.28125   0.0625   0.0   1.0
0.28125   0.09375   0.0   1.0
0.28125   0.114583333333   0.0   1.0
0.28125   0.125   0.0   1.0
0.3125   0.0   0.0   1.0
0.3125   0.0104166666667   0.0   1.0
0.3125   0.03125   0.0   1.0
0.3125   0.0625   0.0   1.0
0.3125   0.09375   0.0   1.0
0.3125   0.114583333333   0.0   1.0
0.3125   0.125   0.0   1.0
0.34375   0.0   0.0   1.0
0.34375   0.0104166666667   0.0   1.0
0.34375   0.03125   0.0   1.0
0.34375   0.0625   0.0   1.0
0.34375   0.09375   0.0   1.0
0.34375   0.114583333333   0.0   1.0
0.34375   0.125   0.0   1.0
0.375   0.0   0.0   1.0
0.375   0.0104166666667   0.0   1.0
0.375   0.03125   0.0   1.0
0.375   0.0625   0.0   1.0
0.375   0.09375   0.0   1.0
0.375   0.114583333333   0.0   1.0
0.375   0.125   0.0   1.0
0.40625   0.0   0.0   1.0
0.40625   0.0104166666667   0.0   1.0
0.40625   0.03125   0.0   1.0
0.40625   0.0625   0.0   1.0
0.40625   0.09375   0.0   1.0
0.40625   0.114583333333   0.0   1.0
0.40625   0.125   0.0   1.0
0.4375   0.0   0.0   1.0
0.4375   0.0104166666667   0.0   1.0
0.4375   0.03125   0.0   1.0
0.4375   0.0625   0.0   1.0
0.4375   0.09375   0.0   1.0
0.4375   0.114583333333   0.0   1.0
0.4375   0.125   0.0   1.0
0.46875   0.0   0.0   1.0
0.46875   0.0104166666667   0.0   1.0
0.46875   0.03125   0.0   1.0
0.46875   0.0625   0.0   1.0
0.46875   0.09375   0.0   1.0
0.46875   0.114583333333   0.0   1.0
0.46875   0.125   0.0   1.0
0.5   0.0   0.0   1.0
0.5   0.0104166666667   0.0   1.0
0.5   0.03125   0.0   1.0
0.5   0.0625   0.0   1.0
0.5   0.09375   0.0   1.0
0.5   0.114583333333   0.0   1.0
0.5   0.125   0.0   1.0
0.53125   0.0   0.0   1.0
0.53125   0.0104166666667   0.0   1.0
0.53125   0.03125   0.0   1.0
0.53125   0.0625   0.0   1.0
0.53125   0.09375   0.0   1.0
0.53125   0.114583333333   0.0   1.0
0.53125   0.125   0.0   1.0
0.5625   0.0   0.0   1.0
0.5625   0.0104166666667   0.0   1.0
0.5625   0.03125   0.0   1.0
0.5625   0.0625   0.0   1.0
0.5625   0.09375   0.0   1.0
0.5625   0.114583333333   0.0   1.0
0.5625   0.125   0.0   1.0
0.59375   0.0   0.0   1.0
0.59375   0.0104166666667   0.0   1.0
0.59375   0.03125   0.0   1.0
0.59375   0.0625   0.0   1.0
0.59375   0.09375   0.0   1.0
0.59375   0.114583333333   0.0   1.0
0.59375   0.125   0.0   1.0
0.625   0.0   0.0   1.0
0.625   0.0104166666667   0.0   1.0
0.625   0.03125   0.0   1.0
0.625   0.0625   0.0   1.0
0.625   0.09375   0.0   1.0
0.625   0.114583333333   0.0   1.0
0.625   0.125   0.0   1.0
0.65625   0.0   0.0   1.0
0.65625   0.0104166666667   0.0   1.0
0.65625   0.03125   0.0   1.0
0.65625   0.0625   0.0   1.0
0.65625   0.09375   0.0   1.0
0.65625   0.114583333333   0.0   1.0
0.65625   0.125   0.0   1.0
0.6875   0.0   0.0   1.0
0.6875   0.0104166666667   0.0   1.0
0.6875   0.03125   0.0   1.0
0.6875   0.0625   0.0   1.0
0.6875   0.09375   0.0   1.0
0.6875   0.114583333333   0.0   1.0
0.6875   0.125   0.0   1.0
0.71875   0.0   0.0   1.0
0.71875   0.0104166666667   0.0   1.0
0.71875   0.03125   0.0   1.0
0.71875   0.0625   0.0   1.0
0.71875   0.09375   0.0   1.0
0.71875   0.114583333333   0.0   1.0
0.71875   0.125   0.0   1.0
0.75   0.0   0.0   1.0
0.75   0.0104166666667   0.0   1.0
0.75   0.03125   0.0   1.0
0.75   0.0625   0.0   1.0
0.75   0.09375   0.0   1.0
0.75   0.114583333333   0.0   1.0
0.75   0.125   0.0   1.0
0.78125   0.0   0.0   1.0
0.78125   0.0104166666667   0.0   1.0
0.78125   0.03125   0.0   1.0
0.78125   0.0625   0.0   1.0
0.78125   0.09375   0.0   1.0
0.78125   0.114583333333   0.0   1.0
0.78125   0.125   0.0   1.0
0.8125   0.0   0.0   1.0
0.8125   0.0104166666667   0.0   1.0
0.8125   0.03125   0.0   1.0
0.8125   0.0625   0.0   1.0
0.8125   0.09375   0.0   1.0
0.8125   0.114583333333   0.0   1.0
0.8125   0.125   0.0   1.0
0.84375   0.0   0.0   1.0
0.84375   0.0104166666667   0.0   1.0
0.84375   0.03125   0.0   1.0
0.84375   0.0625   0.0   1.0
0.84375   0.09375   0.0   1.0
0.84375   0.114583333333   0.0   1.0
0.84375   0.125   0.0   1.0
0.875   0.0   0.0   1.0
0.875   0.0104166666667   0.0   1.0
0.875   0.03125   0.0   1.0
0.875   0.0625   0.0   1.0
0.875   0.09375   0.0   1.0
0.875   0.114583333333   0.0   1.0
0.875   0.125   0.0   1.0
0.90625   0.0   0.0   1.0
0.90625   0.0104166666667   0.0   1.0
0.90625   0.03125   0.0   1.0
0.90625   0.0625   0.0   1.0
0.90625   0.09375   0.0   1.0
0.90625   0.114583333333   0.0   1.0
0.90625   0.125   0.0   1.0
0.9375   0.0   0.0   1.0
0.9375   0.0104166666667   0.0   1.0
0.9375   0.03125   0.0   1.0
0.9375   0.0625   0.0   1.0
0.9375   0.09375   0.0   1.0
0.9375   0.114583333333   0.0   1.0
0.9375   0.125   0.0   1.0
0.96875   0.0   0.0   1.0
0.96875   0.0104166666667   0.0   1.0
0.96875   0.03125   0.0   1.0
0.96875   0.0625   0.0   1.0
0.96875   0.09375   0.0   1.0
0.96875   0.114583333333   0.0   1.0
0.96875   0.125   0.0   1.0
0.989583333333   0.0   0.0   1.0
0.989583333333   0.0104166666667   0.0   1.0
0.989583333333   0.03125   0.0   1.0
0.989583333333   0.0625   0.0   1.0
0.989583333333   0.09375   0.0   1.0
0.989583333333   0.114583333333   0.0   1.0
0.989583333333   0.125   0.0   1.0
1.0   0.0   0.0   1.0
1.0   0.0104166666667   0.0   1.0
1.0   0.03125   0.0   1.0
1.0   0.0625   0.0   1.0
1.0   0.09375   0.0   1.0
1.0   0.114583333333   0.0   1.0
1.0   0.125   0.0   1.0

 ------------------------------------------------------------------------------------------ 
Number of control points  - (u, v, t) - PATCH 0
------------------------------------------------------------------------------------------ 
35   7   0

 ------------------------------------------------------------------------------------------ 
Degree (u,v,t) - PATCH 0
------------------------------------------------------------------------------------------ 
3   3   0

 ------------------------------------------------------------------------------------------ 
KNOT VECTOR (u) - PATCH 0
------------------------------------------------------------------------------------------ 
0.0
0.0
0.0
0.0
0.03125
0.0625
0.09375
0.125
0.15625
0.1875
0.21875
0.25
0.28125
0.3125
0.34375
0.375
0.40625
0.4375
0.46875
0.5
0.53125
0.5625
0.59375
0.625
0.65625
0.6875
0.71875
0.75
0.78125
0.8125
0.84375
0.875
0.90625
0.9375
0.96875
1.0
1.0
1.0
1.0

 ------------------------------------------------------------------------------------------ 
KNOT VECTOR (v) - PATCH 0
------------------------------------------------------------------------------------------ 
0.0
0.0
0.0
0.0
0.25
0.5
0.75
1.0
1.0
1.0
1.0

 ------------------------------------------------------------------------------------------ 
NUMBER OF NEUMMAN BOUNDARY CONDITION - PATCH 0
------------------------------------------------------------------------------------------ 
1

 ------------------------------------------------------------------------------------------ 
POINT/CURVE INDEX    VALUES (X, Y) - PATCH 0
------------------------------------------------------------------------------------------ 
CURVE 1 5.0e06 0.0

 ------------------------------------------------------------------------------------------ 
NUMBER OF DIRICHELET BOUNDARY CONDITION - PATCH 0
------------------------------------------------------------------------------------------ 
2

 ------------------------------------------------------------------------------------------ 
POINT/CURVE INDEX    (0-FREE, 1- DISPLACEMENT) VALUES (X, Y) - PATCH 0
------------------------------------------------------------------------------------------ 
CURVE 0 0 1 0.0 0.0
CURVE 3 1 0 0.0 0.0

------------------------------------------------------------------------------------------ 
NUMBER OF CONTROL POINTS - PATCH 1
------------------------------------------------------------------------------------------ 
245

 ------------------------------------------------------------------------------------------ 
INDEX MATERIAL - PATCH 1
------------------------------------------------------------------------------------------ 
0

 ------------------------------------------------------------------------------------------ 
THICKNESS  - PATCH 1
------------------------------------------------------------------------------------------ 
1.0

 ------------------------------------------------------------------------------------------ 
CONTROL POINTS COORDINATES AND WEIGHT (X,Y,Z,W)  - PATCH 1
------------------------------------------------------------------------------------------ 
0.0   0.125   0.0   1.0
0.0   0.135416666667   0.0   1.0
0.0   0.15625   0.0   1.0
0.0   0.1875   0.0   1.0
0.0   0.21875   0.0   1.0
0.0   0.239583333333   0.0   1.0
0.0   0.25   0.0   1.0
0.0104166666667   0.125   0.0   1.0
0.0104166666667   0.135416666667   0.0   1.0
0.0104166666667   0.15625   0.0   1.0
0.0104166666667   0.1875   0.0   1.0
0.0104166666667   0.21875   0.0   1.0
0.0104166666667   0.239583333333   0.0   1.0
0.0104166666667   0.25   0.0   1.0
0.03125   0.125   0.0   1.0
0.03125   0.135416666667   0.0   1.0
0.03125   0.15625   0.0   1.0
0.03125   0.1875   0.0   1.0
0.03125   0.21875   0.0   1.0
0.03125   0.239583333333   0.0   1.0
0.03125   0.25   0.0   1.0
0.0625   0.125   0.0   1.0
0.0625   0.135416666667   0.0   1.0
0.0625   0.15625   0.0   1.0
0.0625   0.1875   0.0   1.0
0.0625   0.21875   0.0   1.0
0.0625   0.239583333333   0.0   1.0
0.0625   0.25   0.0   1.0
0.09375   0.125   0.0   1.0
0.09375   0.135416666667   0.0   1.0
0.09375   0.15625   0.0   1.0
0.09375   0.1875   0.0   1.0
0.09375   0.21875   0.0   1.0
0.09375   0.239583333333   0.0   1.0
0.09375   0.25   0.0   1.0
0.125   0.125   0.0   1.0
0.125   0.135416666667   0.0   1.0
0.125   0.15625   0.0   1.0
0.125   0.1875   0.0   1.0
0.125   0.21875   0.0   1.0
0.125   0.239583333333   0.0   1.0
0.125   0.25   0.0   1.0
0.15625   0.125   0.0   1.0
0.15625   0.135416666667   0.0   1.0
0.15625   0.15625   0.0   1.0
0.15625   0.1875   0.0   1.0
0.15625   0.21875   0.0   1.0
0.15625   0.239583333333   0.0   1.0
0.15625   0.25   0.0   1.0
0.1875   0.125   0.0   1.0
0.1875   0.135416666667   0.0   1.0
0.1875   0.15625   0.0   1.0
0.1875   0.1875   0.0   1.0
0.1875   0.21875   0.0   1.0
0.1875   0.239583333333   0.0   1.0
0.1875   0.25   0.0   1.0
0.21875   0.125   0.0   1.0
0.21875   0.135416666667   0.0   1.0
0.21875   0.15625   0.0   1.0
0.21875   0.1875   0.0   1.0
0.21875   0.21875   0.0   1.0
0.21875   0.239583333333   0.0   1.0
0.21875   0.25   0.0   1.0
0.25   0.125   0.0   1.0
0.25   0.135416666667   0.0   1.0
0.25   0.15625   0.0   1.0
0.25   0.1875   0.0   1.0
0.25   0.21875   0.0   1.0
0.25   0.239583333333   0.0   1.0
0.25   0.25   0.0   1.0
0.28125   0.125   0.0   1.0
0.28125   0.135416666667   0.0   1.0
0.28125   0.15625   0.0   1.0
0.28125   0.1875   0.0   1.0
0.28125   0.21875   0.0   1.0
0.28125   0.239583333333   0.0   1.0
0.28125   0.25   0.0   1.0
0.3125   0.125   0.0   1.0
0.3125   0.135416666667   0.0   1.0
0.3125   0.15625   0.0   1.0
0.3125   0.1875   0.0   1.0
0.3125   0.21875   0.0   1.0
0.3125   0.239583333333   0.0   1.0
0.3125   0.25   0.0   1.0
0.34375   0.125   0.0   1.0
0.34375   0.135416666667   0.0   1.0
0.34375   0.15625   0.0   1.0
0.34375   0.1875   0.0   1.0
0.34375   0.21875   0.0   1.0
0.34375   0.239583333333   0.0   1.0
0.34375   0.25   0.0   1.0
0.375   0.125   0.0   1.0
0.375   0.135416666667   0.0   1.0
0.375   0.15625   0.0   1.0
0.375   0.1875   0.0   1.0
0.375   0.21875   0.0   1.0
0.375   0.239583333333   0.0   1.0
0.375   0.25   0.0   1.0
0.40625   0.125   0.0   1.0
0.40625   0.135416666667   0.0   1.0
0.40625   0.15625   0.0   1.0
0.40625   0.1875   0.0   1.0
0.40625   0.21875   0.0   1.0
0.40625   0.239583333333   0.0   1.0
0.40625   0.25   0.0   1.0
0.4375   0.125   0.0   1.0
0.4375   0.135416666667   0.0   1.0
0.4375   0.15625   0.0   1.0
0.4375   0.1875   0.0   1.0
0.4375   0.21875   0.0   1.0
0.4375   0.239583333333   0.0   1.0
0.4375   0.25   0.0   1.0
0.46875   0.125   0.0   1.0
0.46875   0.135416666667   0.0   1.0
0.46875   0.15625   0.0   1.0
0.46875   0.1875   0.0   1.0
0.46875   0.21875   0.0   1.0
0.46875   0.239583333333   0.0   1.0
0.46875   0.25   0.0   1.0
0.5   0.125   0.0   1.0
0.5   0.135416666667   0.0   1.0
0.5   0.15625   0.0   1.0
0.5   0.1875   0.0   1.0
0.5   0.21875   0.0   1.0
0.5   0.239583333333   0.0   1.0
0.5   0.25   0.0   1.0
0.53125   0.125   0.0   1.0
0.53125   0.135416666667   0.0   1.0
0.53125   0.15625   0.0   1.0
0.53125   0.1875   0.0   1.0
0.53125   0.21875   0.0   1.0
0.53125   0.239583333333   0.0   1.0
0.53125   0.25   0.0   1.0
0.5625   0.125   0.0   1.0
0.5625   0.135416666667   0.0   1.0
0.5625   0.15625   0.0   1.0
0.5625   0.1875   0.0   1.0
0.5625   0.21875   0.0   1.0
0.5625   0.239583333333   0.0   1.0
0.5625   0.25   0.0   1.0
0.59375   0.125   0.0   1.0
0.59375   0.135416666667   0.0   1.0
0.59375   0.15625   0.0   1.0
0.59375   0.1875   0.0   1.0
0.59375   0.21875   0.0   1.0
0.59375   0.239583333333   0.0   1.0
0.59375   0.25   0.0   1.0
0.625   0.125   0.0   1.0
0.625   0.135416666667   0.0   1.0
0.625   0.15625   0.0   1.0
0.625   0.1875   0.0   1.0
0.625   0.21875   0.0   1.0
0.625   0.239583333333   0.0   1.0
0.625   0.25   0.0   1.0
0.65625   0.125   0.0   1.0
0.65625   0.135416666667   0.0   1.0
0.65625   0.15625   0.0   1.0
0.65625   0.1875   0.0   1.0
0.65625   0.21875   0.0   1.0
0.65625   0.239583333333   0.0   1.0
0.65625   0.25   0.0   1.0
0.6875   0.125   0.0   1.0
0.6875   0.135416666667   0.0   1.0
0.6875   0.15625   0.0   1.0
0.6875   0.1875   0.0   1.0
0.6875   0.21875   0.0   1.0
0.6875   0.239583333333   0.0   1.0
0.6875   0.25   0.0   1.0
0.71875   0.125   0.0   1.0
0.71875   0.135416666667   0.0   1.0
0.71875   0.15625   0.0   1.0
0.71875   0.1875   0.0   1.0
0.71875   0.21875   0.0   1.0
0.71875   0.239583333333   0.0   1.0
0.71875   0.25   0.0   1.0
0.75   0.125   0.0   1.0
0.75   0.135416666667   0.0   1.0
0.75   0.15625   0.0   1.0
0.75   0.1875   0.0   1.0
0.75   0.21875   0.0   1.0
0.75   0.239583333333   0.0   1.0
0.75   0.25   0.0   1.0
0.78125   0.125   0.0   1.0
0.78125   0.135416666667   0.0   1.0
0.78125   0.15625   0.0   1.0
0.78125   0.1875   0.0   1.0
0.78125   0.21875   0.0   1.0
0.78125   0.239583333333   0.0   1.0
0.78125   0.25   0.0   1.0
0.8125   0.125   0.0   1.0
0.8125   0.135416666667   0.0   1.0
0.8125   0.15625   0.0   1.0
0.8125   0.1875   0.0   1.0
0.8125   0.21875   0.0   1.0
0.8125   0.239583333333   0.0   1.0
0.8125   0.25   0.0   1.0
0.84375   0.125   0.0   1.0
0.84375   0.135416666667   0.0   1.0
0.84375   0.15625   0.0   1.0
0.84375   0.1875   0.0   1.0
0.84375   0.21875   0.0   1.0
0.84375   0.239583333333   0.0   1.0
0.84375   0.25   0.0   1.0
0.875   0.125   0.0   1.0
0.875   0.135416666667   0.0   1.0
0.875   0.15625   0.0   1.0
0.875   0.1875   0.0   1.0
0.875   0.21875   0.0   1.0
0.875   0.239583333333   0.0   1.0
0.875   0.25   0.0   1.0
0.90625   0.125   0.0   1.0
0.90625   0.135416666667   0.0   1.0
0.90625   0.15625   0.0   1.0
0.90625   0.1875   0.0   1.0
0.90625   0.21875   0.0   1.0
0.90625   0.239583333333   0.0   1.0
0.90625   0.25   0.0   1.0
0.9375   0.125   0.0   1.0
0.9375   0.135416666667   0.0   1.0
0.9375   0.15625   0.0   1.0
0.9375   0.1875   0.0   1.0
0.9375   0.21875   0.0   1.0
0.9375   0.239583333333   0.0   1.0
0.9375   0.25   0.0   1.0
0.96875   0.125   0.0   1.0
0.96875   0.135416666667   0.0   1.0
0.96875   0.15625   0.0   1.0
0.96875   0.1875   0.0   1.0
0.96875   0.21875   0.0   1.0
0.96875   0.239583333333   0.0   1.0
0.96875   0.25   0.0   1.0
0.989583333333   0.125   0.0   1.0
0.989583333333   0.135416666667   0.0   1.0
0.989583333333   0.15625   0.0   1.0
0.989583333333   0.1875   0.0   1.0
0.989583333333   0.21875   0.0   1.0
0.989583333333   0.239583333333   0.0   1.0
0.989583333333   0.25   0.0   1.0
1.0   0.125   0.0   1.0
1.0   0.135416666667   0.0   1.0
1.0   0.15625   0.0   1.0
1.0   0.1875   0.0   1.0
1.0   0.21875   0.0   1.0
1.0   0.239583333333   0.0   1.0
1.0   0.25   0.0   1.0

 ------------------------------------------------------------------------------------------ 
Number of control points  - (u, v, t) - PATCH 1
------------------------------------------------------------------------------------------ 
35   7   0

 ------------------------------------------------------------------------------------------ 
Degree (u,v,t) - PATCH 1
------------------------------------------------------------------------------------------ 
3   3   0

 ------------------------------------------------------------------------------------------ 
KNOT VECTOR (u) - PATCH 1
------------------------------------------------------------------------------------------ 
0.0
0.0
0.0
0.0
0.03125
0.0625
0.09375
0.125
0.15625
0.1875
0.21875
0.25
0.28125
0.3125
0.34375
0.375
0.40625
0.4375
0.46875
0.5
0.53125
0.5625
0.59375
0.625
0.65625
0.6875
0.71875
0.75
0.78125
0.8125
0.84375
0.875
0.90625
0.9375
0.96875
1.0
1.0
1.0
1.0

 ------------------------------------------------------------------------------------------ 
KNOT VECTOR (v) - PATCH 1
------------------------------------------------------------------------------------------ 
0.0
0.0
0.0
0.0
0.25
0.5
0.75
1.0
1.0
1.0
1.0

  ------------------------------------------------------------------------------------------ 
NUMBER OF NEUMMAN BOUNDARY CONDITION - PATCH 0
------------------------------------------------------------------------------------------ 
1

 ------------------------------------------------------------------------------------------ 
POINT/CURVE INDEX    VALUES (X, Y) - PATCH 0
------------------------------------------------------------------------------------------ 
CURVE 1 5.0e06 0.0

 ------------------------------------------------------------------------------------------ 
NUMBER OF DIRICHELET BOUNDARY CONDITION - PATCH 0
------------------------------------------------------------------------------------------ 
2

 ------------------------------------------------------------------------------------------ 
POINT/CURVE INDEX    (0-FREE, 1- DISPLACEMENT) VALUES (X, Y) - PATCH 0
------------------------------------------------------------------------------------------ 
CURVE 2 0 1 0.0 0.0
CURVE 3 1 0 0.0 0.0
