------------------------------------------------------------------------------------------
NUMBER OF PATCHES        
------------------------------------------------------------------------------------------
2

------------------------------------------------------------------------------------------ 
NUMBER OF CONTROL POINTS - PATCH 0
------------------------------------------------------------------------------------------ 
196

 ------------------------------------------------------------------------------------------ 
INDEX MATERIAL - PATCH 0
------------------------------------------------------------------------------------------ 
0

 ------------------------------------------------------------------------------------------ 
THICKNESS  - PATCH 0
------------------------------------------------------------------------------------------ 
1.0

 ------------------------------------------------------------------------------------------ 
CONTROL POINTS COORDINATES AND WEIGHT (X,Y,Z,W)  - PATCH 0
------------------------------------------------------------------------------------------ 
0.0   0.0   0.0   1.0
0.0   0.0104166666667   0.0   1.0
0.0   0.03125   0.0   1.0
0.0   0.0625   0.0   1.0
0.0   0.09375   0.0   1.0
0.0   0.114583333333   0.0   1.0
0.0   0.125   0.0   1.0
0.0133333333333   0.0   0.0   1.0
0.0133333333333   0.0104166666667   0.0   1.0
0.0133333333333   0.03125   0.0   1.0
0.0133333333333   0.0625   0.0   1.0
0.0133333333333   0.09375   0.0   1.0
0.0133333333333   0.114583333333   0.0   1.0
0.0133333333333   0.125   0.0   1.0
0.04   0.0   0.0   1.0
0.04   0.0104166666667   0.0   1.0
0.04   0.03125   0.0   1.0
0.04   0.0625   0.0   1.0
0.04   0.09375   0.0   1.0
0.04   0.114583333333   0.0   1.0
0.04   0.125   0.0   1.0
0.08   0.0   0.0   1.0
0.08   0.0104166666667   0.0   1.0
0.08   0.03125   0.0   1.0
0.08   0.0625   0.0   1.0
0.08   0.09375   0.0   1.0
0.08   0.114583333333   0.0   1.0
0.08   0.125   0.0   1.0
0.12   0.0   0.0   1.0
0.12   0.0104166666667   0.0   1.0
0.12   0.03125   0.0   1.0
0.12   0.0625   0.0   1.0
0.12   0.09375   0.0   1.0
0.12   0.114583333333   0.0   1.0
0.12   0.125   0.0   1.0
0.16   0.0   0.0   1.0
0.16   0.0104166666667   0.0   1.0
0.16   0.03125   0.0   1.0
0.16   0.0625   0.0   1.0
0.16   0.09375   0.0   1.0
0.16   0.114583333333   0.0   1.0
0.16   0.125   0.0   1.0
0.2   0.0   0.0   1.0
0.2   0.0104166666667   0.0   1.0
0.2   0.03125   0.0   1.0
0.2   0.0625   0.0   1.0
0.2   0.09375   0.0   1.0
0.2   0.114583333333   0.0   1.0
0.2   0.125   0.0   1.0
0.24   0.0   0.0   1.0
0.24   0.0104166666667   0.0   1.0
0.24   0.03125   0.0   1.0
0.24   0.0625   0.0   1.0
0.24   0.09375   0.0   1.0
0.24   0.114583333333   0.0   1.0
0.24   0.125   0.0   1.0
0.28   0.0   0.0   1.0
0.28   0.0104166666667   0.0   1.0
0.28   0.03125   0.0   1.0
0.28   0.0625   0.0   1.0
0.28   0.09375   0.0   1.0
0.28   0.114583333333   0.0   1.0
0.28   0.125   0.0   1.0
0.32   0.0   0.0   1.0
0.32   0.0104166666667   0.0   1.0
0.32   0.03125   0.0   1.0
0.32   0.0625   0.0   1.0
0.32   0.09375   0.0   1.0
0.32   0.114583333333   0.0   1.0
0.32   0.125   0.0   1.0
0.36   0.0   0.0   1.0
0.36   0.0104166666667   0.0   1.0
0.36   0.03125   0.0   1.0
0.36   0.0625   0.0   1.0
0.36   0.09375   0.0   1.0
0.36   0.114583333333   0.0   1.0
0.36   0.125   0.0   1.0
0.4   0.0   0.0   1.0
0.4   0.0104166666667   0.0   1.0
0.4   0.03125   0.0   1.0
0.4   0.0625   0.0   1.0
0.4   0.09375   0.0   1.0
0.4   0.114583333333   0.0   1.0
0.4   0.125   0.0   1.0
0.44   0.0   0.0   1.0
0.44   0.0104166666667   0.0   1.0
0.44   0.03125   0.0   1.0
0.44   0.0625   0.0   1.0
0.44   0.09375   0.0   1.0
0.44   0.114583333333   0.0   1.0
0.44   0.125   0.0   1.0
0.48   0.0   0.0   1.0
0.48   0.0104166666667   0.0   1.0
0.48   0.03125   0.0   1.0
0.48   0.0625   0.0   1.0
0.48   0.09375   0.0   1.0
0.48   0.114583333333   0.0   1.0
0.48   0.125   0.0   1.0
0.52   0.0   0.0   1.0
0.52   0.0104166666667   0.0   1.0
0.52   0.03125   0.0   1.0
0.52   0.0625   0.0   1.0
0.52   0.09375   0.0   1.0
0.52   0.114583333333   0.0   1.0
0.52   0.125   0.0   1.0
0.56   0.0   0.0   1.0
0.56   0.0104166666667   0.0   1.0
0.56   0.03125   0.0   1.0
0.56   0.0625   0.0   1.0
0.56   0.09375   0.0   1.0
0.56   0.114583333333   0.0   1.0
0.56   0.125   0.0   1.0
0.6   0.0   0.0   1.0
0.6   0.0104166666667   0.0   1.0
0.6   0.03125   0.0   1.0
0.6   0.0625   0.0   1.0
0.6   0.09375   0.0   1.0
0.6   0.114583333333   0.0   1.0
0.6   0.125   0.0   1.0
0.64   0.0   0.0   1.0
0.64   0.0104166666667   0.0   1.0
0.64   0.03125   0.0   1.0
0.64   0.0625   0.0   1.0
0.64   0.09375   0.0   1.0
0.64   0.114583333333   0.0   1.0
0.64   0.125   0.0   1.0
0.68   0.0   0.0   1.0
0.68   0.0104166666667   0.0   1.0
0.68   0.03125   0.0   1.0
0.68   0.0625   0.0   1.0
0.68   0.09375   0.0   1.0
0.68   0.114583333333   0.0   1.0
0.68   0.125   0.0   1.0
0.72   0.0   0.0   1.0
0.72   0.0104166666667   0.0   1.0
0.72   0.03125   0.0   1.0
0.72   0.0625   0.0   1.0
0.72   0.09375   0.0   1.0
0.72   0.114583333333   0.0   1.0
0.72   0.125   0.0   1.0
0.76   0.0   0.0   1.0
0.76   0.0104166666667   0.0   1.0
0.76   0.03125   0.0   1.0
0.76   0.0625   0.0   1.0
0.76   0.09375   0.0   1.0
0.76   0.114583333333   0.0   1.0
0.76   0.125   0.0   1.0
0.8   0.0   0.0   1.0
0.8   0.0104166666667   0.0   1.0
0.8   0.03125   0.0   1.0
0.8   0.0625   0.0   1.0
0.8   0.09375   0.0   1.0
0.8   0.114583333333   0.0   1.0
0.8   0.125   0.0   1.0
0.84   0.0   0.0   1.0
0.84   0.0104166666667   0.0   1.0
0.84   0.03125   0.0   1.0
0.84   0.0625   0.0   1.0
0.84   0.09375   0.0   1.0
0.84   0.114583333333   0.0   1.0
0.84   0.125   0.0   1.0
0.88   0.0   0.0   1.0
0.88   0.0104166666667   0.0   1.0
0.88   0.03125   0.0   1.0
0.88   0.0625   0.0   1.0
0.88   0.09375   0.0   1.0
0.88   0.114583333333   0.0   1.0
0.88   0.125   0.0   1.0
0.92   0.0   0.0   1.0
0.92   0.0104166666667   0.0   1.0
0.92   0.03125   0.0   1.0
0.92   0.0625   0.0   1.0
0.92   0.09375   0.0   1.0
0.92   0.114583333333   0.0   1.0
0.92   0.125   0.0   1.0
0.96   0.0   0.0   1.0
0.96   0.0104166666667   0.0   1.0
0.96   0.03125   0.0   1.0
0.96   0.0625   0.0   1.0
0.96   0.09375   0.0   1.0
0.96   0.114583333333   0.0   1.0
0.96   0.125   0.0   1.0
0.986666666667   0.0   0.0   1.0
0.986666666667   0.0104166666667   0.0   1.0
0.986666666667   0.03125   0.0   1.0
0.986666666667   0.0625   0.0   1.0
0.986666666667   0.09375   0.0   1.0
0.986666666667   0.114583333333   0.0   1.0
0.986666666667   0.125   0.0   1.0
1.0   0.0   0.0   1.0
1.0   0.0104166666667   0.0   1.0
1.0   0.03125   0.0   1.0
1.0   0.0625   0.0   1.0
1.0   0.09375   0.0   1.0
1.0   0.114583333333   0.0   1.0
1.0   0.125   0.0   1.0

 ------------------------------------------------------------------------------------------ 
Number of control points  - (u, v, t) - PATCH 0
------------------------------------------------------------------------------------------ 
28   7   0

 ------------------------------------------------------------------------------------------ 
Degree (u,v,t) - PATCH 0
------------------------------------------------------------------------------------------ 
3   3   0

 ------------------------------------------------------------------------------------------ 
KNOT VECTOR (u) - PATCH 0
------------------------------------------------------------------------------------------ 
0.0
0.0
0.0
0.0
0.04
0.08
0.12
0.16
0.2
0.24
0.28
0.32
0.36
0.4
0.44
0.48
0.52
0.56
0.6
0.64
0.68
0.72
0.76
0.8
0.84
0.88
0.92
0.96
1.0
1.0
1.0
1.0

 ------------------------------------------------------------------------------------------ 
KNOT VECTOR (v) - PATCH 0
------------------------------------------------------------------------------------------ 
0.0
0.0
0.0
0.0
0.25
0.5
0.75
1.0
1.0
1.0
1.0

 ------------------------------------------------------------------------------------------ 
NUMBER OF NEUMMAN BOUNDARY CONDITION - PATCH 0
------------------------------------------------------------------------------------------ 
1

 ------------------------------------------------------------------------------------------ 
POINT/CURVE INDEX    VALUES (X, Y) - PATCH 0
------------------------------------------------------------------------------------------ 
CURVE 1 5.0e06 0.0

 ------------------------------------------------------------------------------------------ 
NUMBER OF DIRICHELET BOUNDARY CONDITION - PATCH 0
------------------------------------------------------------------------------------------ 
2

 ------------------------------------------------------------------------------------------ 
POINT/CURVE INDEX    (0-FREE, 1- DISPLACEMENT) VALUES (X, Y) - PATCH 0
------------------------------------------------------------------------------------------ 
CURVE 0 0 1 0.0 0.0
CURVE 3 1 0 0.0 0.0

------------------------------------------------------------------------------------------ 
NUMBER OF CONTROL POINTS - PATCH 1
------------------------------------------------------------------------------------------ 
196

 ------------------------------------------------------------------------------------------ 
INDEX MATERIAL - PATCH 1
------------------------------------------------------------------------------------------ 
0

 ------------------------------------------------------------------------------------------ 
THICKNESS  - PATCH 1
------------------------------------------------------------------------------------------ 
1.0

 ------------------------------------------------------------------------------------------ 
CONTROL POINTS COORDINATES AND WEIGHT (X,Y,Z,W)  - PATCH 1
------------------------------------------------------------------------------------------ 
0.0   0.125   0.0   1.0
0.0   0.135416666667   0.0   1.0
0.0   0.15625   0.0   1.0
0.0   0.1875   0.0   1.0
0.0   0.21875   0.0   1.0
0.0   0.239583333333   0.0   1.0
0.0   0.25   0.0   1.0
0.0133333333333   0.125   0.0   1.0
0.0133333333333   0.135416666667   0.0   1.0
0.0133333333333   0.15625   0.0   1.0
0.0133333333333   0.1875   0.0   1.0
0.0133333333333   0.21875   0.0   1.0
0.0133333333333   0.239583333333   0.0   1.0
0.0133333333333   0.25   0.0   1.0
0.04   0.125   0.0   1.0
0.04   0.135416666667   0.0   1.0
0.04   0.15625   0.0   1.0
0.04   0.1875   0.0   1.0
0.04   0.21875   0.0   1.0
0.04   0.239583333333   0.0   1.0
0.04   0.25   0.0   1.0
0.08   0.125   0.0   1.0
0.08   0.135416666667   0.0   1.0
0.08   0.15625   0.0   1.0
0.08   0.1875   0.0   1.0
0.08   0.21875   0.0   1.0
0.08   0.239583333333   0.0   1.0
0.08   0.25   0.0   1.0
0.12   0.125   0.0   1.0
0.12   0.135416666667   0.0   1.0
0.12   0.15625   0.0   1.0
0.12   0.1875   0.0   1.0
0.12   0.21875   0.0   1.0
0.12   0.239583333333   0.0   1.0
0.12   0.25   0.0   1.0
0.16   0.125   0.0   1.0
0.16   0.135416666667   0.0   1.0
0.16   0.15625   0.0   1.0
0.16   0.1875   0.0   1.0
0.16   0.21875   0.0   1.0
0.16   0.239583333333   0.0   1.0
0.16   0.25   0.0   1.0
0.2   0.125   0.0   1.0
0.2   0.135416666667   0.0   1.0
0.2   0.15625   0.0   1.0
0.2   0.1875   0.0   1.0
0.2   0.21875   0.0   1.0
0.2   0.239583333333   0.0   1.0
0.2   0.25   0.0   1.0
0.24   0.125   0.0   1.0
0.24   0.135416666667   0.0   1.0
0.24   0.15625   0.0   1.0
0.24   0.1875   0.0   1.0
0.24   0.21875   0.0   1.0
0.24   0.239583333333   0.0   1.0
0.24   0.25   0.0   1.0
0.28   0.125   0.0   1.0
0.28   0.135416666667   0.0   1.0
0.28   0.15625   0.0   1.0
0.28   0.1875   0.0   1.0
0.28   0.21875   0.0   1.0
0.28   0.239583333333   0.0   1.0
0.28   0.25   0.0   1.0
0.32   0.125   0.0   1.0
0.32   0.135416666667   0.0   1.0
0.32   0.15625   0.0   1.0
0.32   0.1875   0.0   1.0
0.32   0.21875   0.0   1.0
0.32   0.239583333333   0.0   1.0
0.32   0.25   0.0   1.0
0.36   0.125   0.0   1.0
0.36   0.135416666667   0.0   1.0
0.36   0.15625   0.0   1.0
0.36   0.1875   0.0   1.0
0.36   0.21875   0.0   1.0
0.36   0.239583333333   0.0   1.0
0.36   0.25   0.0   1.0
0.4   0.125   0.0   1.0
0.4   0.135416666667   0.0   1.0
0.4   0.15625   0.0   1.0
0.4   0.1875   0.0   1.0
0.4   0.21875   0.0   1.0
0.4   0.239583333333   0.0   1.0
0.4   0.25   0.0   1.0
0.44   0.125   0.0   1.0
0.44   0.135416666667   0.0   1.0
0.44   0.15625   0.0   1.0
0.44   0.1875   0.0   1.0
0.44   0.21875   0.0   1.0
0.44   0.239583333333   0.0   1.0
0.44   0.25   0.0   1.0
0.48   0.125   0.0   1.0
0.48   0.135416666667   0.0   1.0
0.48   0.15625   0.0   1.0
0.48   0.1875   0.0   1.0
0.48   0.21875   0.0   1.0
0.48   0.239583333333   0.0   1.0
0.48   0.25   0.0   1.0
0.52   0.125   0.0   1.0
0.52   0.135416666667   0.0   1.0
0.52   0.15625   0.0   1.0
0.52   0.1875   0.0   1.0
0.52   0.21875   0.0   1.0
0.52   0.239583333333   0.0   1.0
0.52   0.25   0.0   1.0
0.56   0.125   0.0   1.0
0.56   0.135416666667   0.0   1.0
0.56   0.15625   0.0   1.0
0.56   0.1875   0.0   1.0
0.56   0.21875   0.0   1.0
0.56   0.239583333333   0.0   1.0
0.56   0.25   0.0   1.0
0.6   0.125   0.0   1.0
0.6   0.135416666667   0.0   1.0
0.6   0.15625   0.0   1.0
0.6   0.1875   0.0   1.0
0.6   0.21875   0.0   1.0
0.6   0.239583333333   0.0   1.0
0.6   0.25   0.0   1.0
0.64   0.125   0.0   1.0
0.64   0.135416666667   0.0   1.0
0.64   0.15625   0.0   1.0
0.64   0.1875   0.0   1.0
0.64   0.21875   0.0   1.0
0.64   0.239583333333   0.0   1.0
0.64   0.25   0.0   1.0
0.68   0.125   0.0   1.0
0.68   0.135416666667   0.0   1.0
0.68   0.15625   0.0   1.0
0.68   0.1875   0.0   1.0
0.68   0.21875   0.0   1.0
0.68   0.239583333333   0.0   1.0
0.68   0.25   0.0   1.0
0.72   0.125   0.0   1.0
0.72   0.135416666667   0.0   1.0
0.72   0.15625   0.0   1.0
0.72   0.1875   0.0   1.0
0.72   0.21875   0.0   1.0
0.72   0.239583333333   0.0   1.0
0.72   0.25   0.0   1.0
0.76   0.125   0.0   1.0
0.76   0.135416666667   0.0   1.0
0.76   0.15625   0.0   1.0
0.76   0.1875   0.0   1.0
0.76   0.21875   0.0   1.0
0.76   0.239583333333   0.0   1.0
0.76   0.25   0.0   1.0
0.8   0.125   0.0   1.0
0.8   0.135416666667   0.0   1.0
0.8   0.15625   0.0   1.0
0.8   0.1875   0.0   1.0
0.8   0.21875   0.0   1.0
0.8   0.239583333333   0.0   1.0
0.8   0.25   0.0   1.0
0.84   0.125   0.0   1.0
0.84   0.135416666667   0.0   1.0
0.84   0.15625   0.0   1.0
0.84   0.1875   0.0   1.0
0.84   0.21875   0.0   1.0
0.84   0.239583333333   0.0   1.0
0.84   0.25   0.0   1.0
0.88   0.125   0.0   1.0
0.88   0.135416666667   0.0   1.0
0.88   0.15625   0.0   1.0
0.88   0.1875   0.0   1.0
0.88   0.21875   0.0   1.0
0.88   0.239583333333   0.0   1.0
0.88   0.25   0.0   1.0
0.92   0.125   0.0   1.0
0.92   0.135416666667   0.0   1.0
0.92   0.15625   0.0   1.0
0.92   0.1875   0.0   1.0
0.92   0.21875   0.0   1.0
0.92   0.239583333333   0.0   1.0
0.92   0.25   0.0   1.0
0.96   0.125   0.0   1.0
0.96   0.135416666667   0.0   1.0
0.96   0.15625   0.0   1.0
0.96   0.1875   0.0   1.0
0.96   0.21875   0.0   1.0
0.96   0.239583333333   0.0   1.0
0.96   0.25   0.0   1.0
0.986666666667   0.125   0.0   1.0
0.986666666667   0.135416666667   0.0   1.0
0.986666666667   0.15625   0.0   1.0
0.986666666667   0.1875   0.0   1.0
0.986666666667   0.21875   0.0   1.0
0.986666666667   0.239583333333   0.0   1.0
0.986666666667   0.25   0.0   1.0
1.0   0.125   0.0   1.0
1.0   0.135416666667   0.0   1.0
1.0   0.15625   0.0   1.0
1.0   0.1875   0.0   1.0
1.0   0.21875   0.0   1.0
1.0   0.239583333333   0.0   1.0
1.0   0.25   0.0   1.0

 ------------------------------------------------------------------------------------------ 
Number of control points  - (u, v, t) - PATCH 1
------------------------------------------------------------------------------------------ 
28   7   0

 ------------------------------------------------------------------------------------------ 
Degree (u,v,t) - PATCH 1
------------------------------------------------------------------------------------------ 
3   3   0

 ------------------------------------------------------------------------------------------ 
KNOT VECTOR (u) - PATCH 1
------------------------------------------------------------------------------------------ 
0.0
0.0
0.0
0.0
0.04
0.08
0.12
0.16
0.2
0.24
0.28
0.32
0.36
0.4
0.44
0.48
0.52
0.56
0.6
0.64
0.68
0.72
0.76
0.8
0.84
0.88
0.92
0.96
1.0
1.0
1.0
1.0

 ------------------------------------------------------------------------------------------ 
KNOT VECTOR (v) - PATCH 1
------------------------------------------------------------------------------------------ 
0.0
0.0
0.0
0.0
0.25
0.5
0.75
1.0
1.0
1.0
1.0

  ------------------------------------------------------------------------------------------ 
NUMBER OF NEUMMAN BOUNDARY CONDITION - PATCH 0
------------------------------------------------------------------------------------------ 
1

 ------------------------------------------------------------------------------------------ 
POINT/CURVE INDEX    VALUES (X, Y) - PATCH 0
------------------------------------------------------------------------------------------ 
CURVE 1 5.0e06 0.0

 ------------------------------------------------------------------------------------------ 
NUMBER OF DIRICHELET BOUNDARY CONDITION - PATCH 0
------------------------------------------------------------------------------------------ 
2

 ------------------------------------------------------------------------------------------ 
POINT/CURVE INDEX    (0-FREE, 1- DISPLACEMENT) VALUES (X, Y) - PATCH 0
------------------------------------------------------------------------------------------ 
CURVE 2 0 1 0.0 0.0
CURVE 3 1 0 0.0 0.0
