------------------------------------------------------------------------------------------
NUMBER OF PATCHES        
------------------------------------------------------------------------------------------
2

------------------------------------------------------------------------------------------ 
NUMBER OF CONTROL POINTS - PATCH 1
------------------------------------------------------------------------------------------ 
95

 ------------------------------------------------------------------------------------------ 
INDEX MATERIAL - PATCH 1
------------------------------------------------------------------------------------------ 
0

 ------------------------------------------------------------------------------------------ 
THICKNESS  - PATCH 1
------------------------------------------------------------------------------------------ 
1.0

 ------------------------------------------------------------------------------------------ 
CONTROL POINTS COORDINATES AND WEIGHT (X,Y,Z,W)  - PATCH 1
------------------------------------------------------------------------------------------ 
0.0   0.0   0.0   1.0
0.0   0.0208333333333   0.0   1.0
0.0   0.0625   0.0   1.0
0.0   0.104166666667   0.0   1.0
0.0   0.125   0.0   1.0
0.0208333333333   0.0   0.0   1.0
0.0208333333333   0.0208333333333   0.0   1.0
0.0208333333333   0.0625   0.0   1.0
0.0208333333333   0.104166666667   0.0   1.0
0.0208333333333   0.125   0.0   1.0
0.0625   0.0   0.0   1.0
0.0625   0.0208333333333   0.0   1.0
0.0625   0.0625   0.0   1.0
0.0625   0.104166666667   0.0   1.0
0.0625   0.125   0.0   1.0
0.125   0.0   0.0   1.0
0.125   0.0208333333333   0.0   1.0
0.125   0.0625   0.0   1.0
0.125   0.104166666667   0.0   1.0
0.125   0.125   0.0   1.0
0.1875   0.0   0.0   1.0
0.1875   0.0208333333333   0.0   1.0
0.1875   0.0625   0.0   1.0
0.1875   0.104166666667   0.0   1.0
0.1875   0.125   0.0   1.0
0.25   0.0   0.0   1.0
0.25   0.0208333333333   0.0   1.0
0.25   0.0625   0.0   1.0
0.25   0.104166666667   0.0   1.0
0.25   0.125   0.0   1.0
0.3125   0.0   0.0   1.0
0.3125   0.0208333333333   0.0   1.0
0.3125   0.0625   0.0   1.0
0.3125   0.104166666667   0.0   1.0
0.3125   0.125   0.0   1.0
0.375   0.0   0.0   1.0
0.375   0.0208333333333   0.0   1.0
0.375   0.0625   0.0   1.0
0.375   0.104166666667   0.0   1.0
0.375   0.125   0.0   1.0
0.4375   0.0   0.0   1.0
0.4375   0.0208333333333   0.0   1.0
0.4375   0.0625   0.0   1.0
0.4375   0.104166666667   0.0   1.0
0.4375   0.125   0.0   1.0
0.5   0.0   0.0   1.0
0.5   0.0208333333333   0.0   1.0
0.5   0.0625   0.0   1.0
0.5   0.104166666667   0.0   1.0
0.5   0.125   0.0   1.0
0.5625   0.0   0.0   1.0
0.5625   0.0208333333333   0.0   1.0
0.5625   0.0625   0.0   1.0
0.5625   0.104166666667   0.0   1.0
0.5625   0.125   0.0   1.0
0.625   0.0   0.0   1.0
0.625   0.0208333333333   0.0   1.0
0.625   0.0625   0.0   1.0
0.625   0.104166666667   0.0   1.0
0.625   0.125   0.0   1.0
0.6875   0.0   0.0   1.0
0.6875   0.0208333333333   0.0   1.0
0.6875   0.0625   0.0   1.0
0.6875   0.104166666667   0.0   1.0
0.6875   0.125   0.0   1.0
0.75   0.0   0.0   1.0
0.75   0.0208333333333   0.0   1.0
0.75   0.0625   0.0   1.0
0.75   0.104166666667   0.0   1.0
0.75   0.125   0.0   1.0
0.8125   0.0   0.0   1.0
0.8125   0.0208333333333   0.0   1.0
0.8125   0.0625   0.0   1.0
0.8125   0.104166666667   0.0   1.0
0.8125   0.125   0.0   1.0
0.875   0.0   0.0   1.0
0.875   0.0208333333333   0.0   1.0
0.875   0.0625   0.0   1.0
0.875   0.104166666667   0.0   1.0
0.875   0.125   0.0   1.0
0.9375   0.0   0.0   1.0
0.9375   0.0208333333333   0.0   1.0
0.9375   0.0625   0.0   1.0
0.9375   0.104166666667   0.0   1.0
0.9375   0.125   0.0   1.0
0.979166666667   0.0   0.0   1.0
0.979166666667   0.0208333333333   0.0   1.0
0.979166666667   0.0625   0.0   1.0
0.979166666667   0.104166666667   0.0   1.0
0.979166666667   0.125   0.0   1.0
1.0   0.0   0.0   1.0
1.0   0.0208333333333   0.0   1.0
1.0   0.0625   0.0   1.0
1.0   0.104166666667   0.0   1.0
1.0   0.125   0.0   1.0

 ------------------------------------------------------------------------------------------ 
Number of control points  - (u, v, t) - PATCH 1
------------------------------------------------------------------------------------------ 
19   5   0

 ------------------------------------------------------------------------------------------ 
Degree (u,v,t) - PATCH 1
------------------------------------------------------------------------------------------ 
3   3   0

 ------------------------------------------------------------------------------------------ 
KNOT VECTOR (u) - PATCH 1
------------------------------------------------------------------------------------------ 
0.0
0.0
0.0
0.0
0.0625
0.125
0.1875
0.25
0.3125
0.375
0.4375
0.5
0.5625
0.625
0.6875
0.75
0.8125
0.875
0.9375
1.0
1.0
1.0
1.0

 ------------------------------------------------------------------------------------------ 
KNOT VECTOR (v) - PATCH 1
------------------------------------------------------------------------------------------ 
0.0
0.0
0.0
0.0
0.5
1.0
1.0
1.0
1.0

------------------------------------------------------------------------------------------ 
NUMBER OF NEUMMAN BOUNDARY CONDITION - PATCH 0
------------------------------------------------------------------------------------------ 
1

 ------------------------------------------------------------------------------------------ 
POINT/CURVE INDEX    VALUES (X, Y) - PATCH 0
------------------------------------------------------------------------------------------ 
CURVE 1 5.0e06 0.0

 ------------------------------------------------------------------------------------------ 
NUMBER OF DIRICHELET BOUNDARY CONDITION - PATCH 0
------------------------------------------------------------------------------------------ 
2

 ------------------------------------------------------------------------------------------ 
POINT/CURVE INDEX    (0-FREE, 1- DISPLACEMENT) VALUES (X, Y) - PATCH 0
------------------------------------------------------------------------------------------ 
CURVE 0 0 1 0.0 0.0
CURVE 3 1 0 0.0 0.0

------------------------------------------------------------------------------------------ 
NUMBER OF CONTROL POINTS - PATCH 1
------------------------------------------------------------------------------------------ 
95

 ------------------------------------------------------------------------------------------ 
INDEX MATERIAL - PATCH 1
------------------------------------------------------------------------------------------ 
0

 ------------------------------------------------------------------------------------------ 
THICKNESS  - PATCH 1
------------------------------------------------------------------------------------------ 
1.0

 ------------------------------------------------------------------------------------------ 
CONTROL POINTS COORDINATES AND WEIGHT (X,Y,Z,W)  - PATCH 1
------------------------------------------------------------------------------------------ 
0.0   0.125   0.0   1.0
0.0   0.145833333333   0.0   1.0
0.0   0.1875   0.0   1.0
0.0   0.229166666667   0.0   1.0
0.0   0.25   0.0   1.0
0.0208333333333   0.125   0.0   1.0
0.0208333333333   0.145833333333   0.0   1.0
0.0208333333333   0.1875   0.0   1.0
0.0208333333333   0.229166666667   0.0   1.0
0.0208333333333   0.25   0.0   1.0
0.0625   0.125   0.0   1.0
0.0625   0.145833333333   0.0   1.0
0.0625   0.1875   0.0   1.0
0.0625   0.229166666667   0.0   1.0
0.0625   0.25   0.0   1.0
0.125   0.125   0.0   1.0
0.125   0.145833333333   0.0   1.0
0.125   0.1875   0.0   1.0
0.125   0.229166666667   0.0   1.0
0.125   0.25   0.0   1.0
0.1875   0.125   0.0   1.0
0.1875   0.145833333333   0.0   1.0
0.1875   0.1875   0.0   1.0
0.1875   0.229166666667   0.0   1.0
0.1875   0.25   0.0   1.0
0.25   0.125   0.0   1.0
0.25   0.145833333333   0.0   1.0
0.25   0.1875   0.0   1.0
0.25   0.229166666667   0.0   1.0
0.25   0.25   0.0   1.0
0.3125   0.125   0.0   1.0
0.3125   0.145833333333   0.0   1.0
0.3125   0.1875   0.0   1.0
0.3125   0.229166666667   0.0   1.0
0.3125   0.25   0.0   1.0
0.375   0.125   0.0   1.0
0.375   0.145833333333   0.0   1.0
0.375   0.1875   0.0   1.0
0.375   0.229166666667   0.0   1.0
0.375   0.25   0.0   1.0
0.4375   0.125   0.0   1.0
0.4375   0.145833333333   0.0   1.0
0.4375   0.1875   0.0   1.0
0.4375   0.229166666667   0.0   1.0
0.4375   0.25   0.0   1.0
0.5   0.125   0.0   1.0
0.5   0.145833333333   0.0   1.0
0.5   0.1875   0.0   1.0
0.5   0.229166666667   0.0   1.0
0.5   0.25   0.0   1.0
0.5625   0.125   0.0   1.0
0.5625   0.145833333333   0.0   1.0
0.5625   0.1875   0.0   1.0
0.5625   0.229166666667   0.0   1.0
0.5625   0.25   0.0   1.0
0.625   0.125   0.0   1.0
0.625   0.145833333333   0.0   1.0
0.625   0.1875   0.0   1.0
0.625   0.229166666667   0.0   1.0
0.625   0.25   0.0   1.0
0.6875   0.125   0.0   1.0
0.6875   0.145833333333   0.0   1.0
0.6875   0.1875   0.0   1.0
0.6875   0.229166666667   0.0   1.0
0.6875   0.25   0.0   1.0
0.75   0.125   0.0   1.0
0.75   0.145833333333   0.0   1.0
0.75   0.1875   0.0   1.0
0.75   0.229166666667   0.0   1.0
0.75   0.25   0.0   1.0
0.8125   0.125   0.0   1.0
0.8125   0.145833333333   0.0   1.0
0.8125   0.1875   0.0   1.0
0.8125   0.229166666667   0.0   1.0
0.8125   0.25   0.0   1.0
0.875   0.125   0.0   1.0
0.875   0.145833333333   0.0   1.0
0.875   0.1875   0.0   1.0
0.875   0.229166666667   0.0   1.0
0.875   0.25   0.0   1.0
0.9375   0.125   0.0   1.0
0.9375   0.145833333333   0.0   1.0
0.9375   0.1875   0.0   1.0
0.9375   0.229166666667   0.0   1.0
0.9375   0.25   0.0   1.0
0.979166666667   0.125   0.0   1.0
0.979166666667   0.145833333333   0.0   1.0
0.979166666667   0.1875   0.0   1.0
0.979166666667   0.229166666667   0.0   1.0
0.979166666667   0.25   0.0   1.0
1.0   0.125   0.0   1.0
1.0   0.145833333333   0.0   1.0
1.0   0.1875   0.0   1.0
1.0   0.229166666667   0.0   1.0
1.0   0.25   0.0   1.0

 ------------------------------------------------------------------------------------------ 
Number of control points  - (u, v, t) - PATCH 1
------------------------------------------------------------------------------------------ 
19   5   0

 ------------------------------------------------------------------------------------------ 
Degree (u,v,t) - PATCH 1
------------------------------------------------------------------------------------------ 
3   3   0

 ------------------------------------------------------------------------------------------ 
KNOT VECTOR (u) - PATCH 1
------------------------------------------------------------------------------------------ 
0.0
0.0
0.0
0.0
0.0625
0.125
0.1875
0.25
0.3125
0.375
0.4375
0.5
0.5625
0.625
0.6875
0.75
0.8125
0.875
0.9375
1.0
1.0
1.0
1.0

 ------------------------------------------------------------------------------------------ 
KNOT VECTOR (v) - PATCH 1
------------------------------------------------------------------------------------------ 
0.0
0.0
0.0
0.0
0.5
1.0
1.0
1.0
1.0

  ------------------------------------------------------------------------------------------ 
NUMBER OF NEUMMAN BOUNDARY CONDITION - PATCH 0
------------------------------------------------------------------------------------------ 
1

 ------------------------------------------------------------------------------------------ 
POINT/CURVE INDEX    VALUES (X, Y) - PATCH 0
------------------------------------------------------------------------------------------ 
CURVE 1 5.0e06 0.0

 ------------------------------------------------------------------------------------------ 
NUMBER OF DIRICHELET BOUNDARY CONDITION - PATCH 0
------------------------------------------------------------------------------------------ 
2

 ------------------------------------------------------------------------------------------ 
POINT/CURVE INDEX    (0-FREE, 1- DISPLACEMENT) VALUES (X, Y) - PATCH 0
------------------------------------------------------------------------------------------ 
CURVE 2 0 1 0.0 0.0
CURVE 3 1 0 0.0 0.0
