------------------------------------------------------------------------------------------
NUMBER OF PATCHES        
------------------------------------------------------------------------------------------
1

------------------------------------------------------------------------------------------ 
NUMBER OF CONTROL POINTS - PATCH 4
------------------------------------------------------------------------------------------ 
56

 ------------------------------------------------------------------------------------------ 
INDEX MATERIAL - PATCH 4
------------------------------------------------------------------------------------------ 
0

 ------------------------------------------------------------------------------------------ 
THICKNESS  - PATCH 4
------------------------------------------------------------------------------------------ 
0.01

 ------------------------------------------------------------------------------------------ 
CONTROL POINTS COORDINATES AND WEIGHT (X,Y,Z,W)  - PATCH 4
------------------------------------------------------------------------------------------ 
0.0475   0.0   0.0   1.0
0.0475   0.000666666666667   0.0   1.0
0.0475   0.002   0.0   1.0
0.0475   0.004   0.0   1.0
0.0475   0.006   0.0   1.0
0.0475   0.008   0.0   1.0
0.0475   0.00933333333333   0.0   1.0
0.0475   0.01   0.0   1.0
0.048125   0.0   0.0   1.0
0.048125   0.000666666666667   0.0   1.0
0.048125   0.002   0.0   1.0
0.048125   0.004   0.0   1.0
0.048125   0.006   0.0   1.0
0.048125   0.008   0.0   1.0
0.048125   0.00933333333333   0.0   1.0
0.048125   0.01   0.0   1.0
0.049375   0.0   0.0   1.0
0.049375   0.000666666666667   0.0   1.0
0.049375   0.002   0.0   1.0
0.049375   0.004   0.0   1.0
0.049375   0.006   0.0   1.0
0.049375   0.008   0.0   1.0
0.049375   0.00933333333333   0.0   1.0
0.049375   0.01   0.0   1.0
0.05125   0.0   0.0   1.0
0.05125   0.000666666666667   0.0   1.0
0.05125   0.002   0.0   1.0
0.05125   0.004   0.0   1.0
0.05125   0.006   0.0   1.0
0.05125   0.008   0.0   1.0
0.05125   0.00933333333333   0.0   1.0
0.05125   0.01   0.0   1.0
0.053125   0.0   0.0   1.0
0.053125   0.000666666666667   0.0   1.0
0.053125   0.002   0.0   1.0
0.053125   0.004   0.0   1.0
0.053125   0.006   0.0   1.0
0.053125   0.008   0.0   1.0
0.053125   0.00933333333333   0.0   1.0
0.053125   0.01   0.0   1.0
0.054375   0.0   0.0   1.0
0.054375   0.000666666666667   0.0   1.0
0.054375   0.002   0.0   1.0
0.054375   0.004   0.0   1.0
0.054375   0.006   0.0   1.0
0.054375   0.008   0.0   1.0
0.054375   0.00933333333333   0.0   1.0
0.054375   0.01   0.0   1.0
0.055   0.0   0.0   1.0
0.055   0.000666666666667   0.0   1.0
0.055   0.002   0.0   1.0
0.055   0.004   0.0   1.0
0.055   0.006   0.0   1.0
0.055   0.008   0.0   1.0
0.055   0.00933333333333   0.0   1.0
0.055   0.01   0.0   1.0

 ------------------------------------------------------------------------------------------ 
Number of control points  - (u, v, t) - PATCH 4
------------------------------------------------------------------------------------------ 
7   8   0

 ------------------------------------------------------------------------------------------ 
Degree (u,v,t) - PATCH 4
------------------------------------------------------------------------------------------ 
3   3   0

 ------------------------------------------------------------------------------------------ 
KNOT VECTOR (u) - PATCH 4
------------------------------------------------------------------------------------------ 
0.0
0.0
0.0
0.0
0.25
0.5
0.75
1.0
1.0
1.0
1.0

 ------------------------------------------------------------------------------------------ 
KNOT VECTOR (v) - PATCH 4
------------------------------------------------------------------------------------------ 
0.0
0.0
0.0
0.0
0.2
0.4
0.6
0.8
1.0
1.0
1.0
1.0

 ------------------------------------------------------------------------------------------ 
NUMBER OF NEUMMAN BOUNDARY CONDITION - PATCH 4
------------------------------------------------------------------------------------------ 
1

 ------------------------------------------------------------------------------------------ 
POINT/CURVE INDEX    VALUES (X, Y) - PATCH 4
------------------------------------------------------------------------------------------ 
CURVE 2 0.0 1.0

 ------------------------------------------------------------------------------------------ 
NUMBER OF DIRICHELET BOUNDARY CONDITION - PATCH 4
------------------------------------------------------------------------------------------ 
3

 ------------------------------------------------------------------------------------------ 
POINT/CURVE INDEX    (0-FREE, 1- DISPLACEMENT) VALUES (X, Y) - PATCH 4
------------------------------------------------------------------------------------------ 
CURVE 0 0 1 0.0 0.0
CURVE 1 1 0 0.0 0.0
CURVE 3 1 0 0.0 0.0
