------------------------------------------------------------------------------------------
NUMBER OF PATCHES        
------------------------------------------------------------------------------------------
16

------------------------------------------------------------------------------------------ 
NUMBER OF CONTROL POINTS - PATCH 0
------------------------------------------------------------------------------------------ 
55

 ------------------------------------------------------------------------------------------ 
INDEX MATERIAL - PATCH 0
------------------------------------------------------------------------------------------ 
0

 ------------------------------------------------------------------------------------------ 
THICKNESS  - PATCH 0
------------------------------------------------------------------------------------------ 
1.0

 ------------------------------------------------------------------------------------------ 
CONTROL POINTS COORDINATES AND WEIGHT (X,Y,Z,W)  - PATCH 0
------------------------------------------------------------------------------------------ 
0.0   0.0   0.0   1.0
-3.5527136788e-16   0.025   0.0   1.0
-6.66133814775e-16   0.075   0.0   1.0
-3.99680288865e-16   0.15   0.0   1.0
1.33226762955e-16   0.225   0.0   1.0
4.66293670343e-16   0.3   0.0   1.0
1.33226762955e-16   0.375   0.0   1.0
-3.99680288865e-16   0.45   0.0   1.0
-6.66133814775e-16   0.525   0.0   1.0
-3.5527136788e-16   0.575   0.0   1.0
0.0   0.6   0.0   1.0
0.05   5.3290705182e-16   0.0   1.0
0.05   0.025   0.0   1.0
0.05   0.075   0.0   1.0
0.05   0.15   0.0   1.0
0.05   0.225   0.0   1.0
0.05   0.3   0.0   1.0
0.05   0.375   0.0   1.0
0.05   0.45   0.0   1.0
0.05   0.525   0.0   1.0
0.05   0.575   0.0   1.0
0.05   0.6   0.0   1.0
0.15   3.5527136788e-16   0.0   1.0
0.15   0.025   0.0   1.0
0.15   0.075   0.0   1.0
0.15   0.15   0.0   1.0
0.15   0.225   0.0   1.0
0.15   0.3   0.0   1.0
0.15   0.375   0.0   1.0
0.15   0.45   0.0   1.0
0.15   0.525   0.0   1.0
0.15   0.575   0.0   1.0
0.15   0.6   0.0   1.0
0.25   -1.7763568394e-16   0.0   1.0
0.25   0.025   0.0   1.0
0.25   0.075   0.0   1.0
0.25   0.15   0.0   1.0
0.25   0.225   0.0   1.0
0.25   0.3   0.0   1.0
0.25   0.375   0.0   1.0
0.25   0.45   0.0   1.0
0.25   0.525   0.0   1.0
0.25   0.575   0.0   1.0
0.25   0.6   0.0   1.0
0.3   0.0   0.0   1.0
0.3   0.025   0.0   1.0
0.3   0.075   0.0   1.0
0.3   0.15   0.0   1.0
0.3   0.225   0.0   1.0
0.3   0.3   0.0   1.0
0.3   0.375   0.0   1.0
0.3   0.45   0.0   1.0
0.3   0.525   0.0   1.0
0.3   0.575   0.0   1.0
0.3   0.6   0.0   1.0

 ------------------------------------------------------------------------------------------ 
Number of control points  - (u, v, t) - PATCH 0
------------------------------------------------------------------------------------------ 
5   11   0

 ------------------------------------------------------------------------------------------ 
Degree (u,v,t) - PATCH 0
------------------------------------------------------------------------------------------ 
3   3   0

 ------------------------------------------------------------------------------------------ 
KNOT VECTOR (u) - PATCH 0
------------------------------------------------------------------------------------------ 
0.0
0.0
0.0
0.0
0.5
1.0
1.0
1.0
1.0

 ------------------------------------------------------------------------------------------ 
KNOT VECTOR (v) - PATCH 0
------------------------------------------------------------------------------------------ 
0.0
0.0
0.0
0.0
0.125
0.25
0.375
0.5
0.625
0.75
0.875
1.0
1.0
1.0
1.0

 ------------------------------------------------------------------------------------------ 
NUMBER OF NEUMMAN BOUNDARY CONDITION - PATCH 0
------------------------------------------------------------------------------------------ 
0

 ------------------------------------------------------------------------------------------ 
POINT/CURVE INDEX    VALUES (X, Y) - PATCH 0
------------------------------------------------------------------------------------------ 

 ------------------------------------------------------------------------------------------ 
NUMBER OF DIRICHELET BOUNDARY CONDITION - PATCH 0
------------------------------------------------------------------------------------------ 
1

 ------------------------------------------------------------------------------------------ 
POINT/CURVE INDEX    (0-FREE, 1- DISPLACEMENT) VALUES (X, Y) - PATCH 0
------------------------------------------------------------------------------------------ 
CURVE 3 1 1 0.0 0.0

------------------------------------------------------------------------------------------ 
NUMBER OF CONTROL POINTS - PATCH 1
------------------------------------------------------------------------------------------ 
77

 ------------------------------------------------------------------------------------------ 
INDEX MATERIAL - PATCH 1
------------------------------------------------------------------------------------------ 
0

 ------------------------------------------------------------------------------------------ 
THICKNESS  - PATCH 1
------------------------------------------------------------------------------------------ 
1.0

 ------------------------------------------------------------------------------------------ 
CONTROL POINTS COORDINATES AND WEIGHT (X,Y,Z,W)  - PATCH 1
------------------------------------------------------------------------------------------ 
0.3   0.0   0.0   1.0
0.3   0.025   0.0   1.0
0.3   0.075   0.0   1.0
0.3   0.15   0.0   1.0
0.3   0.225   0.0   1.0
0.3   0.3   0.0   1.0
0.3   0.375   0.0   1.0
0.3   0.45   0.0   1.0
0.3   0.525   0.0   1.0
0.3   0.575   0.0   1.0
0.3   0.6   0.0   1.0
0.31321488698   0.0132148869802   0.0   1.0
0.311587702431   0.0365034521927   0.0   0.997966019314
0.308740129471   0.0832331311691   0.0   0.994406553113
0.305689158441   0.153785295288   0.0   0.990592839326
0.303858575824   0.224795105061   0.0   0.988304611054
0.303248381618   0.296262560489   0.0   0.987541868297
0.303858575824   0.368187661571   0.0   0.988304611054
0.305689158441   0.440570408308   0.0   0.990592839326
0.308740129471   0.513410800699   0.0   0.994406553113
0.311587702431   0.562276159396   0.0   0.997966019314
0.31321488698   0.58678511302   0.0   1.0
0.339644660941   0.0396446609407   0.0   1.0
0.334763107294   0.059510356578   0.0   0.993898057941
0.326220388412   0.0996993935071   0.0   0.983219659339
0.317067475324   0.161355885864   0.0   0.971778517979
0.311575727471   0.224385315184   0.0   0.964913833163
0.309745144853   0.288787681467   0.0   0.962625604891
0.311575727471   0.354562984714   0.0   0.964913833163
0.317067475324   0.421711224923   0.0   0.971778517979
0.326220388412   0.490232402096   0.0   0.983219659339
0.334763107294   0.536828478187   0.0   0.993898057941
0.339644660941   0.560355339059   0.0   1.0
0.379289321881   0.0792893218813   0.0   1.0
0.369526214588   0.0940207131561   0.0   0.987796115883
0.352440776823   0.124398787014   0.0   0.966439318678
0.334134950648   0.172711771728   0.0   0.943557035958
0.323151454942   0.223770630368   0.0   0.929827666326
0.319490289707   0.277575362935   0.0   0.925251209782
0.323151454942   0.334125969427   0.0   0.929827666326
0.334134950648   0.393422449847   0.0   0.943557035958
0.352440776823   0.455464804192   0.0   0.966439318678
0.369526214588   0.498656956374   0.0   0.987796115883
0.379289321881   0.520710678119   0.0   1.0
0.418933982822   0.118933982822   0.0   1.0
0.404289321881   0.128531069734   0.0   0.981694173824
0.378661165235   0.149098180521   0.0   0.949658978016
0.351202425971   0.184067657592   0.0   0.915335553937
0.334727182413   0.223155945552   0.0   0.894741499489
0.32923543456   0.266363044402   0.0   0.887876814673
0.334727182413   0.313688954141   0.0   0.894741499489
0.351202425971   0.36513367477   0.0   0.915335553937
0.378661165235   0.420697206288   0.0   0.949658978016
0.404289321881   0.46048543456   0.0   0.981694173824
0.418933982822   0.481066017178   0.0   1.0
0.445363756782   0.145363756782   0.0   1.0
0.427464726744   0.151537974119   0.0   0.977626212452
0.396141424176   0.16556444286   0.0   0.938472084242
0.362580742854   0.191638248168   0.0   0.896521232589
0.342444334061   0.222746155675   0.0   0.871350721598
0.335732197796   0.25888816538   0.0   0.862960551267
0.342444334061   0.300064277284   0.0   0.871350721598
0.362580742854   0.346274491386   0.0   0.896521232589
0.396141424176   0.397518807686   0.0   0.938472084242
0.427464726744   0.435037753352   0.0   0.977626212452
0.445363756782   0.454636243218   0.0   1.0
0.458578643763   0.158578643763   0.0   1.0
0.439052429175   0.163041426312   0.0   0.975592231766
0.404881553647   0.173797574029   0.0   0.932878637355
0.368269901295   0.195423543456   0.0   0.887114071916
0.346302909884   0.222541260736   0.0   0.859655332652
0.338980579414   0.255150725869   0.0   0.850502419564
0.346302909884   0.293251938855   0.0   0.859655332652
0.368269901295   0.336844899693   0.0   0.887114071916
0.404881553647   0.385929608385   0.0   0.932878637355
0.439052429175   0.422313912747   0.0   0.975592231766
0.458578643763   0.441421356237   0.0   1.0

 ------------------------------------------------------------------------------------------ 
Number of control points  - (u, v, t) - PATCH 1
------------------------------------------------------------------------------------------ 
7   11   0

 ------------------------------------------------------------------------------------------ 
Degree (u,v,t) - PATCH 1
------------------------------------------------------------------------------------------ 
3   3   0

 ------------------------------------------------------------------------------------------ 
KNOT VECTOR (u) - PATCH 1
------------------------------------------------------------------------------------------ 
0.0
0.0
0.0
0.0
0.25
0.5
0.75
1.0
1.0
1.0
1.0

 ------------------------------------------------------------------------------------------ 
KNOT VECTOR (v) - PATCH 1
------------------------------------------------------------------------------------------ 
0.0
0.0
0.0
0.0
0.125
0.25
0.375
0.5
0.625
0.75
0.875
1.0
1.0
1.0
1.0

 ------------------------------------------------------------------------------------------ 
NUMBER OF NEUMMAN BOUNDARY CONDITION - PATCH 1
------------------------------------------------------------------------------------------ 
0

 ------------------------------------------------------------------------------------------ 
POINT/CURVE INDEX    VALUES (X, Y) - PATCH 1
------------------------------------------------------------------------------------------ 

 ------------------------------------------------------------------------------------------ 
NUMBER OF DIRICHELET BOUNDARY CONDITION - PATCH 1
------------------------------------------------------------------------------------------ 
0

 ------------------------------------------------------------------------------------------ 
POINT/CURVE INDEX    (0-FREE, 1- DISPLACEMENT) VALUES (X, Y) - PATCH 1
------------------------------------------------------------------------------------------ 

------------------------------------------------------------------------------------------ 
NUMBER OF CONTROL POINTS - PATCH 2
------------------------------------------------------------------------------------------ 
77

 ------------------------------------------------------------------------------------------ 
INDEX MATERIAL - PATCH 2
------------------------------------------------------------------------------------------ 
0

 ------------------------------------------------------------------------------------------ 
THICKNESS  - PATCH 2
------------------------------------------------------------------------------------------ 
1.0

 ------------------------------------------------------------------------------------------ 
CONTROL POINTS COORDINATES AND WEIGHT (X,Y,Z,W)  - PATCH 2
------------------------------------------------------------------------------------------ 
0.3   0.0   0.0   1.0
0.31321488698   0.0132148869802   0.0   1.0
0.339644660941   0.0396446609407   0.0   1.0
0.379289321881   0.0792893218813   0.0   1.0
0.418933982822   0.118933982822   0.0   1.0
0.445363756782   0.145363756782   0.0   1.0
0.458578643763   0.158578643763   0.0   1.0
0.325   8.881784197e-17   0.0   1.0
0.335893257987   0.0121978966371   0.0   0.997966019314
0.35767977396   0.0365936899114   0.0   0.993898057941
0.390359547921   0.0731873798227   0.0   0.987796115883
0.423039321881   0.109781069734   0.0   0.981694173824
0.444825837855   0.134176863008   0.0   0.977626212452
0.455719095842   0.146374759645   0.0   0.975592231766
0.375   1.99840144433e-16   0.0   1.0
0.381555097103   0.0104181635367   0.0   0.994406553113
0.394665291309   0.0312544906101   0.0   0.983219659339
0.414330582618   0.0625089812202   0.0   0.966439318678
0.433995873926   0.0937634718302   0.0   0.949658978016
0.447106068132   0.114599798904   0.0   0.938472084242
0.453661165235   0.12501796244   0.0   0.932878637355
0.45   2.24820162487e-16   0.0   1.0
0.450963147086   0.00851130664338   0.0   0.990592839326
0.452889441258   0.0255339199301   0.0   0.971778517979
0.455778882515   0.0510678398603   0.0   0.943557035958
0.458668323773   0.0766017597904   0.0   0.915335553937
0.460594617945   0.0936243730771   0.0   0.896521232589
0.461557765031   0.102135679721   0.0   0.887114071916
0.525   1.66533453694e-16   0.0   1.0
0.521286488378   0.00736719250739   0.0   0.988304611054
0.513859465133   0.0221015775222   0.0   0.964913833163
0.502718930266   0.0442031550443   0.0   0.929827666326
0.491578395399   0.0663047325665   0.0   0.894741499489
0.484151372154   0.0810391175812   0.0   0.871350721598
0.480437860532   0.0884063100886   0.0   0.859655332652
0.6   8.32667268469e-17   0.0   1.0
0.592525120978   0.00698582112872   0.0   0.987541868297
0.577575362935   0.0209574633862   0.0   0.962625604891
0.555150725869   0.0419149267723   0.0   0.925251209782
0.532726088804   0.0628723901585   0.0   0.887876814673
0.51777633076   0.076844032416   0.0   0.862960551267
0.510301451738   0.0838298535447   0.0   0.850502419564
0.675   3.33066907388e-17   0.0   1.0
0.664679044888   0.00736719250739   0.0   0.988304611054
0.644037134663   0.0221015775222   0.0   0.964913833163
0.613074269325   0.0442031550443   0.0   0.929827666326
0.582111403988   0.0663047325665   0.0   0.894741499489
0.561469493763   0.0810391175812   0.0   0.871350721598
0.55114853865   0.0884063100886   0.0   0.859655332652
0.75   8.32667268469e-18   0.0   1.0
0.737748260106   0.00851130664338   0.0   0.990592839326
0.713244780317   0.0255339199301   0.0   0.971778517979
0.676489560634   0.0510678398603   0.0   0.943557035958
0.639734340951   0.0766017597904   0.0   0.915335553937
0.615230861162   0.0936243730771   0.0   0.896521232589
0.602979121268   0.102135679721   0.0   0.887114071916
0.825   0.0   0.0   1.0
0.811732766633   0.0104181635367   0.0   0.994406553113
0.785198299898   0.0312544906101   0.0   0.983219659339
0.745396599796   0.0625089812202   0.0   0.966439318678
0.705594899693   0.0937634718302   0.0   0.949658978016
0.679060432959   0.114599798904   0.0   0.938472084242
0.665793199591   0.12501796244   0.0   0.932878637355
0.875   0.0   0.0   1.0
0.86166596519   0.0121978966371   0.0   0.997966019314
0.834997895569   0.0365936899114   0.0   0.993898057941
0.794995791138   0.0731873798227   0.0   0.987796115883
0.754993686708   0.109781069734   0.0   0.981694173824
0.728325617087   0.134176863008   0.0   0.977626212452
0.714991582277   0.146374759645   0.0   0.975592231766
0.9   0.0   0.0   1.0
0.88678511302   0.0132148869802   0.0   1.0
0.860355339059   0.0396446609407   0.0   1.0
0.820710678119   0.0792893218813   0.0   1.0
0.781066017178   0.118933982822   0.0   1.0
0.754636243218   0.145363756782   0.0   1.0
0.741421356237   0.158578643763   0.0   1.0

 ------------------------------------------------------------------------------------------ 
Number of control points  - (u, v, t) - PATCH 2
------------------------------------------------------------------------------------------ 
11   7   0

 ------------------------------------------------------------------------------------------ 
Degree (u,v,t) - PATCH 2
------------------------------------------------------------------------------------------ 
3   3   0

 ------------------------------------------------------------------------------------------ 
KNOT VECTOR (u) - PATCH 2
------------------------------------------------------------------------------------------ 
0.0
0.0
0.0
0.0
0.125
0.25
0.375
0.5
0.625
0.75
0.875
1.0
1.0
1.0
1.0

 ------------------------------------------------------------------------------------------ 
KNOT VECTOR (v) - PATCH 2
------------------------------------------------------------------------------------------ 
0.0
0.0
0.0
0.0
0.25
0.5
0.75
1.0
1.0
1.0
1.0

 ------------------------------------------------------------------------------------------ 
NUMBER OF NEUMMAN BOUNDARY CONDITION - PATCH 2
------------------------------------------------------------------------------------------ 
0

 ------------------------------------------------------------------------------------------ 
POINT/CURVE INDEX    VALUES (X, Y) - PATCH 2
------------------------------------------------------------------------------------------ 

 ------------------------------------------------------------------------------------------ 
NUMBER OF DIRICHELET BOUNDARY CONDITION - PATCH 2
------------------------------------------------------------------------------------------ 
0

 ------------------------------------------------------------------------------------------ 
POINT/CURVE INDEX    (0-FREE, 1- DISPLACEMENT) VALUES (X, Y) - PATCH 2
------------------------------------------------------------------------------------------ 

------------------------------------------------------------------------------------------ 
NUMBER OF CONTROL POINTS - PATCH 3
------------------------------------------------------------------------------------------ 
77

 ------------------------------------------------------------------------------------------ 
INDEX MATERIAL - PATCH 3
------------------------------------------------------------------------------------------ 
0

 ------------------------------------------------------------------------------------------ 
THICKNESS  - PATCH 3
------------------------------------------------------------------------------------------ 
1.0

 ------------------------------------------------------------------------------------------ 
CONTROL POINTS COORDINATES AND WEIGHT (X,Y,Z,W)  - PATCH 3
------------------------------------------------------------------------------------------ 
0.741421356237   0.158578643763   0.0   1.0
0.731658248944   0.163041426312   0.0   0.975592231766
0.714572811179   0.173797574029   0.0   0.932878637355
0.696266985004   0.195423543456   0.0   0.887114071916
0.685283489298   0.222541260736   0.0   0.859655332652
0.681622324063   0.255150725869   0.0   0.850502419564
0.685283489298   0.293251938855   0.0   0.859655332652
0.696266985004   0.336844899693   0.0   0.887114071916
0.714572811179   0.385929608385   0.0   0.932878637355
0.731658248944   0.422313912747   0.0   0.975592231766
0.741421356237   0.441421356237   0.0   1.0
0.754636243218   0.145363756782   0.0   1.0
0.745686728198   0.151537974119   0.0   0.977626212452
0.730025076914   0.16556444286   0.0   0.938472084242
0.713244736253   0.191638248168   0.0   0.896521232589
0.703176531857   0.222746155675   0.0   0.871350721598
0.699820463724   0.25888816538   0.0   0.862960551267
0.703176531857   0.300064277284   0.0   0.871350721598
0.713244736253   0.346274491386   0.0   0.896521232589
0.730025076914   0.397518807686   0.0   0.938472084242
0.745686728198   0.435037753352   0.0   0.977626212452
0.754636243218   0.454636243218   0.0   1.0
0.781066017178   0.118933982822   0.0   1.0
0.773743686708   0.128531069734   0.0   0.981694173824
0.760929608385   0.149098180521   0.0   0.949658978016
0.747200238753   0.184067657592   0.0   0.915335553937
0.738962616974   0.223155945552   0.0   0.894741499489
0.736216743047   0.266363044402   0.0   0.887876814673
0.738962616974   0.313688954141   0.0   0.894741499489
0.747200238753   0.36513367477   0.0   0.915335553937
0.760929608385   0.420697206288   0.0   0.949658978016
0.773743686708   0.46048543456   0.0   0.981694173824
0.781066017178   0.481066017178   0.0   1.0
0.820710678119   0.0792893218813   0.0   1.0
0.815829124472   0.0940207131561   0.0   0.987796115883
0.80728640559   0.124398787014   0.0   0.966439318678
0.798133492502   0.172711771728   0.0   0.943557035958
0.792641744649   0.223770630368   0.0   0.929827666326
0.790811162031   0.277575362935   0.0   0.925251209782
0.792641744649   0.334125969427   0.0   0.929827666326
0.798133492502   0.393422449847   0.0   0.943557035958
0.80728640559   0.455464804192   0.0   0.966439318678
0.815829124472   0.498656956374   0.0   0.987796115883
0.820710678119   0.520710678119   0.0   1.0
0.860355339059   0.0396446609407   0.0   1.0
0.857914562236   0.059510356578   0.0   0.993898057941
0.853643202795   0.0996993935071   0.0   0.983219659339
0.849066746251   0.161355885864   0.0   0.971778517979
0.846320872325   0.224385315184   0.0   0.964913833163
0.845405581016   0.288787681467   0.0   0.962625604891
0.846320872325   0.354562984714   0.0   0.964913833163
0.849066746251   0.421711224923   0.0   0.971778517979
0.853643202795   0.490232402096   0.0   0.983219659339
0.857914562236   0.536828478187   0.0   0.993898057941
0.860355339059   0.560355339059   0.0   1.0
0.88678511302   0.0132148869802   0.0   1.0
0.885971520745   0.0365034521927   0.0   0.997966019314
0.884547734265   0.083233131169   0.0   0.994406553113
0.88302224875   0.153785295288   0.0   0.990592839326
0.882106957442   0.224795105061   0.0   0.988304611054
0.881801860339   0.296262560489   0.0   0.987541868297
0.882106957442   0.368187661571   0.0   0.988304611054
0.88302224875   0.440570408308   0.0   0.990592839326
0.884547734265   0.513410800699   0.0   0.994406553113
0.885971520745   0.562276159396   0.0   0.997966019314
0.88678511302   0.58678511302   0.0   1.0
0.9   0.0   0.0   1.0
0.9   0.025   0.0   1.0
0.9   0.075   0.0   1.0
0.9   0.15   0.0   1.0
0.9   0.225   0.0   1.0
0.9   0.3   0.0   1.0
0.9   0.375   0.0   1.0
0.9   0.45   0.0   1.0
0.9   0.525   0.0   1.0
0.9   0.575   0.0   1.0
0.9   0.6   0.0   1.0

 ------------------------------------------------------------------------------------------ 
Number of control points  - (u, v, t) - PATCH 3
------------------------------------------------------------------------------------------ 
7   11   0

 ------------------------------------------------------------------------------------------ 
Degree (u,v,t) - PATCH 3
------------------------------------------------------------------------------------------ 
3   3   0

 ------------------------------------------------------------------------------------------ 
KNOT VECTOR (u) - PATCH 3
------------------------------------------------------------------------------------------ 
0.0
0.0
0.0
0.0
0.25
0.5
0.75
1.0
1.0
1.0
1.0

 ------------------------------------------------------------------------------------------ 
KNOT VECTOR (v) - PATCH 3
------------------------------------------------------------------------------------------ 
0.0
0.0
0.0
0.0
0.125
0.25
0.375
0.5
0.625
0.75
0.875
1.0
1.0
1.0
1.0

 ------------------------------------------------------------------------------------------ 
NUMBER OF NEUMMAN BOUNDARY CONDITION - PATCH 3
------------------------------------------------------------------------------------------ 
0

 ------------------------------------------------------------------------------------------ 
POINT/CURVE INDEX    VALUES (X, Y) - PATCH 3
------------------------------------------------------------------------------------------ 

 ------------------------------------------------------------------------------------------ 
NUMBER OF DIRICHELET BOUNDARY CONDITION - PATCH 3
------------------------------------------------------------------------------------------ 
0

 ------------------------------------------------------------------------------------------ 
POINT/CURVE INDEX    (0-FREE, 1- DISPLACEMENT) VALUES (X, Y) - PATCH 3
------------------------------------------------------------------------------------------ 

------------------------------------------------------------------------------------------ 
NUMBER OF CONTROL POINTS - PATCH 4
------------------------------------------------------------------------------------------ 
77

 ------------------------------------------------------------------------------------------ 
INDEX MATERIAL - PATCH 4
------------------------------------------------------------------------------------------ 
0

 ------------------------------------------------------------------------------------------ 
THICKNESS  - PATCH 4
------------------------------------------------------------------------------------------ 
1.0

 ------------------------------------------------------------------------------------------ 
CONTROL POINTS COORDINATES AND WEIGHT (X,Y,Z,W)  - PATCH 4
------------------------------------------------------------------------------------------ 
0.458578643763   0.441421356237   0.0   1.0
0.445363756782   0.454636243218   0.0   1.0
0.418933982822   0.481066017178   0.0   1.0
0.379289321881   0.520710678119   0.0   1.0
0.339644660941   0.560355339059   0.0   1.0
0.31321488698   0.58678511302   0.0   1.0
0.3   0.6   0.0   1.0
0.455719095842   0.438980579414   0.0   0.975592231766
0.444825837855   0.452398864463   0.0   0.977626212452
0.423039321881   0.47923543456   0.0   0.981694173824
0.390359547921   0.519490289707   0.0   0.987796115883
0.35767977396   0.559745144853   0.0   0.993898057941
0.335893257987   0.586581714951   0.0   0.997966019314
0.325   0.6   0.0   1.0
0.453661165235   0.434709219973   0.0   0.932878637355
0.447106068132   0.448483451642   0.0   0.938472084242
0.433995873926   0.47603191498   0.0   0.949658978016
0.414330582618   0.517354609986   0.0   0.966439318678
0.394665291309   0.558677304993   0.0   0.983219659339
0.381555097103   0.586225768331   0.0   0.994406553113
0.375   0.6   0.0   1.0
0.461557765031   0.430132763429   0.0   0.887114071916
0.460594617945   0.444288366476   0.0   0.896521232589
0.458668323773   0.472599572572   0.0   0.915335553937
0.455778882515   0.515066381714   0.0   0.943557035958
0.452889441258   0.557533190857   0.0   0.971778517979
0.450963147086   0.585844396952   0.0   0.990592839326
0.45   0.6   0.0   1.0
0.480437860532   0.427386889502   0.0   0.859655332652
0.484151372154   0.441771315377   0.0   0.871350721598
0.491578395399   0.470540167127   0.0   0.894741499489
0.502718930266   0.513693444751   0.0   0.929827666326
0.513859465133   0.556846722376   0.0   0.964913833163
0.521286488378   0.585615574125   0.0   0.988304611054
0.525   0.6   0.0   1.0
0.510301451738   0.426471598194   0.0   0.850502419564
0.51777633076   0.440932298344   0.0   0.862960551267
0.532726088804   0.469853698645   0.0   0.887876814673
0.555150725869   0.513235799097   0.0   0.925251209782
0.577575362935   0.556617899548   0.0   0.962625604891
0.592525120978   0.585539299849   0.0   0.987541868297
0.6   0.6   0.0   1.0
0.55114853865   0.427386889502   0.0   0.859655332652
0.561469493763   0.441771315377   0.0   0.871350721598
0.582111403988   0.470540167127   0.0   0.894741499489
0.613074269325   0.513693444751   0.0   0.929827666326
0.644037134663   0.556846722376   0.0   0.964913833163
0.664679044888   0.585615574125   0.0   0.988304611054
0.675   0.6   0.0   1.0
0.602979121268   0.430132763429   0.0   0.887114071916
0.615230861162   0.444288366476   0.0   0.896521232589
0.639734340951   0.472599572572   0.0   0.915335553937
0.676489560634   0.515066381714   0.0   0.943557035958
0.713244780317   0.557533190857   0.0   0.971778517979
0.737748260106   0.585844396952   0.0   0.990592839326
0.75   0.6   0.0   1.0
0.665793199591   0.434709219973   0.0   0.932878637355
0.679060432959   0.448483451642   0.0   0.938472084242
0.705594899693   0.47603191498   0.0   0.949658978016
0.745396599796   0.517354609986   0.0   0.966439318678
0.785198299898   0.558677304993   0.0   0.983219659339
0.811732766633   0.586225768331   0.0   0.994406553113
0.825   0.6   0.0   1.0
0.714991582277   0.438980579414   0.0   0.975592231766
0.728325617087   0.452398864463   0.0   0.977626212452
0.754993686708   0.47923543456   0.0   0.981694173824
0.794995791138   0.519490289707   0.0   0.987796115883
0.834997895569   0.559745144853   0.0   0.993898057941
0.86166596519   0.586581714951   0.0   0.997966019314
0.875   0.6   0.0   1.0
0.741421356237   0.441421356237   0.0   1.0
0.754636243218   0.454636243218   0.0   1.0
0.781066017178   0.481066017178   0.0   1.0
0.820710678119   0.520710678119   0.0   1.0
0.860355339059   0.560355339059   0.0   1.0
0.88678511302   0.58678511302   0.0   1.0
0.9   0.6   0.0   1.0

 ------------------------------------------------------------------------------------------ 
Number of control points  - (u, v, t) - PATCH 4
------------------------------------------------------------------------------------------ 
11   7   0

 ------------------------------------------------------------------------------------------ 
Degree (u,v,t) - PATCH 4
------------------------------------------------------------------------------------------ 
3   3   0

 ------------------------------------------------------------------------------------------ 
KNOT VECTOR (u) - PATCH 4
------------------------------------------------------------------------------------------ 
0.0
0.0
0.0
0.0
0.125
0.25
0.375
0.5
0.625
0.75
0.875
1.0
1.0
1.0
1.0

 ------------------------------------------------------------------------------------------ 
KNOT VECTOR (v) - PATCH 4
------------------------------------------------------------------------------------------ 
0.0
0.0
0.0
0.0
0.25
0.5
0.75
1.0
1.0
1.0
1.0

 ------------------------------------------------------------------------------------------ 
NUMBER OF NEUMMAN BOUNDARY CONDITION - PATCH 4
------------------------------------------------------------------------------------------ 
0

 ------------------------------------------------------------------------------------------ 
POINT/CURVE INDEX    VALUES (X, Y) - PATCH 4
------------------------------------------------------------------------------------------ 

 ------------------------------------------------------------------------------------------ 
NUMBER OF DIRICHELET BOUNDARY CONDITION - PATCH 4
------------------------------------------------------------------------------------------ 
0

 ------------------------------------------------------------------------------------------ 
POINT/CURVE INDEX    (0-FREE, 1- DISPLACEMENT) VALUES (X, Y) - PATCH 4
------------------------------------------------------------------------------------------ 

------------------------------------------------------------------------------------------ 
NUMBER OF CONTROL POINTS - PATCH 5
------------------------------------------------------------------------------------------ 
77

 ------------------------------------------------------------------------------------------ 
INDEX MATERIAL - PATCH 5
------------------------------------------------------------------------------------------ 
0

 ------------------------------------------------------------------------------------------ 
THICKNESS  - PATCH 5
------------------------------------------------------------------------------------------ 
1.0

 ------------------------------------------------------------------------------------------ 
CONTROL POINTS COORDINATES AND WEIGHT (X,Y,Z,W)  - PATCH 5
------------------------------------------------------------------------------------------ 
0.9   0.0   0.0   1.0
0.9   0.025   0.0   1.0
0.9   0.075   0.0   1.0
0.9   0.15   0.0   1.0
0.9   0.225   0.0   1.0
0.9   0.3   0.0   1.0
0.9   0.375   0.0   1.0
0.9   0.45   0.0   1.0
0.9   0.525   0.0   1.0
0.9   0.575   0.0   1.0
0.9   0.6   0.0   1.0
0.916666666667   3.5527136788e-16   0.0   1.0
0.916666666667   0.0243055555556   0.0   1.0
0.916666666667   0.0729166666667   0.0   1.0
0.916666666667   0.145833333333   0.0   1.0
0.916666666667   0.21875   0.0   1.0
0.916666666667   0.291666666667   0.0   1.0
0.916666666667   0.364583333333   0.0   1.0
0.916666666667   0.4375   0.0   1.0
0.916666666667   0.510416666667   0.0   1.0
0.916666666667   0.559027777778   0.0   1.0
0.916666666667   0.583333333333   0.0   1.0
0.95   3.5527136788e-16   0.0   1.0
0.95   0.0229166666667   0.0   1.0
0.95   0.06875   0.0   1.0
0.95   0.1375   0.0   1.0
0.95   0.20625   0.0   1.0
0.95   0.275   0.0   1.0
0.95   0.34375   0.0   1.0
0.95   0.4125   0.0   1.0
0.95   0.48125   0.0   1.0
0.95   0.527083333333   0.0   1.0
0.95   0.55   0.0   1.0
1.0   -1.7763568394e-16   0.0   1.0
1.0   0.0208333333333   0.0   1.0
1.0   0.0625   0.0   1.0
1.0   0.125   0.0   1.0
1.0   0.1875   0.0   1.0
1.0   0.25   0.0   1.0
1.0   0.3125   0.0   1.0
1.0   0.375   0.0   1.0
1.0   0.4375   0.0   1.0
1.0   0.479166666667   0.0   1.0
1.0   0.5   0.0   1.0
1.05   3.5527136788e-16   0.0   1.0
1.05   0.01875   0.0   1.0
1.05   0.05625   0.0   1.0
1.05   0.1125   0.0   1.0
1.05   0.16875   0.0   1.0
1.05   0.225   0.0   1.0
1.05   0.28125   0.0   1.0
1.05   0.3375   0.0   1.0
1.05   0.39375   0.0   1.0
1.05   0.43125   0.0   1.0
1.05   0.45   0.0   1.0
1.08333333333   3.5527136788e-16   0.0   1.0
1.08333333333   0.0173611111111   0.0   1.0
1.08333333333   0.0520833333333   0.0   1.0
1.08333333333   0.104166666667   0.0   1.0
1.08333333333   0.15625   0.0   1.0
1.08333333333   0.208333333333   0.0   1.0
1.08333333333   0.260416666667   0.0   1.0
1.08333333333   0.3125   0.0   1.0
1.08333333333   0.364583333333   0.0   1.0
1.08333333333   0.399305555556   0.0   1.0
1.08333333333   0.416666666667   0.0   1.0
1.1   0.0   0.0   1.0
1.1   0.0166666666667   0.0   1.0
1.1   0.05   0.0   1.0
1.1   0.1   0.0   1.0
1.1   0.15   0.0   1.0
1.1   0.2   0.0   1.0
1.1   0.25   0.0   1.0
1.1   0.3   0.0   1.0
1.1   0.35   0.0   1.0
1.1   0.383333333333   0.0   1.0
1.1   0.4   0.0   1.0

 ------------------------------------------------------------------------------------------ 
Number of control points  - (u, v, t) - PATCH 5
------------------------------------------------------------------------------------------ 
7   11   0

 ------------------------------------------------------------------------------------------ 
Degree (u,v,t) - PATCH 5
------------------------------------------------------------------------------------------ 
3   3   0

 ------------------------------------------------------------------------------------------ 
KNOT VECTOR (u) - PATCH 5
------------------------------------------------------------------------------------------ 
0.0
0.0
0.0
0.0
0.25
0.5
0.75
1.0
1.0
1.0
1.0

 ------------------------------------------------------------------------------------------ 
KNOT VECTOR (v) - PATCH 5
------------------------------------------------------------------------------------------ 
0.0
0.0
0.0
0.0
0.125
0.25
0.375
0.5
0.625
0.75
0.875
1.0
1.0
1.0
1.0

 ------------------------------------------------------------------------------------------ 
NUMBER OF NEUMMAN BOUNDARY CONDITION - PATCH 5
------------------------------------------------------------------------------------------ 
0

 ------------------------------------------------------------------------------------------ 
POINT/CURVE INDEX    VALUES (X, Y) - PATCH 5
------------------------------------------------------------------------------------------ 

 ------------------------------------------------------------------------------------------ 
NUMBER OF DIRICHELET BOUNDARY CONDITION - PATCH 5
------------------------------------------------------------------------------------------ 
0

 ------------------------------------------------------------------------------------------ 
POINT/CURVE INDEX    (0-FREE, 1- DISPLACEMENT) VALUES (X, Y) - PATCH 5
------------------------------------------------------------------------------------------ 

------------------------------------------------------------------------------------------ 
NUMBER OF CONTROL POINTS - PATCH 6
------------------------------------------------------------------------------------------ 
121

 ------------------------------------------------------------------------------------------ 
INDEX MATERIAL - PATCH 6
------------------------------------------------------------------------------------------ 
0

 ------------------------------------------------------------------------------------------ 
THICKNESS  - PATCH 6
------------------------------------------------------------------------------------------ 
1.0

 ------------------------------------------------------------------------------------------ 
CONTROL POINTS COORDINATES AND WEIGHT (X,Y,Z,W)  - PATCH 6
------------------------------------------------------------------------------------------ 
1.1   0.0   0.0   1.0
1.1   0.0166666666667   0.0   1.0
1.1   0.05   0.0   1.0
1.1   0.1   0.0   1.0
1.1   0.15   0.0   1.0
1.1   0.2   0.0   1.0
1.1   0.25   0.0   1.0
1.1   0.3   0.0   1.0
1.1   0.35   0.0   1.0
1.1   0.383333333333   0.0   1.0
1.1   0.4   0.0   1.0
1.125   1.7763568394e-16   0.0   1.0
1.125   0.0166666666667   0.0   1.0
1.125   0.05   0.0   1.0
1.125   0.1   0.0   1.0
1.125   0.15   0.0   1.0
1.125   0.2   0.0   1.0
1.125   0.25   0.0   1.0
1.125   0.3   0.0   1.0
1.125   0.35   0.0   1.0
1.125   0.383333333333   0.0   1.0
1.125   0.4   0.0   1.0
1.175   3.77475828373e-16   0.0   1.0
1.175   0.0166666666667   0.0   1.0
1.175   0.05   0.0   1.0
1.175   0.1   0.0   1.0
1.175   0.15   0.0   1.0
1.175   0.2   0.0   1.0
1.175   0.25   0.0   1.0
1.175   0.3   0.0   1.0
1.175   0.35   0.0   1.0
1.175   0.383333333333   0.0   1.0
1.175   0.4   0.0   1.0
1.25   3.60822483003e-16   0.0   1.0
1.25   0.0166666666667   0.0   1.0
1.25   0.05   0.0   1.0
1.25   0.1   0.0   1.0
1.25   0.15   0.0   1.0
1.25   0.2   0.0   1.0
1.25   0.25   0.0   1.0
1.25   0.3   0.0   1.0
1.25   0.35   0.0   1.0
1.25   0.383333333333   0.0   1.0
1.25   0.4   0.0   1.0
1.325   1.7763568394e-16   0.0   1.0
1.325   0.0166666666667   0.0   1.0
1.325   0.05   0.0   1.0
1.325   0.1   0.0   1.0
1.325   0.15   0.0   1.0
1.325   0.2   0.0   1.0
1.325   0.25   0.0   1.0
1.325   0.3   0.0   1.0
1.325   0.35   0.0   1.0
1.325   0.383333333333   0.0   1.0
1.325   0.4   0.0   1.0
1.4   -2.22044604925e-17   0.0   1.0
1.4   0.0166666666667   0.0   1.0
1.4   0.05   0.0   1.0
1.4   0.1   0.0   1.0
1.4   0.15   0.0   1.0
1.4   0.2   0.0   1.0
1.4   0.25   0.0   1.0
1.4   0.3   0.0   1.0
1.4   0.35   0.0   1.0
1.4   0.383333333333   0.0   1.0
1.4   0.4   0.0   1.0
1.475   -8.881784197e-17   0.0   1.0
1.475   0.0166666666667   0.0   1.0
1.475   0.05   0.0   1.0
1.475   0.1   0.0   1.0
1.475   0.15   0.0   1.0
1.475   0.2   0.0   1.0
1.475   0.25   0.0   1.0
1.475   0.3   0.0   1.0
1.475   0.35   0.0   1.0
1.475   0.383333333333   0.0   1.0
1.475   0.4   0.0   1.0
1.55   -7.21644966006e-17   0.0   1.0
1.55   0.0166666666667   0.0   1.0
1.55   0.05   0.0   1.0
1.55   0.1   0.0   1.0
1.55   0.15   0.0   1.0
1.55   0.2   0.0   1.0
1.55   0.25   0.0   1.0
1.55   0.3   0.0   1.0
1.55   0.35   0.0   1.0
1.55   0.383333333333   0.0   1.0
1.55   0.4   0.0   1.0
1.625   -2.22044604925e-17   0.0   1.0
1.625   0.0166666666667   0.0   1.0
1.625   0.05   0.0   1.0
1.625   0.1   0.0   1.0
1.625   0.15   0.0   1.0
1.625   0.2   0.0   1.0
1.625   0.25   0.0   1.0
1.625   0.3   0.0   1.0
1.625   0.35   0.0   1.0
1.625   0.383333333333   0.0   1.0
1.625   0.4   0.0   1.0
1.675   0.0   0.0   1.0
1.675   0.0166666666667   0.0   1.0
1.675   0.05   0.0   1.0
1.675   0.1   0.0   1.0
1.675   0.15   0.0   1.0
1.675   0.2   0.0   1.0
1.675   0.25   0.0   1.0
1.675   0.3   0.0   1.0
1.675   0.35   0.0   1.0
1.675   0.383333333333   0.0   1.0
1.675   0.4   0.0   1.0
1.7   0.0   0.0   1.0
1.7   0.0166666666667   0.0   1.0
1.7   0.05   0.0   1.0
1.7   0.1   0.0   1.0
1.7   0.15   0.0   1.0
1.7   0.2   0.0   1.0
1.7   0.25   0.0   1.0
1.7   0.3   0.0   1.0
1.7   0.35   0.0   1.0
1.7   0.383333333333   0.0   1.0
1.7   0.4   0.0   1.0

 ------------------------------------------------------------------------------------------ 
Number of control points  - (u, v, t) - PATCH 6
------------------------------------------------------------------------------------------ 
11   11   0

 ------------------------------------------------------------------------------------------ 
Degree (u,v,t) - PATCH 6
------------------------------------------------------------------------------------------ 
3   3   0

 ------------------------------------------------------------------------------------------ 
KNOT VECTOR (u) - PATCH 6
------------------------------------------------------------------------------------------ 
0.0
0.0
0.0
0.0
0.125
0.25
0.375
0.5
0.625
0.75
0.875
1.0
1.0
1.0
1.0

 ------------------------------------------------------------------------------------------ 
KNOT VECTOR (v) - PATCH 6
------------------------------------------------------------------------------------------ 
0.0
0.0
0.0
0.0
0.125
0.25
0.375
0.5
0.625
0.75
0.875
1.0
1.0
1.0
1.0

 ------------------------------------------------------------------------------------------ 
NUMBER OF NEUMMAN BOUNDARY CONDITION - PATCH 6
------------------------------------------------------------------------------------------ 
0

 ------------------------------------------------------------------------------------------ 
POINT/CURVE INDEX    VALUES (X, Y) - PATCH 6
------------------------------------------------------------------------------------------ 

 ------------------------------------------------------------------------------------------ 
NUMBER OF DIRICHELET BOUNDARY CONDITION - PATCH 6
------------------------------------------------------------------------------------------ 
0

 ------------------------------------------------------------------------------------------ 
POINT/CURVE INDEX    (0-FREE, 1- DISPLACEMENT) VALUES (X, Y) - PATCH 6
------------------------------------------------------------------------------------------ 

------------------------------------------------------------------------------------------ 
NUMBER OF CONTROL POINTS - PATCH 7
------------------------------------------------------------------------------------------ 
55

 ------------------------------------------------------------------------------------------ 
INDEX MATERIAL - PATCH 7
------------------------------------------------------------------------------------------ 
0

 ------------------------------------------------------------------------------------------ 
THICKNESS  - PATCH 7
------------------------------------------------------------------------------------------ 
1.0

 ------------------------------------------------------------------------------------------ 
CONTROL POINTS COORDINATES AND WEIGHT (X,Y,Z,W)  - PATCH 7
------------------------------------------------------------------------------------------ 
1.7   0.0   0.0   1.0
1.7   0.0166666666667   0.0   1.0
1.7   0.05   0.0   1.0
1.7   0.1   0.0   1.0
1.7   0.15   0.0   1.0
1.7   0.2   0.0   1.0
1.7   0.25   0.0   1.0
1.7   0.3   0.0   1.0
1.7   0.35   0.0   1.0
1.7   0.383333333333   0.0   1.0
1.7   0.4   0.0   1.0
1.75   1.7763568394e-16   0.0   1.0
1.75   0.0166666666667   0.0   1.0
1.75   0.05   0.0   1.0
1.75   0.1   0.0   1.0
1.75   0.15   0.0   1.0
1.75   0.2   0.0   1.0
1.75   0.25   0.0   1.0
1.75   0.3   0.0   1.0
1.75   0.35   0.0   1.0
1.75   0.383333333333   0.0   1.0
1.75   0.4   0.0   1.0
1.85   1.7763568394e-16   0.0   1.0
1.85   0.0166666666667   0.0   1.0
1.85   0.05   0.0   1.0
1.85   0.1   0.0   1.0
1.85   0.15   0.0   1.0
1.85   0.2   0.0   1.0
1.85   0.25   0.0   1.0
1.85   0.3   0.0   1.0
1.85   0.35   0.0   1.0
1.85   0.383333333333   0.0   1.0
1.85   0.4   0.0   1.0
1.95   0.0   0.0   1.0
1.95   0.0166666666667   0.0   1.0
1.95   0.05   0.0   1.0
1.95   0.1   0.0   1.0
1.95   0.15   0.0   1.0
1.95   0.2   0.0   1.0
1.95   0.25   0.0   1.0
1.95   0.3   0.0   1.0
1.95   0.35   0.0   1.0
1.95   0.383333333333   0.0   1.0
1.95   0.4   0.0   1.0
2.0   0.0   0.0   1.0
2.0   0.0166666666667   0.0   1.0
2.0   0.05   0.0   1.0
2.0   0.1   0.0   1.0
2.0   0.15   0.0   1.0
2.0   0.2   0.0   1.0
2.0   0.25   0.0   1.0
2.0   0.3   0.0   1.0
2.0   0.35   0.0   1.0
2.0   0.383333333333   0.0   1.0
2.0   0.4   0.0   1.0

 ------------------------------------------------------------------------------------------ 
Number of control points  - (u, v, t) - PATCH 7
------------------------------------------------------------------------------------------ 
5   11   0

 ------------------------------------------------------------------------------------------ 
Degree (u,v,t) - PATCH 7
------------------------------------------------------------------------------------------ 
3   3   0

 ------------------------------------------------------------------------------------------ 
KNOT VECTOR (u) - PATCH 7
------------------------------------------------------------------------------------------ 
0.0
0.0
0.0
0.0
0.5
1.0
1.0
1.0
1.0

 ------------------------------------------------------------------------------------------ 
KNOT VECTOR (v) - PATCH 7
------------------------------------------------------------------------------------------ 
0.0
0.0
0.0
0.0
0.125
0.25
0.375
0.5
0.625
0.75
0.875
1.0
1.0
1.0
1.0

 ------------------------------------------------------------------------------------------ 
NUMBER OF NEUMMAN BOUNDARY CONDITION - PATCH 7
------------------------------------------------------------------------------------------ 
1

 ------------------------------------------------------------------------------------------ 
POINT/CURVE INDEX    VALUES (X, Y) - PATCH 7
------------------------------------------------------------------------------------------ 
CURVE 1 10.0 0.0

 ------------------------------------------------------------------------------------------ 
NUMBER OF DIRICHELET BOUNDARY CONDITION - PATCH 7
------------------------------------------------------------------------------------------ 
0

 ------------------------------------------------------------------------------------------ 
POINT/CURVE INDEX    (0-FREE, 1- DISPLACEMENT) VALUES (X, Y) - PATCH 7
------------------------------------------------------------------------------------------ 

------------------------------------------------------------------------------------------ 
NUMBER OF CONTROL POINTS - PATCH 8
------------------------------------------------------------------------------------------ 
55

 ------------------------------------------------------------------------------------------ 
INDEX MATERIAL - PATCH 8
------------------------------------------------------------------------------------------ 
0

 ------------------------------------------------------------------------------------------ 
THICKNESS  - PATCH 8
------------------------------------------------------------------------------------------ 
1.0

 ------------------------------------------------------------------------------------------ 
CONTROL POINTS COORDINATES AND WEIGHT (X,Y,Z,W)  - PATCH 8
------------------------------------------------------------------------------------------ 
0.0   0.6   0.0   1.0
-3.5527136788e-16   0.616666666667   0.0   1.0
-6.66133814775e-16   0.65   0.0   1.0
-3.99680288865e-16   0.7   0.0   1.0
1.33226762955e-16   0.75   0.0   1.0
4.66293670343e-16   0.8   0.0   1.0
1.33226762955e-16   0.85   0.0   1.0
-3.99680288865e-16   0.9   0.0   1.0
-6.66133814775e-16   0.95   0.0   1.0
-3.5527136788e-16   0.983333333333   0.0   1.0
0.0   1.0   0.0   1.0
0.05   0.6   0.0   1.0
0.05   0.616666666667   0.0   1.0
0.05   0.65   0.0   1.0
0.05   0.7   0.0   1.0
0.05   0.75   0.0   1.0
0.05   0.8   0.0   1.0
0.05   0.85   0.0   1.0
0.05   0.9   0.0   1.0
0.05   0.95   0.0   1.0
0.05   0.983333333333   0.0   1.0
0.05   1.0   0.0   1.0
0.15   0.6   0.0   1.0
0.15   0.616666666667   0.0   1.0
0.15   0.65   0.0   1.0
0.15   0.7   0.0   1.0
0.15   0.75   0.0   1.0
0.15   0.8   0.0   1.0
0.15   0.85   0.0   1.0
0.15   0.9   0.0   1.0
0.15   0.95   0.0   1.0
0.15   0.983333333333   0.0   1.0
0.15   1.0   0.0   1.0
0.25   0.6   0.0   1.0
0.25   0.616666666667   0.0   1.0
0.25   0.65   0.0   1.0
0.25   0.7   0.0   1.0
0.25   0.75   0.0   1.0
0.25   0.8   0.0   1.0
0.25   0.85   0.0   1.0
0.25   0.9   0.0   1.0
0.25   0.95   0.0   1.0
0.25   0.983333333333   0.0   1.0
0.25   1.0   0.0   1.0
0.3   0.6   0.0   1.0
0.3   0.616666666667   0.0   1.0
0.3   0.65   0.0   1.0
0.3   0.7   0.0   1.0
0.3   0.75   0.0   1.0
0.3   0.8   0.0   1.0
0.3   0.85   0.0   1.0
0.3   0.9   0.0   1.0
0.3   0.95   0.0   1.0
0.3   0.983333333333   0.0   1.0
0.3   1.0   0.0   1.0

 ------------------------------------------------------------------------------------------ 
Number of control points  - (u, v, t) - PATCH 8
------------------------------------------------------------------------------------------ 
5   11   0

 ------------------------------------------------------------------------------------------ 
Degree (u,v,t) - PATCH 8
------------------------------------------------------------------------------------------ 
3   3   0

 ------------------------------------------------------------------------------------------ 
KNOT VECTOR (u) - PATCH 8
------------------------------------------------------------------------------------------ 
0.0
0.0
0.0
0.0
0.5
1.0
1.0
1.0
1.0

 ------------------------------------------------------------------------------------------ 
KNOT VECTOR (v) - PATCH 8
------------------------------------------------------------------------------------------ 
0.0
0.0
0.0
0.0
0.125
0.25
0.375
0.5
0.625
0.75
0.875
1.0
1.0
1.0
1.0

 ------------------------------------------------------------------------------------------ 
NUMBER OF NEUMMAN BOUNDARY CONDITION - PATCH 8
------------------------------------------------------------------------------------------ 
0

 ------------------------------------------------------------------------------------------ 
POINT/CURVE INDEX    VALUES (X, Y) - PATCH 8
------------------------------------------------------------------------------------------ 

 ------------------------------------------------------------------------------------------ 
NUMBER OF DIRICHELET BOUNDARY CONDITION - PATCH 8
------------------------------------------------------------------------------------------ 
1

 ------------------------------------------------------------------------------------------ 
POINT/CURVE INDEX    (0-FREE, 1- DISPLACEMENT) VALUES (X, Y) - PATCH 8
------------------------------------------------------------------------------------------ 
CURVE 3 1 1 0.0 0.0

------------------------------------------------------------------------------------------ 
NUMBER OF CONTROL POINTS - PATCH 9
------------------------------------------------------------------------------------------ 
121

 ------------------------------------------------------------------------------------------ 
INDEX MATERIAL - PATCH 9
------------------------------------------------------------------------------------------ 
0

 ------------------------------------------------------------------------------------------ 
THICKNESS  - PATCH 9
------------------------------------------------------------------------------------------ 
1.0

 ------------------------------------------------------------------------------------------ 
CONTROL POINTS COORDINATES AND WEIGHT (X,Y,Z,W)  - PATCH 9
------------------------------------------------------------------------------------------ 
0.3   0.6   0.0   1.0
0.3   0.616666666667   0.0   1.0
0.3   0.65   0.0   1.0
0.3   0.7   0.0   1.0
0.3   0.75   0.0   1.0
0.3   0.8   0.0   1.0
0.3   0.85   0.0   1.0
0.3   0.9   0.0   1.0
0.3   0.95   0.0   1.0
0.3   0.983333333333   0.0   1.0
0.3   1.0   0.0   1.0
0.325   0.6   0.0   1.0
0.325   0.616666666667   0.0   1.0
0.325   0.65   0.0   1.0
0.325   0.7   0.0   1.0
0.325   0.75   0.0   1.0
0.325   0.8   0.0   1.0
0.325   0.85   0.0   1.0
0.325   0.9   0.0   1.0
0.325   0.95   0.0   1.0
0.325   0.983333333333   0.0   1.0
0.325   1.0   0.0   1.0
0.375   0.6   0.0   1.0
0.375   0.616666666667   0.0   1.0
0.375   0.65   0.0   1.0
0.375   0.7   0.0   1.0
0.375   0.75   0.0   1.0
0.375   0.8   0.0   1.0
0.375   0.85   0.0   1.0
0.375   0.9   0.0   1.0
0.375   0.95   0.0   1.0
0.375   0.983333333333   0.0   1.0
0.375   1.0   0.0   1.0
0.45   0.6   0.0   1.0
0.45   0.616666666667   0.0   1.0
0.45   0.65   0.0   1.0
0.45   0.7   0.0   1.0
0.45   0.75   0.0   1.0
0.45   0.8   0.0   1.0
0.45   0.85   0.0   1.0
0.45   0.9   0.0   1.0
0.45   0.95   0.0   1.0
0.45   0.983333333333   0.0   1.0
0.45   1.0   0.0   1.0
0.525   0.6   0.0   1.0
0.525   0.616666666667   0.0   1.0
0.525   0.65   0.0   1.0
0.525   0.7   0.0   1.0
0.525   0.75   0.0   1.0
0.525   0.8   0.0   1.0
0.525   0.85   0.0   1.0
0.525   0.9   0.0   1.0
0.525   0.95   0.0   1.0
0.525   0.983333333333   0.0   1.0
0.525   1.0   0.0   1.0
0.6   0.6   0.0   1.0
0.6   0.616666666667   0.0   1.0
0.6   0.65   0.0   1.0
0.6   0.7   0.0   1.0
0.6   0.75   0.0   1.0
0.6   0.8   0.0   1.0
0.6   0.85   0.0   1.0
0.6   0.9   0.0   1.0
0.6   0.95   0.0   1.0
0.6   0.983333333333   0.0   1.0
0.6   1.0   0.0   1.0
0.675   0.6   0.0   1.0
0.675   0.616666666667   0.0   1.0
0.675   0.65   0.0   1.0
0.675   0.7   0.0   1.0
0.675   0.75   0.0   1.0
0.675   0.8   0.0   1.0
0.675   0.85   0.0   1.0
0.675   0.9   0.0   1.0
0.675   0.95   0.0   1.0
0.675   0.983333333333   0.0   1.0
0.675   1.0   0.0   1.0
0.75   0.6   0.0   1.0
0.75   0.616666666667   0.0   1.0
0.75   0.65   0.0   1.0
0.75   0.7   0.0   1.0
0.75   0.75   0.0   1.0
0.75   0.8   0.0   1.0
0.75   0.85   0.0   1.0
0.75   0.9   0.0   1.0
0.75   0.95   0.0   1.0
0.75   0.983333333333   0.0   1.0
0.75   1.0   0.0   1.0
0.825   0.6   0.0   1.0
0.825   0.616666666667   0.0   1.0
0.825   0.65   0.0   1.0
0.825   0.7   0.0   1.0
0.825   0.75   0.0   1.0
0.825   0.8   0.0   1.0
0.825   0.85   0.0   1.0
0.825   0.9   0.0   1.0
0.825   0.95   0.0   1.0
0.825   0.983333333333   0.0   1.0
0.825   1.0   0.0   1.0
0.875   0.6   0.0   1.0
0.875   0.616666666667   0.0   1.0
0.875   0.65   0.0   1.0
0.875   0.7   0.0   1.0
0.875   0.75   0.0   1.0
0.875   0.8   0.0   1.0
0.875   0.85   0.0   1.0
0.875   0.9   0.0   1.0
0.875   0.95   0.0   1.0
0.875   0.983333333333   0.0   1.0
0.875   1.0   0.0   1.0
0.9   0.6   0.0   1.0
0.9   0.616666666667   0.0   1.0
0.9   0.65   0.0   1.0
0.9   0.7   0.0   1.0
0.9   0.75   0.0   1.0
0.9   0.8   0.0   1.0
0.9   0.85   0.0   1.0
0.9   0.9   0.0   1.0
0.9   0.95   0.0   1.0
0.9   0.983333333333   0.0   1.0
0.9   1.0   0.0   1.0

 ------------------------------------------------------------------------------------------ 
Number of control points  - (u, v, t) - PATCH 9
------------------------------------------------------------------------------------------ 
11   11   0

 ------------------------------------------------------------------------------------------ 
Degree (u,v,t) - PATCH 9
------------------------------------------------------------------------------------------ 
3   3   0

 ------------------------------------------------------------------------------------------ 
KNOT VECTOR (u) - PATCH 9
------------------------------------------------------------------------------------------ 
0.0
0.0
0.0
0.0
0.125
0.25
0.375
0.5
0.625
0.75
0.875
1.0
1.0
1.0
1.0

 ------------------------------------------------------------------------------------------ 
KNOT VECTOR (v) - PATCH 9
------------------------------------------------------------------------------------------ 
0.0
0.0
0.0
0.0
0.125
0.25
0.375
0.5
0.625
0.75
0.875
1.0
1.0
1.0
1.0

 ------------------------------------------------------------------------------------------ 
NUMBER OF NEUMMAN BOUNDARY CONDITION - PATCH 9
------------------------------------------------------------------------------------------ 
0

 ------------------------------------------------------------------------------------------ 
POINT/CURVE INDEX    VALUES (X, Y) - PATCH 9
------------------------------------------------------------------------------------------ 

 ------------------------------------------------------------------------------------------ 
NUMBER OF DIRICHELET BOUNDARY CONDITION - PATCH 9
------------------------------------------------------------------------------------------ 
0

 ------------------------------------------------------------------------------------------ 
POINT/CURVE INDEX    (0-FREE, 1- DISPLACEMENT) VALUES (X, Y) - PATCH 9
------------------------------------------------------------------------------------------ 

------------------------------------------------------------------------------------------ 
NUMBER OF CONTROL POINTS - PATCH 10
------------------------------------------------------------------------------------------ 
77

 ------------------------------------------------------------------------------------------ 
INDEX MATERIAL - PATCH 10
------------------------------------------------------------------------------------------ 
0

 ------------------------------------------------------------------------------------------ 
THICKNESS  - PATCH 10
------------------------------------------------------------------------------------------ 
1.0

 ------------------------------------------------------------------------------------------ 
CONTROL POINTS COORDINATES AND WEIGHT (X,Y,Z,W)  - PATCH 10
------------------------------------------------------------------------------------------ 
0.9   0.6   0.0   1.0
0.9   0.616666666667   0.0   1.0
0.9   0.65   0.0   1.0
0.9   0.7   0.0   1.0
0.9   0.75   0.0   1.0
0.9   0.8   0.0   1.0
0.9   0.85   0.0   1.0
0.9   0.9   0.0   1.0
0.9   0.95   0.0   1.0
0.9   0.983333333333   0.0   1.0
0.9   1.0   0.0   1.0
0.916666666667   0.583333333333   0.0   1.0
0.916666666667   0.600694444444   0.0   1.0
0.916666666667   0.635416666667   0.0   1.0
0.916666666667   0.6875   0.0   1.0
0.916666666667   0.739583333333   0.0   1.0
0.916666666667   0.791666666667   0.0   1.0
0.916666666667   0.84375   0.0   1.0
0.916666666667   0.895833333333   0.0   1.0
0.916666666667   0.947916666667   0.0   1.0
0.916666666667   0.982638888889   0.0   1.0
0.916666666667   1.0   0.0   1.0
0.95   0.55   0.0   1.0
0.95   0.56875   0.0   1.0
0.95   0.60625   0.0   1.0
0.95   0.6625   0.0   1.0
0.95   0.71875   0.0   1.0
0.95   0.775   0.0   1.0
0.95   0.83125   0.0   1.0
0.95   0.8875   0.0   1.0
0.95   0.94375   0.0   1.0
0.95   0.98125   0.0   1.0
0.95   1.0   0.0   1.0
1.0   0.5   0.0   1.0
1.0   0.520833333333   0.0   1.0
1.0   0.5625   0.0   1.0
1.0   0.625   0.0   1.0
1.0   0.6875   0.0   1.0
1.0   0.75   0.0   1.0
1.0   0.8125   0.0   1.0
1.0   0.875   0.0   1.0
1.0   0.9375   0.0   1.0
1.0   0.979166666667   0.0   1.0
1.0   1.0   0.0   1.0
1.05   0.45   0.0   1.0
1.05   0.472916666667   0.0   1.0
1.05   0.51875   0.0   1.0
1.05   0.5875   0.0   1.0
1.05   0.65625   0.0   1.0
1.05   0.725   0.0   1.0
1.05   0.79375   0.0   1.0
1.05   0.8625   0.0   1.0
1.05   0.93125   0.0   1.0
1.05   0.977083333333   0.0   1.0
1.05   1.0   0.0   1.0
1.08333333333   0.416666666667   0.0   1.0
1.08333333333   0.440972222222   0.0   1.0
1.08333333333   0.489583333333   0.0   1.0
1.08333333333   0.5625   0.0   1.0
1.08333333333   0.635416666667   0.0   1.0
1.08333333333   0.708333333333   0.0   1.0
1.08333333333   0.78125   0.0   1.0
1.08333333333   0.854166666667   0.0   1.0
1.08333333333   0.927083333333   0.0   1.0
1.08333333333   0.975694444444   0.0   1.0
1.08333333333   1.0   0.0   1.0
1.1   0.4   0.0   1.0
1.1   0.425   0.0   1.0
1.1   0.475   0.0   1.0
1.1   0.55   0.0   1.0
1.1   0.625   0.0   1.0
1.1   0.7   0.0   1.0
1.1   0.775   0.0   1.0
1.1   0.85   0.0   1.0
1.1   0.925   0.0   1.0
1.1   0.975   0.0   1.0
1.1   1.0   0.0   1.0

 ------------------------------------------------------------------------------------------ 
Number of control points  - (u, v, t) - PATCH 10
------------------------------------------------------------------------------------------ 
7   11   0

 ------------------------------------------------------------------------------------------ 
Degree (u,v,t) - PATCH 10
------------------------------------------------------------------------------------------ 
3   3   0

 ------------------------------------------------------------------------------------------ 
KNOT VECTOR (u) - PATCH 10
------------------------------------------------------------------------------------------ 
0.0
0.0
0.0
0.0
0.25
0.5
0.75
1.0
1.0
1.0
1.0

 ------------------------------------------------------------------------------------------ 
KNOT VECTOR (v) - PATCH 10
------------------------------------------------------------------------------------------ 
0.0
0.0
0.0
0.0
0.125
0.25
0.375
0.5
0.625
0.75
0.875
1.0
1.0
1.0
1.0

 ------------------------------------------------------------------------------------------ 
NUMBER OF NEUMMAN BOUNDARY CONDITION - PATCH 10
------------------------------------------------------------------------------------------ 
0

 ------------------------------------------------------------------------------------------ 
POINT/CURVE INDEX    VALUES (X, Y) - PATCH 10
------------------------------------------------------------------------------------------ 

 ------------------------------------------------------------------------------------------ 
NUMBER OF DIRICHELET BOUNDARY CONDITION - PATCH 10
------------------------------------------------------------------------------------------ 
0

 ------------------------------------------------------------------------------------------ 
POINT/CURVE INDEX    (0-FREE, 1- DISPLACEMENT) VALUES (X, Y) - PATCH 10
------------------------------------------------------------------------------------------ 

------------------------------------------------------------------------------------------ 
NUMBER OF CONTROL POINTS - PATCH 11
------------------------------------------------------------------------------------------ 
77

 ------------------------------------------------------------------------------------------ 
INDEX MATERIAL - PATCH 11
------------------------------------------------------------------------------------------ 
0

 ------------------------------------------------------------------------------------------ 
THICKNESS  - PATCH 11
------------------------------------------------------------------------------------------ 
1.0

 ------------------------------------------------------------------------------------------ 
CONTROL POINTS COORDINATES AND WEIGHT (X,Y,Z,W)  - PATCH 11
------------------------------------------------------------------------------------------ 
1.1   0.4   0.0   1.0
1.1   0.425   0.0   1.0
1.1   0.475   0.0   1.0
1.1   0.55   0.0   1.0
1.1   0.625   0.0   1.0
1.1   0.7   0.0   1.0
1.1   0.775   0.0   1.0
1.1   0.85   0.0   1.0
1.1   0.925   0.0   1.0
1.1   0.975   0.0   1.0
1.1   1.0   0.0   1.0
1.11321488698   0.41321488698   0.0   1.0
1.10996051788   0.435689859918   0.0   0.997966019314
1.10426537196   0.480995752414   0.0   0.994406553113
1.09816342990   0.550022431019   0.0   0.990592839326
1.09450226467   0.620116949483   0.0   0.988304611054
1.09328187626   0.691279307808   0.0   0.987541868297
1.09450226467   0.763509505993   0.0   0.988304611054
1.09816342990   0.836807544038   0.0   0.990592839326
1.10426537196   0.911173421944   0.0   0.994406553113
1.10996051788   0.961462567121   0.0   0.997966019314
1.11321488698   0.98678511302   0.0   1.0
1.13964466094   0.439644660941   0.0   1.0
1.12988155365   0.457069579755   0.0   0.993898057941
1.11279611588   0.492987257243   0.0   0.983219659339
1.09449028971   0.550067293056   0.0   0.971778517979
1.08350679400   0.610350848449   0.0   0.964913833163
1.07984562877   0.673837923424   0.0   0.962625604891
1.08350679400   0.740528517979   0.0   0.964913833163
1.09449028971   0.810422632115   0.0   0.971778517979
1.11279611588   0.883520265832   0.0   0.983219659339
1.12988155365   0.934387701363   0.0   0.993898057941
1.13964466094   0.960355339059   0.0   1.0
1.17928932188   0.479289321881   0.0   1.0
1.15976310729   0.489139159509   0.0   0.987796115883
1.12559223177   0.510974514485   0.0   0.966439318678
1.08898057941   0.550134586111   0.0   0.943557035958
1.06701358800   0.595701696898   0.0   0.929827666326
1.05969125753   0.647675846847   0.0   0.925251209782
1.06701358800   0.706057035958   0.0   0.929827666326
1.08898057941   0.77084526423   0.0   0.943557035958
1.12559223177   0.842040531663   0.0   0.966439318678
1.15976310729   0.893775402727   0.0   0.987796115883
1.17928932188   0.920710678119   0.0   1.0
1.21893398282   0.518933982822   0.0   1.0
1.18964466094   0.521208739264   0.0   0.981694173824
1.13838834765   0.528961771728   0.0   0.949658978016
1.08347086912   0.550201879167   0.0   0.915335553937
1.05052038200   0.581052545348   0.0   0.894741499489
1.03953688630   0.621513770271   0.0   0.887876814673
1.05052038200   0.671585553937   0.0   0.894741499489
1.08347086912   0.731267896345   0.0   0.915335553937
1.13838834765   0.800560797495   0.0   0.949658978016
1.18964466094   0.85316310409   0.0   0.981694173824
1.21893398282   0.881066017178   0.0   1.0
1.24536375678   0.545363756782   0.0   1.0
1.20956569671   0.5425884591   0.0   0.977626212452
1.14691909157   0.540953276556   0.0   0.938472084242
1.07979772893   0.550246741204   0.0   0.896521232589
1.03952491134   0.571286444314   0.0   0.871350721598
1.02610063881   0.604072385887   0.0   0.862960551267
1.03952491134   0.648604565923   0.0   0.871350721598
1.07979772893   0.704882984421   0.0   0.896521232589
1.14691909157   0.772907641383   0.0   0.938472084242
1.20956569671   0.826088238332   0.0   0.977626212452
1.24536375678   0.854636243218   0.0   1.0
1.25857864376   0.558578643763   0.0   1.0
1.21952621459   0.553278319018   0.0   0.975592231766
1.15118446353   0.546949028971   0.0   0.932878637355
1.07796115883   0.550269172222   0.0   0.887114071916
1.03402717601   0.566403393797   0.0   0.859655332652
1.01938251507   0.595351693695   0.0   0.850502419564
1.03402717601   0.637114071916   0.0   0.859655332652
1.07796115883   0.69169052846   0.0   0.887114071916
1.15118446353   0.759081063327   0.0   0.932878637355
1.21952621459   0.812550805453   0.0   0.975592231766
1.25857864376   0.841421356237   0.0   1.0

 ------------------------------------------------------------------------------------------ 
Number of control points  - (u, v, t) - PATCH 11
------------------------------------------------------------------------------------------ 
7   11   0

 ------------------------------------------------------------------------------------------ 
Degree (u,v,t) - PATCH 11
------------------------------------------------------------------------------------------ 
3   3   0

 ------------------------------------------------------------------------------------------ 
KNOT VECTOR (u) - PATCH 11
------------------------------------------------------------------------------------------ 
0.0
0.0
0.0
0.0
0.25
0.5
0.75
1.0
1.0
1.0
1.0

 ------------------------------------------------------------------------------------------ 
KNOT VECTOR (v) - PATCH 11
------------------------------------------------------------------------------------------ 
0.0
0.0
0.0
0.0
0.125
0.25
0.375
0.5
0.625
0.75
0.875
1.0
1.0
1.0
1.0

 ------------------------------------------------------------------------------------------ 
NUMBER OF NEUMMAN BOUNDARY CONDITION - PATCH 11
------------------------------------------------------------------------------------------ 
0

 ------------------------------------------------------------------------------------------ 
POINT/CURVE INDEX    VALUES (X, Y) - PATCH 11
------------------------------------------------------------------------------------------ 

 ------------------------------------------------------------------------------------------ 
NUMBER OF DIRICHELET BOUNDARY CONDITION - PATCH 11
------------------------------------------------------------------------------------------ 
0

 ------------------------------------------------------------------------------------------ 
POINT/CURVE INDEX    (0-FREE, 1- DISPLACEMENT) VALUES (X, Y) - PATCH 11
------------------------------------------------------------------------------------------ 

------------------------------------------------------------------------------------------ 
NUMBER OF CONTROL POINTS - PATCH 12
------------------------------------------------------------------------------------------ 
77

 ------------------------------------------------------------------------------------------ 
INDEX MATERIAL - PATCH 12
------------------------------------------------------------------------------------------ 
0

 ------------------------------------------------------------------------------------------ 
THICKNESS  - PATCH 12
------------------------------------------------------------------------------------------ 
1.0

 ------------------------------------------------------------------------------------------ 
CONTROL POINTS COORDINATES AND WEIGHT (X,Y,Z,W)  - PATCH 12
------------------------------------------------------------------------------------------ 
1.1   0.4   0.0   1.0
1.11321488698   0.41321488698   0.0   1.0
1.13964466094   0.439644660941   0.0   1.0
1.17928932188   0.479289321881   0.0   1.0
1.21893398282   0.518933982822   0.0   1.0
1.24536375678   0.545363756782   0.0   1.0
1.25857864376   0.558578643763   0.0   1.0
1.125   0.4   0.0   1.0
1.13426607344   0.411384304363   0.0   0.997966019314
1.15279822031   0.434152913088   0.0   0.993898057941
1.18059644063   0.468305826176   0.0   0.987796115883
1.20839466094   0.502458739264   0.0   0.981694173824
1.22692680782   0.525227347989   0.0   0.977626212452
1.23619288125   0.536611652352   0.0   0.975592231766
1.175   0.4   0.0   1.0
1.17708033959   0.408180784782   0.0   0.994406553113
1.18124101878   0.424542354346   0.0   0.983219659339
1.18748203756   0.449084708691   0.0   0.966439318678
1.19372305634   0.473627063037   0.0   0.949658978016
1.19788373553   0.489988632601   0.0   0.938472084242
1.19996407512   0.498169417382   0.0   0.932878637355
1.25   0.4   0.0   1.0
1.24343741855   0.404748442374   0.0   0.990592839326
1.23031225564   0.414245327122   0.0   0.971778517979
1.21062451128   0.428490654243   0.0   0.943557035958
1.19093676692   0.442735981365   0.0   0.915335553937
1.17781160402   0.452232866113   0.0   0.896521232589
1.17124902256   0.456981308487   0.0   0.887114071916
1.325   0.4   0.0   1.0
1.31193017722   0.402689036929   0.0   0.988304611054
1.28579053166   0.408067110787   0.0   0.964913833163
1.24658106333   0.416134221575   0.0   0.929827666326
1.20737159499   0.424201332362   0.0   0.894741499489
1.18123194943   0.42957940622   0.0   0.871350721598
1.16816212665   0.432268443149   0.0   0.859655332652
1.4   0.4   0.0   1.0
1.38255861562   0.402002568448   0.0   0.987541868297
1.34767584685   0.406007705343   0.0   0.962625604891
1.29535169369   0.412015410685   0.0   0.925251209782
1.24302754054   0.418023116028   0.0   0.887876814673
1.20814477177   0.422028252923   0.0   0.862960551267
1.19070338739   0.42403082137   0.0   0.850502419564
1.475   0.4   0.0   1.0
1.45532273373   0.402689036929   0.0   0.988304611054
1.41596820119   0.408067110787   0.0   0.964913833163
1.35693640239   0.416134221575   0.0   0.929827666326
1.29790460358   0.424201332362   0.0   0.894741499489
1.25855007104   0.42957940622   0.0   0.871350721598
1.23887280477   0.432268443149   0.0   0.859655332652
1.55   0.4   0.0   1.0
1.53022253157   0.404748442374   0.0   0.990592839326
1.4906675947   0.414245327122   0.0   0.971778517979
1.4313351894   0.428490654243   0.0   0.943557035958
1.3720027841   0.442735981365   0.0   0.915335553937
1.33244784723   0.452232866113   0.0   0.896521232589
1.31267037880   0.456981308487   0.0   0.887114071916
1.625   0.4   0.0   1.0
1.60725800912   0.408180784782   0.0   0.994406553113
1.57177402737   0.424542354346   0.0   0.983219659339
1.51854805474   0.449084708691   0.0   0.966439318678
1.46532208211   0.473627063037   0.0   0.949658978016
1.42983810035   0.489988632601   0.0   0.938472084242
1.41209610948   0.498169417382   0.0   0.932878637355
1.675   0.4   0.0   1.0
1.66003878064   0.411384304363   0.0   0.997966019314
1.63011634192   0.434152913088   0.0   0.993898057941
1.58523268384   0.468305826176   0.0   0.987796115883
1.54034902577   0.502458739264   0.0   0.981694173824
1.51042658705   0.525227347989   0.0   0.977626212452
1.49546536769   0.536611652352   0.0   0.975592231766
1.7   0.4   0.0   1.0
1.68678511302   0.41321488698   0.0   1.0
1.66035533906   0.439644660941   0.0   1.0
1.62071067812   0.479289321881   0.0   1.0
1.58106601718   0.518933982822   0.0   1.0
1.55463624322   0.545363756782   0.0   1.0
1.54142135624   0.558578643763   0.0   1.0

 ------------------------------------------------------------------------------------------ 
Number of control points  - (u, v, t) - PATCH 12
------------------------------------------------------------------------------------------ 
11   7   0

 ------------------------------------------------------------------------------------------ 
Degree (u,v,t) - PATCH 12
------------------------------------------------------------------------------------------ 
3   3   0

 ------------------------------------------------------------------------------------------ 
KNOT VECTOR (u) - PATCH 12
------------------------------------------------------------------------------------------ 
0.0
0.0
0.0
0.0
0.125
0.25
0.375
0.5
0.625
0.75
0.875
1.0
1.0
1.0
1.0

 ------------------------------------------------------------------------------------------ 
KNOT VECTOR (v) - PATCH 12
------------------------------------------------------------------------------------------ 
0.0
0.0
0.0
0.0
0.25
0.5
0.75
1.0
1.0
1.0
1.0

 ------------------------------------------------------------------------------------------ 
NUMBER OF NEUMMAN BOUNDARY CONDITION - PATCH 12
------------------------------------------------------------------------------------------ 
0

 ------------------------------------------------------------------------------------------ 
POINT/CURVE INDEX    VALUES (X, Y) - PATCH 12
------------------------------------------------------------------------------------------ 

 ------------------------------------------------------------------------------------------ 
NUMBER OF DIRICHELET BOUNDARY CONDITION - PATCH 12
------------------------------------------------------------------------------------------ 
0

 ------------------------------------------------------------------------------------------ 
POINT/CURVE INDEX    (0-FREE, 1- DISPLACEMENT) VALUES (X, Y) - PATCH 12
------------------------------------------------------------------------------------------ 

------------------------------------------------------------------------------------------ 
NUMBER OF CONTROL POINTS - PATCH 13
------------------------------------------------------------------------------------------ 
77

 ------------------------------------------------------------------------------------------ 
INDEX MATERIAL - PATCH 13
------------------------------------------------------------------------------------------ 
0

 ------------------------------------------------------------------------------------------ 
THICKNESS  - PATCH 13
------------------------------------------------------------------------------------------ 
1.0

 ------------------------------------------------------------------------------------------ 
CONTROL POINTS COORDINATES AND WEIGHT (X,Y,Z,W)  - PATCH 13
------------------------------------------------------------------------------------------ 
1.54142135624   0.558578643763   0.0   1.0
1.51213203436   0.553278319018   0.0   0.975592231766
1.46087572106   0.546949028971   0.0   0.932878637355
1.40595824254   0.550269172222   0.0   0.887114071916
1.37300775542   0.566403393797   0.0   0.859655332652
1.36202425971   0.595351693695   0.0   0.850502419564
1.37300775542   0.637114071916   0.0   0.859655332652
1.40595824254   0.69169052846   0.0   0.887114071916
1.46087572106   0.759081063327   0.0   0.932878637355
1.51213203436   0.812550805453   0.0   0.975592231766
1.54142135624   0.841421356237   0.0   1.0
1.55463624322   0.545363756782   0.0   1.0
1.52778769816   0.5425884591   0.0   0.977626212452
1.48080274431   0.540953276556   0.0   0.938472084242
1.43046172232   0.550246741204   0.0   0.896521232589
1.40025710913   0.571286444314   0.0   0.871350721598
1.39018890474   0.604072385887   0.0   0.862960551267
1.40025710913   0.648604565923   0.0   0.871350721598
1.43046172232   0.704882984421   0.0   0.896521232589
1.48080274431   0.772907641383   0.0   0.938472084242
1.52778769816   0.826088238332   0.0   0.977626212452
1.55463624322   0.854636243218   0.0   1.0
1.58106601718   0.518933982822   0.0   1.0
1.55909902577   0.521208739264   0.0   0.981694173824
1.52065679080   0.528961771728   0.0   0.949658978016
1.47946868190   0.550201879167   0.0   0.915335553937
1.45475581656   0.581052545348   0.0   0.894741499489
1.44651819479   0.621513770271   0.0   0.887876814673
1.45475581656   0.671585553937   0.0   0.894741499489
1.47946868190   0.731267896345   0.0   0.915335553937
1.52065679080   0.800560797495   0.0   0.949658978016
1.55909902577   0.85316310409   0.0   0.981694173824
1.58106601718   0.881066017178   0.0   1.0
1.62071067812   0.479289321881   0.0   1.0
1.60606601718   0.489139159509   0.0   0.987796115883
1.58043786053   0.510974514485   0.0   0.966439318678
1.55297912127   0.550134586111   0.0   0.943557035958
1.53650387771   0.595701696898   0.0   0.929827666326
1.53101212986   0.647675846847   0.0   0.925251209782
1.53650387771   0.706057035958   0.0   0.929827666326
1.55297912127   0.77084526423   0.0   0.943557035958
1.58043786053   0.842040531663   0.0   0.966439318678
1.60606601718   0.893775402727   0.0   0.987796115883
1.62071067812   0.920710678119   0.0   1.0
1.66035533906   0.439644660941   0.0   1.0
1.65303300859   0.457069579755   0.0   0.993898057941
1.64021893027   0.492987257243   0.0   0.983219659339
1.62648956063   0.550067293056   0.0   0.971778517979
1.61825193885   0.610350848449   0.0   0.964913833163
1.61550606493   0.673837923424   0.0   0.962625604891
1.61825193885   0.740528517979   0.0   0.964913833163
1.62648956063   0.810422632115   0.0   0.971778517979
1.64021893027   0.883520265832   0.0   0.983219659339
1.65303300859   0.934387701363   0.0   0.993898057941
1.66035533906   0.960355339059   0.0   1.0
1.68678511302   0.41321488698   0.0   1.0
1.68434433620   0.435689859918   0.0   0.997966019314
1.68007297676   0.480995752414   0.0   0.994406553113
1.67549652021   0.550022431019   0.0   0.990592839326
1.67275064628   0.620116949483   0.0   0.988304611054
1.67183535498   0.691279307808   0.0   0.987541868297
1.67275064628   0.763509505993   0.0   0.988304611054
1.67549652021   0.836807544038   0.0   0.990592839326
1.68007297676   0.911173421944   0.0   0.994406553113
1.68434433620   0.961462567121   0.0   0.997966019314
1.68678511302   0.98678511302   0.0   1.0
1.7   0.4   0.0   1.0
1.7   0.425   0.0   1.0
1.7   0.475   0.0   1.0
1.7   0.55   0.0   1.0
1.7   0.625   0.0   1.0
1.7   0.7   0.0   1.0
1.7   0.775   0.0   1.0
1.7   0.85   0.0   1.0
1.7   0.925   0.0   1.0
1.7   0.975   0.0   1.0
1.7   1.0   0.0   1.0

 ------------------------------------------------------------------------------------------ 
Number of control points  - (u, v, t) - PATCH 13
------------------------------------------------------------------------------------------ 
7   11   0

 ------------------------------------------------------------------------------------------ 
Degree (u,v,t) - PATCH 13
------------------------------------------------------------------------------------------ 
3   3   0

 ------------------------------------------------------------------------------------------ 
KNOT VECTOR (u) - PATCH 13
------------------------------------------------------------------------------------------ 
0.0
0.0
0.0
0.0
0.25
0.5
0.75
1.0
1.0
1.0
1.0

 ------------------------------------------------------------------------------------------ 
KNOT VECTOR (v) - PATCH 13
------------------------------------------------------------------------------------------ 
0.0
0.0
0.0
0.0
0.125
0.25
0.375
0.5
0.625
0.75
0.875
1.0
1.0
1.0
1.0

 ------------------------------------------------------------------------------------------ 
NUMBER OF NEUMMAN BOUNDARY CONDITION - PATCH 13
------------------------------------------------------------------------------------------ 
0

 ------------------------------------------------------------------------------------------ 
POINT/CURVE INDEX    VALUES (X, Y) - PATCH 13
------------------------------------------------------------------------------------------ 

 ------------------------------------------------------------------------------------------ 
NUMBER OF DIRICHELET BOUNDARY CONDITION - PATCH 13
------------------------------------------------------------------------------------------ 
0

 ------------------------------------------------------------------------------------------ 
POINT/CURVE INDEX    (0-FREE, 1- DISPLACEMENT) VALUES (X, Y) - PATCH 13
------------------------------------------------------------------------------------------ 

------------------------------------------------------------------------------------------ 
NUMBER OF CONTROL POINTS - PATCH 14
------------------------------------------------------------------------------------------ 
77

 ------------------------------------------------------------------------------------------ 
INDEX MATERIAL - PATCH 14
------------------------------------------------------------------------------------------ 
0

 ------------------------------------------------------------------------------------------ 
THICKNESS  - PATCH 14
------------------------------------------------------------------------------------------ 
1.0

 ------------------------------------------------------------------------------------------ 
CONTROL POINTS COORDINATES AND WEIGHT (X,Y,Z,W)  - PATCH 14
------------------------------------------------------------------------------------------ 
1.25857864376   0.841421356237   0.0   1.0
1.24536375678   0.854636243218   0.0   1.0
1.21893398282   0.881066017178   0.0   1.0
1.17928932188   0.920710678119   0.0   1.0
1.13964466094   0.960355339059   0.0   1.0
1.11321488698   0.98678511302   0.0   1.0
1.1   1.0   0.0   1.0
1.23619288125   0.82921747212   0.0   0.975592231766
1.22692680782   0.843449349443   0.0   0.977626212452
1.20839466094   0.87191310409   0.0   0.981694173824
1.18059644063   0.91460873606   0.0   0.987796115883
1.15279822031   0.95730436803   0.0   0.993898057941
1.13426607344   0.985768122677   0.0   0.997966019314
1.125   1.0   0.0   1.0
1.19996407512   0.807860674915   0.0   0.932878637355
1.19788373553   0.823872285339   0.0   0.938472084242
1.19372305634   0.855895506186   0.0   0.949658978016
1.18748203756   0.903930337457   0.0   0.966439318678
1.18124101878   0.951965168729   0.0   0.983219659339
1.17708033959   0.983988389576   0.0   0.994406553113
1.175   1.0   0.0   1.0
1.17124902256   0.784978392195   0.0   0.887114071916
1.17781160402   0.802896859512   0.0   0.896521232589
1.19093676692   0.838733794146   0.0   0.915335553937
1.21062451128   0.892489196098   0.0   0.943557035958
1.23031225564   0.946244598049   0.0   0.971778517979
1.24343741855   0.982081532683   0.0   0.990592839326
1.25   1.0   0.0   1.0
1.16816212665   0.771249022563   0.0   0.859655332652
1.18123194943   0.790311604016   0.0   0.871350721598
1.20737159499   0.828436766922   0.0   0.894741499489
1.24658106333   0.885624511282   0.0   0.929827666326
1.28579053166   0.942812255641   0.0   0.964913833163
1.31193017722   0.980937418547   0.0   0.988304611054
1.325   1.0   0.0   1.0
1.19070338739   0.766672566019   0.0   0.850502419564
1.20814477177   0.786116518851   0.0   0.862960551267
1.24302754054   0.825004424514   0.0   0.887876814673
1.29535169369   0.88333628301   0.0   0.925251209782
1.34767584685   0.941668141505   0.0   0.962625604891
1.38255861562   0.980556047168   0.0   0.987541868297
1.4   1.0   0.0   1.0
1.23887280477   0.771249022563   0.0   0.859655332652
1.25855007104   0.790311604016   0.0   0.871350721598
1.29790460358   0.828436766922   0.0   0.894741499489
1.35693640239   0.885624511282   0.0   0.929827666326
1.41596820119   0.942812255641   0.0   0.964913833163
1.45532273373   0.980937418547   0.0   0.988304611054
1.475   1.0   0.0   1.0
1.31267037880   0.784978392195   0.0   0.887114071916
1.33244784723   0.802896859512   0.0   0.896521232589
1.3720027841   0.838733794146   0.0   0.915335553937
1.4313351894   0.892489196098   0.0   0.943557035958
1.4906675947   0.946244598049   0.0   0.971778517979
1.53022253157   0.982081532683   0.0   0.990592839326
1.55   1.0   0.0   1.0
1.41209610948   0.807860674915   0.0   0.932878637355
1.42983810035   0.823872285339   0.0   0.938472084242
1.46532208211   0.855895506186   0.0   0.949658978016
1.51854805474   0.903930337457   0.0   0.966439318678
1.57177402737   0.951965168729   0.0   0.983219659339
1.60725800912   0.983988389576   0.0   0.994406553113
1.625   1.0   0.0   1.0
1.49546536769   0.82921747212   0.0   0.975592231766
1.51042658705   0.843449349443   0.0   0.977626212452
1.54034902577   0.87191310409   0.0   0.981694173824
1.58523268384   0.91460873606   0.0   0.987796115883
1.63011634192   0.95730436803   0.0   0.993898057941
1.66003878064   0.985768122677   0.0   0.997966019314
1.675   1.0   0.0   1.0
1.54142135624   0.841421356237   0.0   1.0
1.55463624322   0.854636243218   0.0   1.0
1.58106601718   0.881066017178   0.0   1.0
1.62071067812   0.920710678119   0.0   1.0
1.66035533906   0.960355339059   0.0   1.0
1.68678511302   0.98678511302   0.0   1.0
1.7   1.0   0.0   1.0

 ------------------------------------------------------------------------------------------ 
Number of control points  - (u, v, t) - PATCH 14
------------------------------------------------------------------------------------------ 
11   7   0

 ------------------------------------------------------------------------------------------ 
Degree (u,v,t) - PATCH 14
------------------------------------------------------------------------------------------ 
3   3   0

 ------------------------------------------------------------------------------------------ 
KNOT VECTOR (u) - PATCH 14
------------------------------------------------------------------------------------------ 
0.0
0.0
0.0
0.0
0.125
0.25
0.375
0.5
0.625
0.75
0.875
1.0
1.0
1.0
1.0

 ------------------------------------------------------------------------------------------ 
KNOT VECTOR (v) - PATCH 14
------------------------------------------------------------------------------------------ 
0.0
0.0
0.0
0.0
0.25
0.5
0.75
1.0
1.0
1.0
1.0

 ------------------------------------------------------------------------------------------ 
NUMBER OF NEUMMAN BOUNDARY CONDITION - PATCH 14
------------------------------------------------------------------------------------------ 
0

 ------------------------------------------------------------------------------------------ 
POINT/CURVE INDEX    VALUES (X, Y) - PATCH 14
------------------------------------------------------------------------------------------ 

 ------------------------------------------------------------------------------------------ 
NUMBER OF DIRICHELET BOUNDARY CONDITION - PATCH 14
------------------------------------------------------------------------------------------ 
0

 ------------------------------------------------------------------------------------------ 
POINT/CURVE INDEX    (0-FREE, 1- DISPLACEMENT) VALUES (X, Y) - PATCH 14
------------------------------------------------------------------------------------------ 

------------------------------------------------------------------------------------------ 
NUMBER OF CONTROL POINTS - PATCH 15
------------------------------------------------------------------------------------------ 
55

 ------------------------------------------------------------------------------------------ 
INDEX MATERIAL - PATCH 15
------------------------------------------------------------------------------------------ 
0

 ------------------------------------------------------------------------------------------ 
THICKNESS  - PATCH 15
------------------------------------------------------------------------------------------ 
1.0

 ------------------------------------------------------------------------------------------ 
CONTROL POINTS COORDINATES AND WEIGHT (X,Y,Z,W)  - PATCH 15
------------------------------------------------------------------------------------------ 
1.7   0.4   0.0   1.0
1.7   0.425   0.0   1.0
1.7   0.475   0.0   1.0
1.7   0.55   0.0   1.0
1.7   0.625   0.0   1.0
1.7   0.7   0.0   1.0
1.7   0.775   0.0   1.0
1.7   0.85   0.0   1.0
1.7   0.925   0.0   1.0
1.7   0.975   0.0   1.0
1.7   1.0   0.0   1.0
1.75   0.4   0.0   1.0
1.75   0.425   0.0   1.0
1.75   0.475   0.0   1.0
1.75   0.55   0.0   1.0
1.75   0.625   0.0   1.0
1.75   0.7   0.0   1.0
1.75   0.775   0.0   1.0
1.75   0.85   0.0   1.0
1.75   0.925   0.0   1.0
1.75   0.975   0.0   1.0
1.75   1.0   0.0   1.0
1.85   0.4   0.0   1.0
1.85   0.425   0.0   1.0
1.85   0.475   0.0   1.0
1.85   0.55   0.0   1.0
1.85   0.625   0.0   1.0
1.85   0.7   0.0   1.0
1.85   0.775   0.0   1.0
1.85   0.85   0.0   1.0
1.85   0.925   0.0   1.0
1.85   0.975   0.0   1.0
1.85   1.0   0.0   1.0
1.95   0.4   0.0   1.0
1.95   0.425   0.0   1.0
1.95   0.475   0.0   1.0
1.95   0.55   0.0   1.0
1.95   0.625   0.0   1.0
1.95   0.7   0.0   1.0
1.95   0.775   0.0   1.0
1.95   0.85   0.0   1.0
1.95   0.925   0.0   1.0
1.95   0.975   0.0   1.0
1.95   1.0   0.0   1.0
2.0   0.4   0.0   1.0
2.0   0.425   0.0   1.0
2.0   0.475   0.0   1.0
2.0   0.55   0.0   1.0
2.0   0.625   0.0   1.0
2.0   0.7   0.0   1.0
2.0   0.775   0.0   1.0
2.0   0.85   0.0   1.0
2.0   0.925   0.0   1.0
2.0   0.975   0.0   1.0
2.0   1.0   0.0   1.0

 ------------------------------------------------------------------------------------------ 
Number of control points  - (u, v, t) - PATCH 15
------------------------------------------------------------------------------------------ 
5   11   0

 ------------------------------------------------------------------------------------------ 
Degree (u,v,t) - PATCH 15
------------------------------------------------------------------------------------------ 
3   3   0

 ------------------------------------------------------------------------------------------ 
KNOT VECTOR (u) - PATCH 15
------------------------------------------------------------------------------------------ 
0.0
0.0
0.0
0.0
0.5
1.0
1.0
1.0
1.0

 ------------------------------------------------------------------------------------------ 
KNOT VECTOR (v) - PATCH 15
------------------------------------------------------------------------------------------ 
0.0
0.0
0.0
0.0
0.125
0.25
0.375
0.5
0.625
0.75
0.875
1.0
1.0
1.0
1.0

 ------------------------------------------------------------------------------------------ 
NUMBER OF NEUMMAN BOUNDARY CONDITION - PATCH 15
------------------------------------------------------------------------------------------ 
1

 ------------------------------------------------------------------------------------------ 
POINT/CURVE INDEX    VALUES (X, Y) - PATCH 15
------------------------------------------------------------------------------------------ 
CURVE 1 10.0 0.0

 ------------------------------------------------------------------------------------------ 
NUMBER OF DIRICHELET BOUNDARY CONDITION - PATCH 15
------------------------------------------------------------------------------------------ 
0

 ------------------------------------------------------------------------------------------ 
POINT/CURVE INDEX    (0-FREE, 1- DISPLACEMENT) VALUES (X, Y) - PATCH 15
------------------------------------------------------------------------------------------ 
