------------------------------------------------------------------------------------------
NUMBER OF PATCHES        
------------------------------------------------------------------------------------------
1

------------------------------------------------------------------------------------------ 
NUMBER OF CONTROL POINTS - PATCH 0
------------------------------------------------------------------------------------------ 
208

 ------------------------------------------------------------------------------------------ 
INDEX MATERIAL - PATCH 0
------------------------------------------------------------------------------------------ 
0

 ------------------------------------------------------------------------------------------ 
THICKNESS  - PATCH 0
------------------------------------------------------------------------------------------ 
1.0

 ------------------------------------------------------------------------------------------ 
CONTROL POINTS COORDINATES AND WEIGHT (X,Y,Z,W)  - PATCH 0
------------------------------------------------------------------------------------------ 
0.0   0.0   0.0   1.0
0.0   0.00112820512821   0.0   1.0
0.0   0.00338461538462   0.0   1.0
0.0   0.00676923076923   0.0   1.0
0.0   0.0101538461538   0.0   1.0
0.0   0.0135384615385   0.0   1.0
0.0   0.0169230769231   0.0   1.0
0.0   0.0203076923077   0.0   1.0
0.0   0.0236923076923   0.0   1.0
0.0   0.0270769230769   0.0   1.0
0.0   0.0304615384615   0.0   1.0
0.0   0.0338461538462   0.0   1.0
0.0   0.0372307692308   0.0   1.0
0.0   0.0406153846154   0.0   1.0
0.0   0.0428717948718   0.0   1.0
0.0   0.044   0.0   1.0
0.00106666666667   0.0   0.0   1.0
0.00106666666667   0.00112820512821   0.0   1.0
0.00106666666667   0.00338461538462   0.0   1.0
0.00106666666667   0.00676923076923   0.0   1.0
0.00106666666667   0.0101538461538   0.0   1.0
0.00106666666667   0.0135384615385   0.0   1.0
0.00106666666667   0.0169230769231   0.0   1.0
0.00106666666667   0.0203076923077   0.0   1.0
0.00106666666667   0.0236923076923   0.0   1.0
0.00106666666667   0.0270769230769   0.0   1.0
0.00106666666667   0.0304615384615   0.0   1.0
0.00106666666667   0.0338461538462   0.0   1.0
0.00106666666667   0.0372307692308   0.0   1.0
0.00106666666667   0.0406153846154   0.0   1.0
0.00106666666667   0.0428717948718   0.0   1.0
0.00106666666667   0.044   0.0   1.0
0.0032   0.0   0.0   1.0
0.0032   0.00112820512821   0.0   1.0
0.0032   0.00338461538462   0.0   1.0
0.0032   0.00676923076923   0.0   1.0
0.0032   0.0101538461538   0.0   1.0
0.0032   0.0135384615385   0.0   1.0
0.0032   0.0169230769231   0.0   1.0
0.0032   0.0203076923077   0.0   1.0
0.0032   0.0236923076923   0.0   1.0
0.0032   0.0270769230769   0.0   1.0
0.0032   0.0304615384615   0.0   1.0
0.0032   0.0338461538462   0.0   1.0
0.0032   0.0372307692308   0.0   1.0
0.0032   0.0406153846154   0.0   1.0
0.0032   0.0428717948718   0.0   1.0
0.0032   0.044   0.0   1.0
0.0064   0.0   0.0   1.0
0.0064   0.00112820512821   0.0   1.0
0.0064   0.00338461538462   0.0   1.0
0.0064   0.00676923076923   0.0   1.0
0.0064   0.0101538461538   0.0   1.0
0.0064   0.0135384615385   0.0   1.0
0.0064   0.0169230769231   0.0   1.0
0.0064   0.0203076923077   0.0   1.0
0.0064   0.0236923076923   0.0   1.0
0.0064   0.0270769230769   0.0   1.0
0.0064   0.0304615384615   0.0   1.0
0.0064   0.0338461538462   0.0   1.0
0.0064   0.0372307692308   0.0   1.0
0.0064   0.0406153846154   0.0   1.0
0.0064   0.0428717948718   0.0   1.0
0.0064   0.044   0.0   1.0
0.0096   0.0   0.0   1.0
0.0096   0.00112820512821   0.0   1.0
0.0096   0.00338461538462   0.0   1.0
0.0096   0.00676923076923   0.0   1.0
0.0096   0.0101538461538   0.0   1.0
0.0096   0.0135384615385   0.0   1.0
0.0096   0.0169230769231   0.0   1.0
0.0096   0.0203076923077   0.0   1.0
0.0096   0.0236923076923   0.0   1.0
0.0096   0.0270769230769   0.0   1.0
0.0096   0.0304615384615   0.0   1.0
0.0096   0.0338461538462   0.0   1.0
0.0096   0.0372307692308   0.0   1.0
0.0096   0.0406153846154   0.0   1.0
0.0096   0.0428717948718   0.0   1.0
0.0096   0.044   0.0   1.0
0.0128   0.0   0.0   1.0
0.0128   0.00112820512821   0.0   1.0
0.0128   0.00338461538462   0.0   1.0
0.0128   0.00676923076923   0.0   1.0
0.0128   0.0101538461538   0.0   1.0
0.0128   0.0135384615385   0.0   1.0
0.0128   0.0169230769231   0.0   1.0
0.0128   0.0203076923077   0.0   1.0
0.0128   0.0236923076923   0.0   1.0
0.0128   0.0270769230769   0.0   1.0
0.0128   0.0304615384615   0.0   1.0
0.0128   0.0338461538462   0.0   1.0
0.0128   0.0372307692308   0.0   1.0
0.0128   0.0406153846154   0.0   1.0
0.0128   0.0428717948718   0.0   1.0
0.0128   0.044   0.0   1.0
0.016   0.0   0.0   1.0
0.016   0.00112820512821   0.0   1.0
0.016   0.00338461538462   0.0   1.0
0.016   0.00676923076923   0.0   1.0
0.016   0.0101538461538   0.0   1.0
0.016   0.0135384615385   0.0   1.0
0.016   0.0169230769231   0.0   1.0
0.016   0.0203076923077   0.0   1.0
0.016   0.0236923076923   0.0   1.0
0.016   0.0270769230769   0.0   1.0
0.016   0.0304615384615   0.0   1.0
0.016   0.0338461538462   0.0   1.0
0.016   0.0372307692308   0.0   1.0
0.016   0.0406153846154   0.0   1.0
0.016   0.0428717948718   0.0   1.0
0.016   0.044   0.0   1.0
0.0192   0.0   0.0   1.0
0.0192   0.00112820512821   0.0   1.0
0.0192   0.00338461538462   0.0   1.0
0.0192   0.00676923076923   0.0   1.0
0.0192   0.0101538461538   0.0   1.0
0.0192   0.0135384615385   0.0   1.0
0.0192   0.0169230769231   0.0   1.0
0.0192   0.0203076923077   0.0   1.0
0.0192   0.0236923076923   0.0   1.0
0.0192   0.0270769230769   0.0   1.0
0.0192   0.0304615384615   0.0   1.0
0.0192   0.0338461538462   0.0   1.0
0.0192   0.0372307692308   0.0   1.0
0.0192   0.0406153846154   0.0   1.0
0.0192   0.0428717948718   0.0   1.0
0.0192   0.044   0.0   1.0
0.0224   0.0   0.0   1.0
0.0224   0.00112820512821   0.0   1.0
0.0224   0.00338461538462   0.0   1.0
0.0224   0.00676923076923   0.0   1.0
0.0224   0.0101538461538   0.0   1.0
0.0224   0.0135384615385   0.0   1.0
0.0224   0.0169230769231   0.0   1.0
0.0224   0.0203076923077   0.0   1.0
0.0224   0.0236923076923   0.0   1.0
0.0224   0.0270769230769   0.0   1.0
0.0224   0.0304615384615   0.0   1.0
0.0224   0.0338461538462   0.0   1.0
0.0224   0.0372307692308   0.0   1.0
0.0224   0.0406153846154   0.0   1.0
0.0224   0.0428717948718   0.0   1.0
0.0224   0.044   0.0   1.0
0.0256   0.0   0.0   1.0
0.0256   0.00112820512821   0.0   1.0
0.0256   0.00338461538462   0.0   1.0
0.0256   0.00676923076923   0.0   1.0
0.0256   0.0101538461538   0.0   1.0
0.0256   0.0135384615385   0.0   1.0
0.0256   0.0169230769231   0.0   1.0
0.0256   0.0203076923077   0.0   1.0
0.0256   0.0236923076923   0.0   1.0
0.0256   0.0270769230769   0.0   1.0
0.0256   0.0304615384615   0.0   1.0
0.0256   0.0338461538462   0.0   1.0
0.0256   0.0372307692308   0.0   1.0
0.0256   0.0406153846154   0.0   1.0
0.0256   0.0428717948718   0.0   1.0
0.0256   0.044   0.0   1.0
0.0288   0.0   0.0   1.0
0.0288   0.00112820512821   0.0   1.0
0.0288   0.00338461538462   0.0   1.0
0.0288   0.00676923076923   0.0   1.0
0.0288   0.0101538461538   0.0   1.0
0.0288   0.0135384615385   0.0   1.0
0.0288   0.0169230769231   0.0   1.0
0.0288   0.0203076923077   0.0   1.0
0.0288   0.0236923076923   0.0   1.0
0.0288   0.0270769230769   0.0   1.0
0.0288   0.0304615384615   0.0   1.0
0.0288   0.0338461538462   0.0   1.0
0.0288   0.0372307692308   0.0   1.0
0.0288   0.0406153846154   0.0   1.0
0.0288   0.0428717948718   0.0   1.0
0.0288   0.044   0.0   1.0
0.0309333333333   0.0   0.0   1.0
0.0309333333333   0.00112820512821   0.0   1.0
0.0309333333333   0.00338461538462   0.0   1.0
0.0309333333333   0.00676923076923   0.0   1.0
0.0309333333333   0.0101538461538   0.0   1.0
0.0309333333333   0.0135384615385   0.0   1.0
0.0309333333333   0.0169230769231   0.0   1.0
0.0309333333333   0.0203076923077   0.0   1.0
0.0309333333333   0.0236923076923   0.0   1.0
0.0309333333333   0.0270769230769   0.0   1.0
0.0309333333333   0.0304615384615   0.0   1.0
0.0309333333333   0.0338461538462   0.0   1.0
0.0309333333333   0.0372307692308   0.0   1.0
0.0309333333333   0.0406153846154   0.0   1.0
0.0309333333333   0.0428717948718   0.0   1.0
0.0309333333333   0.044   0.0   1.0
0.032   0.0   0.0   1.0
0.032   0.00112820512821   0.0   1.0
0.032   0.00338461538462   0.0   1.0
0.032   0.00676923076923   0.0   1.0
0.032   0.0101538461538   0.0   1.0
0.032   0.0135384615385   0.0   1.0
0.032   0.0169230769231   0.0   1.0
0.032   0.0203076923077   0.0   1.0
0.032   0.0236923076923   0.0   1.0
0.032   0.0270769230769   0.0   1.0
0.032   0.0304615384615   0.0   1.0
0.032   0.0338461538462   0.0   1.0
0.032   0.0372307692308   0.0   1.0
0.032   0.0406153846154   0.0   1.0
0.032   0.0428717948718   0.0   1.0
0.032   0.044   0.0   1.0

 ------------------------------------------------------------------------------------------ 
Number of control points  - (u, v, t) - PATCH 0
------------------------------------------------------------------------------------------ 
13   16   0

 ------------------------------------------------------------------------------------------ 
Degree (u,v,t) - PATCH 0
------------------------------------------------------------------------------------------ 
3   3   0

 ------------------------------------------------------------------------------------------ 
KNOT VECTOR (u) - PATCH 0
------------------------------------------------------------------------------------------ 
0.0
0.0
0.0
0.0
0.1
0.2
0.3
0.4
0.5
0.6
0.7
0.8
0.9
1.0
1.0
1.0
1.0

 ------------------------------------------------------------------------------------------ 
KNOT VECTOR (v) - PATCH 0
------------------------------------------------------------------------------------------ 
0.0
0.0
0.0
0.0
0.0769230769231
0.153846153846
0.230769230769
0.307692307692
0.384615384615
0.461538461538
0.538461538462
0.615384615385
0.692307692308
0.769230769231
0.846153846154
0.923076923077
1.0
1.0
1.0
1.0

 ------------------------------------------------------------------------------------------ 
NUMBER OF NEUMMAN BOUNDARY CONDITION - PATCH 4
------------------------------------------------------------------------------------------ 
1

 ------------------------------------------------------------------------------------------ 
POINT/CURVE INDEX    VALUES (X, Y) - PATCH 4
------------------------------------------------------------------------------------------ 
CURVE 2 0.0 1.0

 ------------------------------------------------------------------------------------------ 
NUMBER OF DIRICHELET BOUNDARY CONDITION - PATCH 4
------------------------------------------------------------------------------------------ 
3

 ------------------------------------------------------------------------------------------ 
POINT/CURVE INDEX    (0-FREE, 1- DISPLACEMENT) VALUES (X, Y) - PATCH 4
------------------------------------------------------------------------------------------ 
CURVE 0 0 1 0.0 0.0
CURVE 1 1 0 0.0 0.0
CURVE 3 1 0 0.0 0.0
