------------------------------------------------------------------------------------------
NUMBER OF PATCHES        
------------------------------------------------------------------------------------------
2

------------------------------------------------------------------------------------------ 
NUMBER OF CONTROL POINTS - PATCH 0
------------------------------------------------------------------------------------------ 
99

 ------------------------------------------------------------------------------------------ 
INDEX MATERIAL - PATCH 0
------------------------------------------------------------------------------------------ 
0

 ------------------------------------------------------------------------------------------ 
THICKNESS  - PATCH 0
------------------------------------------------------------------------------------------ 
1.0

 ------------------------------------------------------------------------------------------ 
CONTROL POINTS COORDINATES AND WEIGHT (X,Y,Z,W)  - PATCH 0
------------------------------------------------------------------------------------------ 
0.0   0.0   0.0   1.0
0.0   1.42610405458   0.0   1.0
0.0   4.27831216375   0.0   1.0
0.0   8.5566243275   0.0   1.0
0.0   12.8349364913   0.0   1.0
0.0   17.113248655   0.0   1.0
0.0   21.3915608188   0.0   1.0
0.0   25.6698729825   0.0   1.0
0.0   29.9481851463   0.0   1.0
0.0   32.8003932554   0.0   1.0
0.0   34.22649731   0.0   1.0
1.11111111111   0.0   0.0   1.0
1.11111111111   1.45283323370   0.0   1.0
1.11111111111   4.35849970111   0.0   1.0
1.11111111111   8.71699940222   0.0   1.0
1.11111111111   13.0754991033   0.0   1.0
1.11111111111   17.4339988044   0.0   1.0
1.11111111111   21.7924985056   0.0   1.0
1.11111111111   26.1509982067   0.0   1.0
1.11111111111   30.5094979078   0.0   1.0
1.11111111111   33.4151643752   0.0   1.0
1.11111111111   34.8679976089   0.0   1.0
3.33333333333   0.0   0.0   1.0
3.33333333333   1.50629159194   0.0   1.0
3.33333333333   4.51887477583   0.0   1.0
3.33333333333   9.03774955167   0.0   1.0
3.33333333333   13.5566243275   0.0   1.0
3.33333333333   18.0754991033   0.0   1.0
3.33333333333   22.5943738792   0.0   1.0
3.33333333333   27.113248655   0.0   1.0
3.33333333333   31.6321234308   0.0   1.0
3.33333333333   34.6447066147   0.0   1.0
3.33333333333   36.1509982067   0.0   1.0
6.66666666667   0.0   0.0   1.0
6.66666666667   1.58647912931   0.0   1.0
6.66666666667   4.75943738792   0.0   1.0
6.66666666667   9.51887477583   0.0   1.0
6.66666666667   14.2783121638   0.0   1.0
6.66666666667   19.0377495517   0.0   1.0
6.66666666667   23.7971869396   0.0   1.0
6.66666666667   28.5566243275   0.0   1.0
6.66666666667   33.3160617154   0.0   1.0
6.66666666667   36.4890199740   0.0   1.0
6.66666666667   38.0754991033   0.0   1.0
10.0   0.0   0.0   1.0
10.0   1.66666666667   0.0   1.0
10.0   5.0   0.0   1.0
10.0   10.0   0.0   1.0
10.0   15.0   0.0   1.0
10.0   20.0   0.0   1.0
10.0   25.0   0.0   1.0
10.0   30.0   0.0   1.0
10.0   35.0   0.0   1.0
10.0   38.3333333333   0.0   1.0
10.0   40.0   0.0   1.0
13.3333333333   0.0   0.0   1.0
13.3333333333   1.74685420403   0.0   1.0
13.3333333333   5.24056261208   0.0   1.0
13.3333333333   10.4811252242   0.0   1.0
13.3333333333   15.7216878363   0.0   1.0
13.3333333333   20.9622504483   0.0   1.0
13.3333333333   26.2028130604   0.0   1.0
13.3333333333   31.4433756725   0.0   1.0
13.3333333333   36.6839382846   0.0   1.0
13.3333333333   40.1776466926   0.0   1.0
13.3333333333   41.9245008967   0.0   1.0
16.6666666667   0.0   0.0   1.0
16.6666666667   1.82704174139   0.0   1.0
16.6666666667   5.48112522417   0.0   1.0
16.6666666667   10.9622504483   0.0   1.0
16.6666666667   16.4433756725   0.0   1.0
16.6666666667   21.9245008967   0.0   1.0
16.6666666667   27.4056261208   0.0   1.0
16.6666666667   32.886751345   0.0   1.0
16.6666666667   38.3678765692   0.0   1.0
16.6666666667   42.0219600519   0.0   1.0
16.6666666667   43.8490017933   0.0   1.0
18.8888888889   0.0   0.0   1.0
18.8888888889   1.88050009963   0.0   1.0
18.8888888889   5.64150029889   0.0   1.0
18.8888888889   11.2830005978   0.0   1.0
18.8888888889   16.9245008967   0.0   1.0
18.8888888889   22.5660011956   0.0   1.0
18.8888888889   28.2075014944   0.0   1.0
18.8888888889   33.8490017933   0.0   1.0
18.8888888889   39.4905020922   0.0   1.0
18.8888888889   43.2515022915   0.0   1.0
18.8888888889   45.1320023911   0.0   1.0
20.0   0.0   0.0   1.0
20.0   1.90722927875   0.0   1.0
20.0   5.72168783625   0.0   1.0
20.0   11.4433756725   0.0   1.0
20.0   17.1650635088   0.0   1.0
20.0   22.886751345   0.0   1.0
20.0   28.6084391813   0.0   1.0
20.0   34.3301270175   0.0   1.0
20.0   40.0518148538   0.0   1.0
20.0   43.8662734113   0.0   1.0
20.0   45.77350269   0.0   1.0

 ------------------------------------------------------------------------------------------ 
Number of control points  - (u, v, t) - PATCH 0
------------------------------------------------------------------------------------------ 
9   11   0

 ------------------------------------------------------------------------------------------ 
Degree (u,v,t) - PATCH 0
------------------------------------------------------------------------------------------ 
3   3   0

 ------------------------------------------------------------------------------------------ 
KNOT VECTOR (u) - PATCH 0
------------------------------------------------------------------------------------------ 
0.0
0.0
0.0
0.0
0.166666666667
0.333333333333
0.5
0.666666666667
0.833333333333
1.0
1.0
1.0
1.0

 ------------------------------------------------------------------------------------------ 
KNOT VECTOR (v) - PATCH 0
------------------------------------------------------------------------------------------ 
0.0
0.0
0.0
0.0
0.125
0.25
0.375
0.5
0.625
0.75
0.875
1.0
1.0
1.0
1.0

 ------------------------------------------------------------------------------------------ 
NUMBER OF NEUMMAN BOUNDARY CONDITION - PATCH 0
------------------------------------------------------------------------------------------ 
0

 ------------------------------------------------------------------------------------------ 
POINT/CURVE INDEX    VALUES (X, Y) - PATCH 0
------------------------------------------------------------------------------------------ 

 ------------------------------------------------------------------------------------------ 
NUMBER OF DIRICHELET BOUNDARY CONDITION - PATCH 0
------------------------------------------------------------------------------------------ 
2

 ------------------------------------------------------------------------------------------ 
POINT/CURVE INDEX    (0-FREE, 1- DISPLACEMENT) VALUES (X, Y) - PATCH 0
------------------------------------------------------------------------------------------ 
CURVE 0 0 1 0.0 0.0
POINT 4 1 0 0.0 0.0

------------------------------------------------------------------------------------------ 
NUMBER OF CONTROL POINTS - PATCH 1
------------------------------------------------------------------------------------------ 
99

 ------------------------------------------------------------------------------------------ 
INDEX MATERIAL - PATCH 1
------------------------------------------------------------------------------------------ 
1

 ------------------------------------------------------------------------------------------ 
THICKNESS  - PATCH 1
------------------------------------------------------------------------------------------ 
1.0

 ------------------------------------------------------------------------------------------ 
CONTROL POINTS COORDINATES AND WEIGHT (X,Y,Z,W)  - PATCH 1
------------------------------------------------------------------------------------------ 
0.0   34.22649731   0.0   1.0
0.0   36.1337265888   0.0   1.0
0.0   39.9481851463   0.0   1.0
0.0   45.6698729825   0.0   1.0
0.0   51.3915608188   0.0   1.0
0.0   57.113248655   0.0   1.0
0.0   62.8349364912   0.0   1.0
0.0   68.5566243275   0.0   1.0
0.0   74.2783121638   0.0   1.0
0.0   78.0927707213   0.0   1.0
0.0   80.0   0.0   1.0
1.11111111111   34.8679976089   0.0   1.0
1.11111111111   36.7484977085   0.0   1.0
1.11111111111   40.5094979078   0.0   1.0
1.11111111111   46.1509982067   0.0   1.0
1.11111111111   51.7924985056   0.0   1.0
1.11111111111   57.4339988044   0.0   1.0
1.11111111111   63.0754991033   0.0   1.0
1.11111111111   68.7169994022   0.0   1.0
1.11111111111   74.3584997011   0.0   1.0
1.11111111111   78.1194999004   0.0   1.0
1.11111111111   80.0   0.0   1.0
3.33333333333   36.1509982067   0.0   1.0
3.33333333333   37.9780399481   0.0   1.0
3.33333333333   41.6321234308   0.0   1.0
3.33333333333   47.113248655   0.0   1.0
3.33333333333   52.5943738792   0.0   1.0
3.33333333333   58.0754991033   0.0   1.0
3.33333333333   63.5566243275   0.0   1.0
3.33333333333   69.0377495517   0.0   1.0
3.33333333333   74.5188747758   0.0   1.0
3.33333333333   78.1729582586   0.0   1.0
3.33333333333   80.0   0.0   1.0
6.66666666667   38.0754991033   0.0   1.0
6.66666666667   39.8223533074   0.0   1.0
6.66666666667   43.3160617154   0.0   1.0
6.66666666667   48.5566243275   0.0   1.0
6.66666666667   53.7971869396   0.0   1.0
6.66666666667   59.0377495517   0.0   1.0
6.66666666667   64.2783121637   0.0   1.0
6.66666666667   69.5188747758   0.0   1.0
6.66666666667   74.7594373879   0.0   1.0
6.66666666667   78.2531457960   0.0   1.0
6.66666666667   80.0   0.0   1.0
10.0   40.0   0.0   1.0
10.0   41.6666666667   0.0   1.0
10.0   45.0   0.0   1.0
10.0   50.0   0.0   1.0
10.0   55.0   0.0   1.0
10.0   60.0   0.0   1.0
10.0   65.0   0.0   1.0
10.0   70.0   0.0   1.0
10.0   75.0   0.0   1.0
10.0   78.3333333333   0.0   1.0
10.0   80.0   0.0   1.0
13.3333333333   41.9245008967   0.0   1.0
13.3333333333   43.5109800260   0.0   1.0
13.3333333333   46.6839382846   0.0   1.0
13.3333333333   51.4433756725   0.0   1.0
13.3333333333   56.2028130604   0.0   1.0
13.3333333333   60.9622504483   0.0   1.0
13.3333333333   65.7216878362   0.0   1.0
13.3333333333   70.4811252242   0.0   1.0
13.3333333333   75.2405626121   0.0   1.0
13.3333333333   78.4135208707   0.0   1.0
13.3333333333   80.0   0.0   1.0
16.6666666667   43.8490017933   0.0   1.0
16.6666666667   45.3552933853   0.0   1.0
16.6666666667   48.3678765692   0.0   1.0
16.6666666667   52.886751345   0.0   1.0
16.6666666667   57.4056261208   0.0   1.0
16.6666666667   61.9245008967   0.0   1.0
16.6666666667   66.4433756725   0.0   1.0
16.6666666667   70.9622504483   0.0   1.0
16.6666666667   75.4811252242   0.0   1.0
16.6666666667   78.4937084081   0.0   1.0
16.6666666667   80.0   0.0   1.0
18.8888888889   45.1320023911   0.0   1.0
18.8888888889   46.5848356248   0.0   1.0
18.8888888889   49.4905020922   0.0   1.0
18.8888888889   53.8490017933   0.0   1.0
18.8888888889   58.2075014944   0.0   1.0
18.8888888889   62.5660011956   0.0   1.0
18.8888888889   66.9245008967   0.0   1.0
18.8888888889   71.2830005978   0.0   1.0
18.8888888889   75.6415002989   0.0   1.0
18.8888888889   78.5471667663   0.0   1.0
18.8888888889   80.0   0.0   1.0
20.0   45.77350269   0.0   1.0
20.0   47.1996067446   0.0   1.0
20.0   50.0518148538   0.0   1.0
20.0   54.3301270175   0.0   1.0
20.0   58.6084391813   0.0   1.0
20.0   62.886751345   0.0   1.0
20.0   67.1650635087   0.0   1.0
20.0   71.4433756725   0.0   1.0
20.0   75.7216878363   0.0   1.0
20.0   78.5738959454   0.0   1.0
20.0   80.0   0.0   1.0

 ------------------------------------------------------------------------------------------ 
Number of control points  - (u, v, t) - PATCH 1
------------------------------------------------------------------------------------------ 
9   11   0

 ------------------------------------------------------------------------------------------ 
Degree (u,v,t) - PATCH 1
------------------------------------------------------------------------------------------ 
3   3   0

 ------------------------------------------------------------------------------------------ 
KNOT VECTOR (u) - PATCH 1
------------------------------------------------------------------------------------------ 
0.0
0.0
0.0
0.0
0.166666666667
0.333333333333
0.5
0.666666666667
0.833333333333
1.0
1.0
1.0
1.0

 ------------------------------------------------------------------------------------------ 
KNOT VECTOR (v) - PATCH 1
------------------------------------------------------------------------------------------ 
0.0
0.0
0.0
0.0
0.125
0.25
0.375
0.5
0.625
0.75
0.875
1.0
1.0
1.0
1.0

 ------------------------------------------------------------------------------------------ 
NUMBER OF NEUMMAN BOUNDARY CONDITION - PATCH 1
------------------------------------------------------------------------------------------ 
1

 ------------------------------------------------------------------------------------------ 
POINT/CURVE INDEX    VALUES (X, Y) - PATCH 1
------------------------------------------------------------------------------------------ 
CURVE 2 0.0 10.0

 ------------------------------------------------------------------------------------------ 
NUMBER OF DIRICHELET BOUNDARY CONDITION - PATCH 1
------------------------------------------------------------------------------------------ 
0

 ------------------------------------------------------------------------------------------ 
POINT/CURVE INDEX    (0-FREE, 1- DISPLACEMENT) VALUES (X, Y) - PATCH 1
------------------------------------------------------------------------------------------ 
