------------------------------------------------------------------------------------------
NUMBER OF PATCHES        
------------------------------------------------------------------------------------------
1

------------------------------------------------------------------------------------------ 
NUMBER OF CONTROL POINTS - PATCH 0
------------------------------------------------------------------------------------------ 
252

 ------------------------------------------------------------------------------------------ 
INDEX MATERIAL - PATCH 0
------------------------------------------------------------------------------------------ 
0

 ------------------------------------------------------------------------------------------ 
THICKNESS  - PATCH 0
------------------------------------------------------------------------------------------ 
1.0

 ------------------------------------------------------------------------------------------ 
CONTROL POINTS COORDINATES AND WEIGHT (X,Y,Z,W)  - PATCH 0
------------------------------------------------------------------------------------------ 
0.0   0.0   0.0   1.0
0.0   0.00111111111111   0.0   1.0
0.0   0.00333333333333   0.0   1.0
0.0   0.00666666666667   0.0   1.0
0.0   0.01   0.0   1.0
0.0   0.0133333333333   0.0   1.0
0.0   0.0166666666667   0.0   1.0
0.0   0.02   0.0   1.0
0.0   0.0233333333333   0.0   1.0
0.0   0.0266666666667   0.0   1.0
0.0   0.03   0.0   1.0
0.0   0.0333333333333   0.0   1.0
0.0   0.0366666666667   0.0   1.0
0.0   0.04   0.0   1.0
0.0   0.0433333333333   0.0   1.0
0.0   0.0466666666667   0.0   1.0
0.0   0.05   0.0   1.0
0.0   0.0533333333333   0.0   1.0
0.0   0.0566666666667   0.0   1.0
0.0   0.0588888888889   0.0   1.0
0.0   0.06   0.0   1.0
0.00111111111111   0.0   0.0   1.0
0.00111111111111   0.00111111111111   0.0   1.0
0.00111111111111   0.00333333333333   0.0   1.0
0.00111111111111   0.00666666666667   0.0   1.0
0.00111111111111   0.01   0.0   1.0
0.00111111111111   0.0133333333333   0.0   1.0
0.00111111111111   0.0166666666667   0.0   1.0
0.00111111111111   0.02   0.0   1.0
0.00111111111111   0.0233333333333   0.0   1.0
0.00111111111111   0.0266666666667   0.0   1.0
0.00111111111111   0.03   0.0   1.0
0.00111111111111   0.0333333333333   0.0   1.0
0.00111111111111   0.0366666666667   0.0   1.0
0.00111111111111   0.04   0.0   1.0
0.00111111111111   0.0433333333333   0.0   1.0
0.00111111111111   0.0466666666667   0.0   1.0
0.00111111111111   0.05   0.0   1.0
0.00111111111111   0.0533333333333   0.0   1.0
0.00111111111111   0.0566666666667   0.0   1.0
0.00111111111111   0.0588888888889   0.0   1.0
0.00111111111111   0.06   0.0   1.0
0.00333333333333   0.0   0.0   1.0
0.00333333333333   0.00111111111111   0.0   1.0
0.00333333333333   0.00333333333333   0.0   1.0
0.00333333333333   0.00666666666667   0.0   1.0
0.00333333333333   0.01   0.0   1.0
0.00333333333333   0.0133333333333   0.0   1.0
0.00333333333333   0.0166666666667   0.0   1.0
0.00333333333333   0.02   0.0   1.0
0.00333333333333   0.0233333333333   0.0   1.0
0.00333333333333   0.0266666666667   0.0   1.0
0.00333333333333   0.03   0.0   1.0
0.00333333333333   0.0333333333333   0.0   1.0
0.00333333333333   0.0366666666667   0.0   1.0
0.00333333333333   0.04   0.0   1.0
0.00333333333333   0.0433333333333   0.0   1.0
0.00333333333333   0.0466666666667   0.0   1.0
0.00333333333333   0.05   0.0   1.0
0.00333333333333   0.0533333333333   0.0   1.0
0.00333333333333   0.0566666666667   0.0   1.0
0.00333333333333   0.0588888888889   0.0   1.0
0.00333333333333   0.06   0.0   1.0
0.00666666666667   0.0   0.0   1.0
0.00666666666667   0.00111111111111   0.0   1.0
0.00666666666667   0.00333333333333   0.0   1.0
0.00666666666667   0.00666666666667   0.0   1.0
0.00666666666667   0.01   0.0   1.0
0.00666666666667   0.0133333333333   0.0   1.0
0.00666666666667   0.0166666666667   0.0   1.0
0.00666666666667   0.02   0.0   1.0
0.00666666666667   0.0233333333333   0.0   1.0
0.00666666666667   0.0266666666667   0.0   1.0
0.00666666666667   0.03   0.0   1.0
0.00666666666667   0.0333333333333   0.0   1.0
0.00666666666667   0.0366666666667   0.0   1.0
0.00666666666667   0.04   0.0   1.0
0.00666666666667   0.0433333333333   0.0   1.0
0.00666666666667   0.0466666666667   0.0   1.0
0.00666666666667   0.05   0.0   1.0
0.00666666666667   0.0533333333333   0.0   1.0
0.00666666666667   0.0566666666667   0.0   1.0
0.00666666666667   0.0588888888889   0.0   1.0
0.00666666666667   0.06   0.0   1.0
0.01   0.0   0.0   1.0
0.01   0.00111111111111   0.0   1.0
0.01   0.00333333333333   0.0   1.0
0.01   0.00666666666667   0.0   1.0
0.01   0.01   0.0   1.0
0.01   0.0133333333333   0.0   1.0
0.01   0.0166666666667   0.0   1.0
0.01   0.02   0.0   1.0
0.01   0.0233333333333   0.0   1.0
0.01   0.0266666666667   0.0   1.0
0.01   0.03   0.0   1.0
0.01   0.0333333333333   0.0   1.0
0.01   0.0366666666667   0.0   1.0
0.01   0.04   0.0   1.0
0.01   0.0433333333333   0.0   1.0
0.01   0.0466666666667   0.0   1.0
0.01   0.05   0.0   1.0
0.01   0.0533333333333   0.0   1.0
0.01   0.0566666666667   0.0   1.0
0.01   0.0588888888889   0.0   1.0
0.01   0.06   0.0   1.0
0.0133333333333   0.0   0.0   1.0
0.0133333333333   0.00111111111111   0.0   1.0
0.0133333333333   0.00333333333333   0.0   1.0
0.0133333333333   0.00666666666667   0.0   1.0
0.0133333333333   0.01   0.0   1.0
0.0133333333333   0.0133333333333   0.0   1.0
0.0133333333333   0.0166666666667   0.0   1.0
0.0133333333333   0.02   0.0   1.0
0.0133333333333   0.0233333333333   0.0   1.0
0.0133333333333   0.0266666666667   0.0   1.0
0.0133333333333   0.03   0.0   1.0
0.0133333333333   0.0333333333333   0.0   1.0
0.0133333333333   0.0366666666667   0.0   1.0
0.0133333333333   0.04   0.0   1.0
0.0133333333333   0.0433333333333   0.0   1.0
0.0133333333333   0.0466666666667   0.0   1.0
0.0133333333333   0.05   0.0   1.0
0.0133333333333   0.0533333333333   0.0   1.0
0.0133333333333   0.0566666666667   0.0   1.0
0.0133333333333   0.0588888888889   0.0   1.0
0.0133333333333   0.06   0.0   1.0
0.0166666666667   0.0   0.0   1.0
0.0166666666667   0.00111111111111   0.0   1.0
0.0166666666667   0.00333333333333   0.0   1.0
0.0166666666667   0.00666666666667   0.0   1.0
0.0166666666667   0.01   0.0   1.0
0.0166666666667   0.0133333333333   0.0   1.0
0.0166666666667   0.0166666666667   0.0   1.0
0.0166666666667   0.02   0.0   1.0
0.0166666666667   0.0233333333333   0.0   1.0
0.0166666666667   0.0266666666667   0.0   1.0
0.0166666666667   0.03   0.0   1.0
0.0166666666667   0.0333333333333   0.0   1.0
0.0166666666667   0.0366666666667   0.0   1.0
0.0166666666667   0.04   0.0   1.0
0.0166666666667   0.0433333333333   0.0   1.0
0.0166666666667   0.0466666666667   0.0   1.0
0.0166666666667   0.05   0.0   1.0
0.0166666666667   0.0533333333333   0.0   1.0
0.0166666666667   0.0566666666667   0.0   1.0
0.0166666666667   0.0588888888889   0.0   1.0
0.0166666666667   0.06   0.0   1.0
0.02   0.0   0.0   1.0
0.02   0.00111111111111   0.0   1.0
0.02   0.00333333333333   0.0   1.0
0.02   0.00666666666667   0.0   1.0
0.02   0.01   0.0   1.0
0.02   0.0133333333333   0.0   1.0
0.02   0.0166666666667   0.0   1.0
0.02   0.02   0.0   1.0
0.02   0.0233333333333   0.0   1.0
0.02   0.0266666666667   0.0   1.0
0.02   0.03   0.0   1.0
0.02   0.0333333333333   0.0   1.0
0.02   0.0366666666667   0.0   1.0
0.02   0.04   0.0   1.0
0.02   0.0433333333333   0.0   1.0
0.02   0.0466666666667   0.0   1.0
0.02   0.05   0.0   1.0
0.02   0.0533333333333   0.0   1.0
0.02   0.0566666666667   0.0   1.0
0.02   0.0588888888889   0.0   1.0
0.02   0.06   0.0   1.0
0.0233333333333   0.0   0.0   1.0
0.0233333333333   0.00111111111111   0.0   1.0
0.0233333333333   0.00333333333333   0.0   1.0
0.0233333333333   0.00666666666667   0.0   1.0
0.0233333333333   0.01   0.0   1.0
0.0233333333333   0.0133333333333   0.0   1.0
0.0233333333333   0.0166666666667   0.0   1.0
0.0233333333333   0.02   0.0   1.0
0.0233333333333   0.0233333333333   0.0   1.0
0.0233333333333   0.0266666666667   0.0   1.0
0.0233333333333   0.03   0.0   1.0
0.0233333333333   0.0333333333333   0.0   1.0
0.0233333333333   0.0366666666667   0.0   1.0
0.0233333333333   0.04   0.0   1.0
0.0233333333333   0.0433333333333   0.0   1.0
0.0233333333333   0.0466666666667   0.0   1.0
0.0233333333333   0.05   0.0   1.0
0.0233333333333   0.0533333333333   0.0   1.0
0.0233333333333   0.0566666666667   0.0   1.0
0.0233333333333   0.0588888888889   0.0   1.0
0.0233333333333   0.06   0.0   1.0
0.0266666666667   0.0   0.0   1.0
0.0266666666667   0.00111111111111   0.0   1.0
0.0266666666667   0.00333333333333   0.0   1.0
0.0266666666667   0.00666666666667   0.0   1.0
0.0266666666667   0.01   0.0   1.0
0.0266666666667   0.0133333333333   0.0   1.0
0.0266666666667   0.0166666666667   0.0   1.0
0.0266666666667   0.02   0.0   1.0
0.0266666666667   0.0233333333333   0.0   1.0
0.0266666666667   0.0266666666667   0.0   1.0
0.0266666666667   0.03   0.0   1.0
0.0266666666667   0.0333333333333   0.0   1.0
0.0266666666667   0.0366666666667   0.0   1.0
0.0266666666667   0.04   0.0   1.0
0.0266666666667   0.0433333333333   0.0   1.0
0.0266666666667   0.0466666666667   0.0   1.0
0.0266666666667   0.05   0.0   1.0
0.0266666666667   0.0533333333333   0.0   1.0
0.0266666666667   0.0566666666667   0.0   1.0
0.0266666666667   0.0588888888889   0.0   1.0
0.0266666666667   0.06   0.0   1.0
0.0288888888889   0.0   0.0   1.0
0.0288888888889   0.00111111111111   0.0   1.0
0.0288888888889   0.00333333333333   0.0   1.0
0.0288888888889   0.00666666666667   0.0   1.0
0.0288888888889   0.01   0.0   1.0
0.0288888888889   0.0133333333333   0.0   1.0
0.0288888888889   0.0166666666667   0.0   1.0
0.0288888888889   0.02   0.0   1.0
0.0288888888889   0.0233333333333   0.0   1.0
0.0288888888889   0.0266666666667   0.0   1.0
0.0288888888889   0.03   0.0   1.0
0.0288888888889   0.0333333333333   0.0   1.0
0.0288888888889   0.0366666666667   0.0   1.0
0.0288888888889   0.04   0.0   1.0
0.0288888888889   0.0433333333333   0.0   1.0
0.0288888888889   0.0466666666667   0.0   1.0
0.0288888888889   0.05   0.0   1.0
0.0288888888889   0.0533333333333   0.0   1.0
0.0288888888889   0.0566666666667   0.0   1.0
0.0288888888889   0.0588888888889   0.0   1.0
0.0288888888889   0.06   0.0   1.0
0.03   0.0   0.0   1.0
0.03   0.00111111111111   0.0   1.0
0.03   0.00333333333333   0.0   1.0
0.03   0.00666666666667   0.0   1.0
0.03   0.01   0.0   1.0
0.03   0.0133333333333   0.0   1.0
0.03   0.0166666666667   0.0   1.0
0.03   0.02   0.0   1.0
0.03   0.0233333333333   0.0   1.0
0.03   0.0266666666667   0.0   1.0
0.03   0.03   0.0   1.0
0.03   0.0333333333333   0.0   1.0
0.03   0.0366666666667   0.0   1.0
0.03   0.04   0.0   1.0
0.03   0.0433333333333   0.0   1.0
0.03   0.0466666666667   0.0   1.0
0.03   0.05   0.0   1.0
0.03   0.0533333333333   0.0   1.0
0.03   0.0566666666667   0.0   1.0
0.03   0.0588888888889   0.0   1.0
0.03   0.06   0.0   1.0

 ------------------------------------------------------------------------------------------ 
Number of control points  - (u, v, t) - PATCH 0
------------------------------------------------------------------------------------------ 
12   21   0

 ------------------------------------------------------------------------------------------ 
Degree (u,v,t) - PATCH 0
------------------------------------------------------------------------------------------ 
3   3   0

 ------------------------------------------------------------------------------------------ 
KNOT VECTOR (u) - PATCH 0
------------------------------------------------------------------------------------------ 
0.0
0.0
0.0
0.0
0.111111111111
0.222222222222
0.333333333333
0.444444444444
0.555555555556
0.666666666667
0.777777777778
0.888888888889
1.0
1.0
1.0
1.0

 ------------------------------------------------------------------------------------------ 
KNOT VECTOR (v) - PATCH 0
------------------------------------------------------------------------------------------ 
0.0
0.0
0.0
0.0
0.0555555555556
0.111111111111
0.166666666667
0.222222222222
0.277777777778
0.333333333333
0.388888888889
0.444444444444
0.5
0.555555555556
0.611111111111
0.666666666667
0.722222222222
0.777777777778
0.833333333333
0.888888888889
0.944444444444
1.0
1.0
1.0
1.0

------------------------------------------------------------------------------------------- 
NUMBER OF NEUMMAN BOUNDARY CONDITION - PATCH 0
------------------------------------------------------------------------------------------ 
2

 ------------------------------------------------------------------------------------------ 
POINT/CURVE INDEX    VALUES (X, Y) - PATCH 0
------------------------------------------------------------------------------------------ 
CURVE 0 0.0 -1.0
CURVE 2 0.0 1.0

------------------------------------------------------------------------------------------- 
NUMBER OF DIRICHELET BOUNDARY CONDITION - PATCH 0
------------------------------------------------------------------------------------------ 
0

 ------------------------------------------------------------------------------------------ 
POINT/CURVE INDEX    (0-FREE, 1- DISPLACEMENT) VALUES (X, Y) - PATCH 0
------------------------------------------------------------------------------------------ 
