------------------------------------------------------------------------------------------
NUMBER OF PATCHES        
------------------------------------------------------------------------------------------
1

------------------------------------------------------------------------------------------ 
NUMBER OF CONTROL POINTS - PATCH 0
------------------------------------------------------------------------------------------ 
165

 ------------------------------------------------------------------------------------------ 
INDEX MATERIAL - PATCH 0
------------------------------------------------------------------------------------------ 
0

 ------------------------------------------------------------------------------------------ 
THICKNESS  - PATCH 0
------------------------------------------------------------------------------------------ 
1.0

 ------------------------------------------------------------------------------------------ 
CONTROL POINTS COORDINATES AND WEIGHT (X,Y,Z,W)  - PATCH 0
------------------------------------------------------------------------------------------ 
0.0   0.0   0.0   1.0
0.0   0.00833333333333   0.0   1.0
0.0   0.025   0.0   1.0
0.0   0.05   0.0   1.0
0.0   0.075   0.0   1.0
0.0   0.1   0.0   1.0
0.0   0.125   0.0   1.0
0.0   0.15   0.0   1.0
0.0   0.175   0.0   1.0
0.0   0.2   0.0   1.0
0.0   0.225   0.0   1.0
0.0   0.25   0.0   1.0
0.0   0.275   0.0   1.0
0.0   0.291666666667   0.0   1.0
0.0   0.3   0.0   1.0
0.00833333333333   0.0   0.0   1.0
0.00833333333333   0.00833333333333   0.0   1.0
0.00833333333333   0.025   0.0   1.0
0.00833333333333   0.05   0.0   1.0
0.00833333333333   0.075   0.0   1.0
0.00833333333333   0.1   0.0   1.0
0.00833333333333   0.125   0.0   1.0
0.00833333333333   0.15   0.0   1.0
0.00833333333333   0.175   0.0   1.0
0.00833333333333   0.2   0.0   1.0
0.00833333333333   0.225   0.0   1.0
0.00833333333333   0.25   0.0   1.0
0.00833333333333   0.275   0.0   1.0
0.00833333333333   0.291666666667   0.0   1.0
0.00833333333333   0.3   0.0   1.0
0.025   0.0   0.0   1.0
0.025   0.00833333333333   0.0   1.0
0.025   0.025   0.0   1.0
0.025   0.05   0.0   1.0
0.025   0.075   0.0   1.0
0.025   0.1   0.0   1.0
0.025   0.125   0.0   1.0
0.025   0.15   0.0   1.0
0.025   0.175   0.0   1.0
0.025   0.2   0.0   1.0
0.025   0.225   0.0   1.0
0.025   0.25   0.0   1.0
0.025   0.275   0.0   1.0
0.025   0.291666666667   0.0   1.0
0.025   0.3   0.0   1.0
0.05   0.0   0.0   1.0
0.05   0.00833333333333   0.0   1.0
0.05   0.025   0.0   1.0
0.05   0.05   0.0   1.0
0.05   0.075   0.0   1.0
0.05   0.1   0.0   1.0
0.05   0.125   0.0   1.0
0.05   0.15   0.0   1.0
0.05   0.175   0.0   1.0
0.05   0.2   0.0   1.0
0.05   0.225   0.0   1.0
0.05   0.25   0.0   1.0
0.05   0.275   0.0   1.0
0.05   0.291666666667   0.0   1.0
0.05   0.3   0.0   1.0
0.075   0.0   0.0   1.0
0.075   0.00833333333333   0.0   1.0
0.075   0.025   0.0   1.0
0.075   0.05   0.0   1.0
0.075   0.075   0.0   1.0
0.075   0.1   0.0   1.0
0.075   0.125   0.0   1.0
0.075   0.15   0.0   1.0
0.075   0.175   0.0   1.0
0.075   0.2   0.0   1.0
0.075   0.225   0.0   1.0
0.075   0.25   0.0   1.0
0.075   0.275   0.0   1.0
0.075   0.291666666667   0.0   1.0
0.075   0.3   0.0   1.0
0.1   0.0   0.0   1.0
0.1   0.00833333333333   0.0   1.0
0.1   0.025   0.0   1.0
0.1   0.05   0.0   1.0
0.1   0.075   0.0   1.0
0.1   0.1   0.0   1.0
0.1   0.125   0.0   1.0
0.1   0.15   0.0   1.0
0.1   0.175   0.0   1.0
0.1   0.2   0.0   1.0
0.1   0.225   0.0   1.0
0.1   0.25   0.0   1.0
0.1   0.275   0.0   1.0
0.1   0.291666666667   0.0   1.0
0.1   0.3   0.0   1.0
0.125   0.0   0.0   1.0
0.125   0.00833333333333   0.0   1.0
0.125   0.025   0.0   1.0
0.125   0.05   0.0   1.0
0.125   0.075   0.0   1.0
0.125   0.1   0.0   1.0
0.125   0.125   0.0   1.0
0.125   0.15   0.0   1.0
0.125   0.175   0.0   1.0
0.125   0.2   0.0   1.0
0.125   0.225   0.0   1.0
0.125   0.25   0.0   1.0
0.125   0.275   0.0   1.0
0.125   0.291666666667   0.0   1.0
0.125   0.3   0.0   1.0
0.15   0.0   0.0   1.0
0.15   0.00833333333333   0.0   1.0
0.15   0.025   0.0   1.0
0.15   0.05   0.0   1.0
0.15   0.075   0.0   1.0
0.15   0.1   0.0   1.0
0.15   0.125   0.0   1.0
0.15   0.15   0.0   1.0
0.15   0.175   0.0   1.0
0.15   0.2   0.0   1.0
0.15   0.225   0.0   1.0
0.15   0.25   0.0   1.0
0.15   0.275   0.0   1.0
0.15   0.291666666667   0.0   1.0
0.15   0.3   0.0   1.0
0.175   0.0   0.0   1.0
0.175   0.00833333333333   0.0   1.0
0.175   0.025   0.0   1.0
0.175   0.05   0.0   1.0
0.175   0.075   0.0   1.0
0.175   0.1   0.0   1.0
0.175   0.125   0.0   1.0
0.175   0.15   0.0   1.0
0.175   0.175   0.0   1.0
0.175   0.2   0.0   1.0
0.175   0.225   0.0   1.0
0.175   0.25   0.0   1.0
0.175   0.275   0.0   1.0
0.175   0.291666666667   0.0   1.0
0.175   0.3   0.0   1.0
0.191666666667   0.0   0.0   1.0
0.191666666667   0.00833333333333   0.0   1.0
0.191666666667   0.025   0.0   1.0
0.191666666667   0.05   0.0   1.0
0.191666666667   0.075   0.0   1.0
0.191666666667   0.1   0.0   1.0
0.191666666667   0.125   0.0   1.0
0.191666666667   0.15   0.0   1.0
0.191666666667   0.175   0.0   1.0
0.191666666667   0.2   0.0   1.0
0.191666666667   0.225   0.0   1.0
0.191666666667   0.25   0.0   1.0
0.191666666667   0.275   0.0   1.0
0.191666666667   0.291666666667   0.0   1.0
0.191666666667   0.3   0.0   1.0
0.2   0.0   0.0   1.0
0.2   0.00833333333333   0.0   1.0
0.2   0.025   0.0   1.0
0.2   0.05   0.0   1.0
0.2   0.075   0.0   1.0
0.2   0.1   0.0   1.0
0.2   0.125   0.0   1.0
0.2   0.15   0.0   1.0
0.2   0.175   0.0   1.0
0.2   0.2   0.0   1.0
0.2   0.225   0.0   1.0
0.2   0.25   0.0   1.0
0.2   0.275   0.0   1.0
0.2   0.291666666667   0.0   1.0
0.2   0.3   0.0   1.0

 ------------------------------------------------------------------------------------------ 
Number of control points  - (u, v, t) - PATCH 0
------------------------------------------------------------------------------------------ 
11   15   0

 ------------------------------------------------------------------------------------------ 
Degree (u,v,t) - PATCH 0
------------------------------------------------------------------------------------------ 
3   3   0

 ------------------------------------------------------------------------------------------ 
KNOT VECTOR (u) - PATCH 0
------------------------------------------------------------------------------------------ 
0.0
0.0
0.0
0.0
0.125
0.25
0.375
0.5
0.625
0.75
0.875
1.0
1.0
1.0
1.0

 ------------------------------------------------------------------------------------------ 
KNOT VECTOR (v) - PATCH 0
------------------------------------------------------------------------------------------ 
0.0
0.0
0.0
0.0
0.0833333333333
0.166666666667
0.25
0.333333333333
0.416666666667
0.5
0.583333333333
0.666666666667
0.75
0.833333333333
0.916666666667
1.0
1.0
1.0
1.0

 ------------------------------------------------------------------------------------------ 
NUMBER OF NEUMMAN BOUNDARY CONDITION - PATCH 0
------------------------------------------------------------------------------------------ 
0

 ------------------------------------------------------------------------------------------ 
POINT/CURVE INDEX    VALUES (X, Y) - PATCH 0
------------------------------------------------------------------------------------------ 

 ------------------------------------------------------------------------------------------ 
NUMBER OF DIRICHELET BOUNDARY CONDITION - PATCH 0
------------------------------------------------------------------------------------------ 
0

 ------------------------------------------------------------------------------------------ 
POINT/CURVE INDEX    (0-FREE, 1- DISPLACEMENT) VALUES (X, Y) - PATCH 0
------------------------------------------------------------------------------------------ 
