------------------------------------------------------------------------------------------
NUMBER OF PATCHES        
------------------------------------------------------------------------------------------
2

------------------------------------------------------------------------------------------ 
NUMBER OF CONTROL POINTS - PATCH 1
------------------------------------------------------------------------------------------ 
285

 ------------------------------------------------------------------------------------------ 
INDEX MATERIAL - PATCH 1
------------------------------------------------------------------------------------------ 
1

 ------------------------------------------------------------------------------------------ 
THICKNESS  - PATCH 1
------------------------------------------------------------------------------------------ 
1.0

 ------------------------------------------------------------------------------------------ 
CONTROL POINTS COORDINATES AND WEIGHT (X,Y,Z,W)  - PATCH 1
------------------------------------------------------------------------------------------ 
0.0   0.0   0.0   1.0
0.0   0.713052027292   0.0   1.0
0.0   2.13915608188   0.0   1.0
0.0   4.27831216375   0.0   1.0
0.0   6.41746824563   0.0   1.0
0.0   8.5566243275   0.0   1.0
0.0   10.6957804094   0.0   1.0
0.0   12.8349364913   0.0   1.0
0.0   14.9740925731   0.0   1.0
0.0   17.113248655   0.0   1.0
0.0   19.2524047369   0.0   1.0
0.0   21.3915608188   0.0   1.0
0.0   23.5307169006   0.0   1.0
0.0   25.6698729825   0.0   1.0
0.0   27.8090290644   0.0   1.0
0.0   29.9481851463   0.0   1.0
0.0   32.0873412281   0.0   1.0
0.0   33.5134452827   0.0   1.0
0.0   34.22649731   0.0   1.0
0.555555555556   0.0   0.0   1.0
0.555555555556   0.719734322072   0.0   1.0
0.555555555556   2.15920296622   0.0   1.0
0.555555555556   4.31840593243   0.0   1.0
0.555555555556   6.47760889865   0.0   1.0
0.555555555556   8.63681186486   0.0   1.0
0.555555555556   10.7960148311   0.0   1.0
0.555555555556   12.9552177973   0.0   1.0
0.555555555556   15.1144207635   0.0   1.0
0.555555555556   17.2736237297   0.0   1.0
0.555555555556   19.4328266959   0.0   1.0
0.555555555556   21.5920296622   0.0   1.0
0.555555555556   23.7512326284   0.0   1.0
0.555555555556   25.9104355946   0.0   1.0
0.555555555556   28.0696385608   0.0   1.0
0.555555555556   30.2288415270   0.0   1.0
0.555555555556   32.3880444932   0.0   1.0
0.555555555556   33.8275131374   0.0   1.0
0.555555555556   34.5472474594   0.0   1.0
1.66666666667   0.0   0.0   1.0
1.66666666667   0.733098911632   0.0   1.0
1.66666666667   2.19929673490   0.0   1.0
1.66666666667   4.39859346979   0.0   1.0
1.66666666667   6.59789020469   0.0   1.0
1.66666666667   8.79718693958   0.0   1.0
1.66666666667   10.9964836745   0.0   1.0
1.66666666667   13.1957804094   0.0   1.0
1.66666666667   15.3950771443   0.0   1.0
1.66666666667   17.5943738792   0.0   1.0
1.66666666667   19.7936706141   0.0   1.0
1.66666666667   21.9929673490   0.0   1.0
1.66666666667   24.1922640839   0.0   1.0
1.66666666667   26.3915608188   0.0   1.0
1.66666666667   28.5908575536   0.0   1.0
1.66666666667   30.7901542885   0.0   1.0
1.66666666667   32.9894510234   0.0   1.0
1.66666666667   34.4556488467   0.0   1.0
1.66666666667   35.1887477583   0.0   1.0
3.33333333333   0.0   0.0   1.0
3.33333333333   0.753145795972   0.0   1.0
3.33333333333   2.25943738792   0.0   1.0
3.33333333333   4.51887477583   0.0   1.0
3.33333333333   6.77831216375   0.0   1.0
3.33333333333   9.03774955167   0.0   1.0
3.33333333333   11.2971869396   0.0   1.0
3.33333333333   13.5566243275   0.0   1.0
3.33333333333   15.8160617154   0.0   1.0
3.33333333333   18.0754991033   0.0   1.0
3.33333333333   20.3349364913   0.0   1.0
3.33333333333   22.5943738792   0.0   1.0
3.33333333333   24.8538112671   0.0   1.0
3.33333333333   27.113248655   0.0   1.0
3.33333333333   29.3726860429   0.0   1.0
3.33333333333   31.6321234308   0.0   1.0
3.33333333333   33.8915608188   0.0   1.0
3.33333333333   35.3978524107   0.0   1.0
3.33333333333   36.1509982067   0.0   1.0
5.0   0.0   0.0   1.0
5.0   0.773192680313   0.0   1.0
5.0   2.31957804094   0.0   1.0
5.0   4.63915608188   0.0   1.0
5.0   6.95873412281   0.0   1.0
5.0   9.27831216375   0.0   1.0
5.0   11.5978902047   0.0   1.0
5.0   13.9174682456   0.0   1.0
5.0   16.2370462866   0.0   1.0
5.0   18.5566243275   0.0   1.0
5.0   20.8762023684   0.0   1.0
5.0   23.1957804094   0.0   1.0
5.0   25.5153584503   0.0   1.0
5.0   27.8349364913   0.0   1.0
5.0   30.1545145322   0.0   1.0
5.0   32.4740925731   0.0   1.0
5.0   34.7936706141   0.0   1.0
5.0   36.3400559747   0.0   1.0
5.0   37.113248655   0.0   1.0
6.66666666667   0.0   0.0   1.0
6.66666666667   0.793239564653   0.0   1.0
6.66666666667   2.37971869396   0.0   1.0
6.66666666667   4.75943738792   0.0   1.0
6.66666666667   7.13915608188   0.0   1.0
6.66666666667   9.51887477583   0.0   1.0
6.66666666667   11.8985934698   0.0   1.0
6.66666666667   14.2783121638   0.0   1.0
6.66666666667   16.6580308577   0.0   1.0
6.66666666667   19.0377495517   0.0   1.0
6.66666666667   21.4174682456   0.0   1.0
6.66666666667   23.7971869396   0.0   1.0
6.66666666667   26.1769056335   0.0   1.0
6.66666666667   28.5566243275   0.0   1.0
6.66666666667   30.9363430215   0.0   1.0
6.66666666667   33.3160617154   0.0   1.0
6.66666666667   35.6957804094   0.0   1.0
6.66666666667   37.2822595387   0.0   1.0
6.66666666667   38.0754991033   0.0   1.0
8.33333333333   0.0   0.0   1.0
8.33333333333   0.813286448993   0.0   1.0
8.33333333333   2.43985934698   0.0   1.0
8.33333333333   4.87971869396   0.0   1.0
8.33333333333   7.31957804094   0.0   1.0
8.33333333333   9.75943738792   0.0   1.0
8.33333333333   12.1992967349   0.0   1.0
8.33333333333   14.6391560819   0.0   1.0
8.33333333333   17.0790154289   0.0   1.0
8.33333333333   19.5188747758   0.0   1.0
8.33333333333   21.9587341228   0.0   1.0
8.33333333333   24.3985934698   0.0   1.0
8.33333333333   26.8384528168   0.0   1.0
8.33333333333   29.2783121638   0.0   1.0
8.33333333333   31.7181715107   0.0   1.0
8.33333333333   34.1580308577   0.0   1.0
8.33333333333   36.5978902047   0.0   1.0
8.33333333333   38.2244631027   0.0   1.0
8.33333333333   39.0377495517   0.0   1.0
10.0   0.0   0.0   1.0
10.0   0.833333333333   0.0   1.0
10.0   2.5   0.0   1.0
10.0   5.0   0.0   1.0
10.0   7.5   0.0   1.0
10.0   10.0   0.0   1.0
10.0   12.5   0.0   1.0
10.0   15.0   0.0   1.0
10.0   17.5   0.0   1.0
10.0   20.0   0.0   1.0
10.0   22.5   0.0   1.0
10.0   25.0   0.0   1.0
10.0   27.5   0.0   1.0
10.0   30.0   0.0   1.0
10.0   32.5   0.0   1.0
10.0   35.0   0.0   1.0
10.0   37.5   0.0   1.0
10.0   39.1666666667   0.0   1.0
10.0   40.0   0.0   1.0
11.6666666667   0.0   0.0   1.0
11.6666666667   0.853380217674   0.0   1.0
11.6666666667   2.56014065302   0.0   1.0
11.6666666667   5.12028130604   0.0   1.0
11.6666666667   7.68042195906   0.0   1.0
11.6666666667   10.2405626121   0.0   1.0
11.6666666667   12.8007032651   0.0   1.0
11.6666666667   15.3608439181   0.0   1.0
11.6666666667   17.9209845711   0.0   1.0
11.6666666667   20.4811252242   0.0   1.0
11.6666666667   23.0412658772   0.0   1.0
11.6666666667   25.6014065302   0.0   1.0
11.6666666667   28.1615471832   0.0   1.0
11.6666666667   30.7216878363   0.0   1.0
11.6666666667   33.2818284893   0.0   1.0
11.6666666667   35.8419691423   0.0   1.0
11.6666666667   38.4021097953   0.0   1.0
11.6666666667   40.1088702307   0.0   1.0
11.6666666667   40.9622504483   0.0   1.0
13.3333333333   0.0   0.0   1.0
13.3333333333   0.873427102014   0.0   1.0
13.3333333333   2.62028130604   0.0   1.0
13.3333333333   5.24056261208   0.0   1.0
13.3333333333   7.86084391813   0.0   1.0
13.3333333333   10.4811252242   0.0   1.0
13.3333333333   13.1014065302   0.0   1.0
13.3333333333   15.7216878363   0.0   1.0
13.3333333333   18.3419691423   0.0   1.0
13.3333333333   20.9622504483   0.0   1.0
13.3333333333   23.5825317544   0.0   1.0
13.3333333333   26.2028130604   0.0   1.0
13.3333333333   28.8230943665   0.0   1.0
13.3333333333   31.4433756725   0.0   1.0
13.3333333333   34.0636569785   0.0   1.0
13.3333333333   36.6839382846   0.0   1.0
13.3333333333   39.3042195906   0.0   1.0
13.3333333333   41.0510737947   0.0   1.0
13.3333333333   41.9245008967   0.0   1.0
15.0   0.0   0.0   1.0
15.0   0.893473986354   0.0   1.0
15.0   2.68042195906   0.0   1.0
15.0   5.36084391813   0.0   1.0
15.0   8.04126587719   0.0   1.0
15.0   10.7216878363   0.0   1.0
15.0   13.4021097953   0.0   1.0
15.0   16.0825317544   0.0   1.0
15.0   18.7629537134   0.0   1.0
15.0   21.4433756725   0.0   1.0
15.0   24.1237976316   0.0   1.0
15.0   26.8042195906   0.0   1.0
15.0   29.4846415497   0.0   1.0
15.0   32.1650635088   0.0   1.0
15.0   34.8454854678   0.0   1.0
15.0   37.5259074269   0.0   1.0
15.0   40.2063293859   0.0   1.0
15.0   41.9932773586   0.0   1.0
15.0   42.886751345   0.0   1.0
16.6666666667   0.0   0.0   1.0
16.6666666667   0.913520870694   0.0   1.0
16.6666666667   2.74056261208   0.0   1.0
16.6666666667   5.48112522417   0.0   1.0
16.6666666667   8.22168783625   0.0   1.0
16.6666666667   10.9622504483   0.0   1.0
16.6666666667   13.7028130604   0.0   1.0
16.6666666667   16.4433756725   0.0   1.0
16.6666666667   19.1839382846   0.0   1.0
16.6666666667   21.9245008967   0.0   1.0
16.6666666667   24.6650635088   0.0   1.0
16.6666666667   27.4056261208   0.0   1.0
16.6666666667   30.1461887329   0.0   1.0
16.6666666667   32.886751345   0.0   1.0
16.6666666667   35.6273139571   0.0   1.0
16.6666666667   38.3678765692   0.0   1.0
16.6666666667   41.1084391813   0.0   1.0
16.6666666667   42.9354809226   0.0   1.0
16.6666666667   43.8490017933   0.0   1.0
18.3333333333   0.0   0.0   1.0
18.3333333333   0.933567755035   0.0   1.0
18.3333333333   2.80070326510   0.0   1.0
18.3333333333   5.60140653021   0.0   1.0
18.3333333333   8.40210979531   0.0   1.0
18.3333333333   11.2028130604   0.0   1.0
18.3333333333   14.0035163255   0.0   1.0
18.3333333333   16.8042195906   0.0   1.0
18.3333333333   19.6049228557   0.0   1.0
18.3333333333   22.4056261208   0.0   1.0
18.3333333333   25.2063293859   0.0   1.0
18.3333333333   28.0070326510   0.0   1.0
18.3333333333   30.8077359161   0.0   1.0
18.3333333333   33.6084391813   0.0   1.0
18.3333333333   36.4091424464   0.0   1.0
18.3333333333   39.2098457115   0.0   1.0
18.3333333333   42.0105489766   0.0   1.0
18.3333333333   43.8776844866   0.0   1.0
18.3333333333   44.8112522417   0.0   1.0
19.4444444444   0.0   0.0   1.0
19.4444444444   0.946932344595   0.0   1.0
19.4444444444   2.84079703378   0.0   1.0
19.4444444444   5.68159406757   0.0   1.0
19.4444444444   8.52239110135   0.0   1.0
19.4444444444   11.3631881351   0.0   1.0
19.4444444444   14.2039851689   0.0   1.0
19.4444444444   17.0447822027   0.0   1.0
19.4444444444   19.8855792365   0.0   1.0
19.4444444444   22.7263762703   0.0   1.0
19.4444444444   25.5671733041   0.0   1.0
19.4444444444   28.4079703378   0.0   1.0
19.4444444444   31.2487673716   0.0   1.0
19.4444444444   34.0895644054   0.0   1.0
19.4444444444   36.9303614392   0.0   1.0
19.4444444444   39.7711584730   0.0   1.0
19.4444444444   42.6119555068   0.0   1.0
19.4444444444   44.5058201960   0.0   1.0
19.4444444444   45.4527525406   0.0   1.0
20.0   0.0   0.0   1.0
20.0   0.953614639375   0.0   1.0
20.0   2.86084391813   0.0   1.0
20.0   5.72168783625   0.0   1.0
20.0   8.58253175438   0.0   1.0
20.0   11.4433756725   0.0   1.0
20.0   14.3042195906   0.0   1.0
20.0   17.1650635088   0.0   1.0
20.0   20.0259074269   0.0   1.0
20.0   22.886751345   0.0   1.0
20.0   25.7475952631   0.0   1.0
20.0   28.6084391813   0.0   1.0
20.0   31.4692830994   0.0   1.0
20.0   34.3301270175   0.0   1.0
20.0   37.1909709356   0.0   1.0
20.0   40.0518148538   0.0   1.0
20.0   42.9126587719   0.0   1.0
20.0   44.8198880506   0.0   1.0
20.0   45.77350269   0.0   1.0

 ------------------------------------------------------------------------------------------ 
Number of control points  - (u, v, t) - PATCH 1
------------------------------------------------------------------------------------------ 
15   19   0

 ------------------------------------------------------------------------------------------ 
Degree (u,v,t) - PATCH 1
------------------------------------------------------------------------------------------ 
3   3   0

 ------------------------------------------------------------------------------------------ 
KNOT VECTOR (u) - PATCH 1
------------------------------------------------------------------------------------------ 
0.0
0.0
0.0
0.0
0.0833333333333
0.166666666667
0.25
0.333333333333
0.416666666667
0.5
0.583333333333
0.666666666667
0.75
0.833333333333
0.916666666667
1.0
1.0
1.0
1.0

 ------------------------------------------------------------------------------------------ 
KNOT VECTOR (v) - PATCH 1
------------------------------------------------------------------------------------------ 
0.0
0.0
0.0
0.0
0.0625
0.125
0.1875
0.25
0.3125
0.375
0.4375
0.5
0.5625
0.625
0.6875
0.75
0.8125
0.875
0.9375
1.0
1.0
1.0
1.0

 ------------------------------------------------------------------------------------------ 
NUMBER OF NEUMMAN BOUNDARY CONDITION - PATCH 1
------------------------------------------------------------------------------------------ 
0

 ------------------------------------------------------------------------------------------ 
POINT/CURVE INDEX    VALUES (X, Y) - PATCH 1
------------------------------------------------------------------------------------------ 

 ------------------------------------------------------------------------------------------ 
NUMBER OF DIRICHELET BOUNDARY CONDITION - PATCH 1
------------------------------------------------------------------------------------------ 
2

 ------------------------------------------------------------------------------------------ 
POINT/CURVE INDEX    (0-FREE, 1- DISPLACEMENT) VALUES (X, Y) - PATCH 1
------------------------------------------------------------------------------------------ 
CURVE 0 0 1 0.0 0.0
POINT 7 1 0 0.0 0.0

------------------------------------------------------------------------------------------ 
NUMBER OF CONTROL POINTS - PATCH 0
------------------------------------------------------------------------------------------ 
285

 ------------------------------------------------------------------------------------------ 
INDEX MATERIAL - PATCH 0
------------------------------------------------------------------------------------------ 
0

 ------------------------------------------------------------------------------------------ 
THICKNESS  - PATCH 0
------------------------------------------------------------------------------------------ 
1.0

 ------------------------------------------------------------------------------------------ 
CONTROL POINTS COORDINATES AND WEIGHT (X,Y,Z,W)  - PATCH 0
------------------------------------------------------------------------------------------ 
0.0   34.22649731   0.0   1.0
0.0   35.1801119494   0.0   1.0
0.0   37.0873412281   0.0   1.0
0.0   39.9481851463   0.0   1.0
0.0   42.8090290644   0.0   1.0
0.0   45.6698729825   0.0   1.0
0.0   48.5307169006   0.0   1.0
0.0   51.3915608188   0.0   1.0
0.0   54.2524047369   0.0   1.0
0.0   57.113248655   0.0   1.0
0.0   59.9740925731   0.0   1.0
0.0   62.8349364912   0.0   1.0
0.0   65.6957804094   0.0   1.0
0.0   68.5566243275   0.0   1.0
0.0   71.4174682456   0.0   1.0
0.0   74.2783121638   0.0   1.0
0.0   77.1391560819   0.0   1.0
0.0   79.0463853606   0.0   1.0
0.0   80.0   0.0   1.0
0.555555555556   34.5472474594   0.0   1.0
0.555555555556   35.4941798040   0.0   1.0
0.555555555556   37.3880444932   0.0   1.0
0.555555555556   40.2288415270   0.0   1.0
0.555555555556   43.0696385608   0.0   1.0
0.555555555556   45.9104355946   0.0   1.0
0.555555555556   48.7512326284   0.0   1.0
0.555555555556   51.5920296622   0.0   1.0
0.555555555556   54.4328266959   0.0   1.0
0.555555555556   57.2736237297   0.0   1.0
0.555555555556   60.1144207635   0.0   1.0
0.555555555556   62.9552177973   0.0   1.0
0.555555555556   65.7960148311   0.0   1.0
0.555555555556   68.6368118649   0.0   1.0
0.555555555556   71.4776088986   0.0   1.0
0.555555555556   74.3184059324   0.0   1.0
0.555555555556   77.1592029662   0.0   1.0
0.555555555556   79.0530676554   0.0   1.0
0.555555555556   80.0   0.0   1.0
1.66666666667   35.1887477583   0.0   1.0
1.66666666667   36.1223155134   0.0   1.0
1.66666666667   37.9894510234   0.0   1.0
1.66666666667   40.7901542885   0.0   1.0
1.66666666667   43.5908575536   0.0   1.0
1.66666666667   46.3915608187   0.0   1.0
1.66666666667   49.1922640839   0.0   1.0
1.66666666667   51.9929673490   0.0   1.0
1.66666666667   54.7936706141   0.0   1.0
1.66666666667   57.5943738792   0.0   1.0
1.66666666667   60.3950771443   0.0   1.0
1.66666666667   63.1957804094   0.0   1.0
1.66666666667   65.9964836745   0.0   1.0
1.66666666667   68.7971869396   0.0   1.0
1.66666666667   71.5978902047   0.0   1.0
1.66666666667   74.3985934698   0.0   1.0
1.66666666667   77.1992967349   0.0   1.0
1.66666666667   79.0664322450   0.0   1.0
1.66666666667   80.0   0.0   1.0
3.33333333333   36.1509982067   0.0   1.0
3.33333333333   37.0645190774   0.0   1.0
3.33333333333   38.8915608188   0.0   1.0
3.33333333333   41.6321234308   0.0   1.0
3.33333333333   44.3726860429   0.0   1.0
3.33333333333   47.113248655   0.0   1.0
3.33333333333   49.8538112671   0.0   1.0
3.33333333333   52.5943738792   0.0   1.0
3.33333333333   55.3349364913   0.0   1.0
3.33333333333   58.0754991033   0.0   1.0
3.33333333333   60.8160617154   0.0   1.0
3.33333333333   63.5566243275   0.0   1.0
3.33333333333   66.2971869396   0.0   1.0
3.33333333333   69.0377495517   0.0   1.0
3.33333333333   71.7783121637   0.0   1.0
3.33333333333   74.5188747758   0.0   1.0
3.33333333333   77.2594373879   0.0   1.0
3.33333333333   79.0864791293   0.0   1.0
3.33333333333   80.0   0.0   1.0
5.0   37.113248655   0.0   1.0
5.0   38.0067226414   0.0   1.0
5.0   39.7936706141   0.0   1.0
5.0   42.4740925731   0.0   1.0
5.0   45.1545145322   0.0   1.0
5.0   47.8349364913   0.0   1.0
5.0   50.5153584503   0.0   1.0
5.0   53.1957804094   0.0   1.0
5.0   55.8762023684   0.0   1.0
5.0   58.5566243275   0.0   1.0
5.0   61.2370462866   0.0   1.0
5.0   63.9174682456   0.0   1.0
5.0   66.5978902047   0.0   1.0
5.0   69.2783121638   0.0   1.0
5.0   71.9587341228   0.0   1.0
5.0   74.6391560819   0.0   1.0
5.0   77.3195780409   0.0   1.0
5.0   79.1065260136   0.0   1.0
5.0   80.0   0.0   1.0
6.66666666667   38.0754991033   0.0   1.0
6.66666666667   38.9489262053   0.0   1.0
6.66666666667   40.6957804094   0.0   1.0
6.66666666667   43.3160617154   0.0   1.0
6.66666666667   45.9363430215   0.0   1.0
6.66666666667   48.5566243275   0.0   1.0
6.66666666667   51.1769056335   0.0   1.0
6.66666666667   53.7971869396   0.0   1.0
6.66666666667   56.4174682456   0.0   1.0
6.66666666667   59.0377495517   0.0   1.0
6.66666666667   61.6580308577   0.0   1.0
6.66666666667   64.2783121638   0.0   1.0
6.66666666667   66.8985934698   0.0   1.0
6.66666666667   69.5188747758   0.0   1.0
6.66666666667   72.1391560819   0.0   1.0
6.66666666667   74.7594373879   0.0   1.0
6.66666666667   77.3797186940   0.0   1.0
6.66666666667   79.1265728980   0.0   1.0
6.66666666667   80.0   0.0   1.0
8.33333333333   39.0377495517   0.0   1.0
8.33333333333   39.8911297693   0.0   1.0
8.33333333333   41.5978902047   0.0   1.0
8.33333333333   44.1580308577   0.0   1.0
8.33333333333   46.7181715107   0.0   1.0
8.33333333333   49.2783121638   0.0   1.0
8.33333333333   51.8384528168   0.0   1.0
8.33333333333   54.3985934698   0.0   1.0
8.33333333333   56.9587341228   0.0   1.0
8.33333333333   59.5188747758   0.0   1.0
8.33333333333   62.0790154289   0.0   1.0
8.33333333333   64.6391560819   0.0   1.0
8.33333333333   67.1992967349   0.0   1.0
8.33333333333   69.7594373879   0.0   1.0
8.33333333333   72.3195780409   0.0   1.0
8.33333333333   74.8797186940   0.0   1.0
8.33333333333   77.4398593470   0.0   1.0
8.33333333333   79.1466197823   0.0   1.0
8.33333333333   80.0   0.0   1.0
10.0   40.0   0.0   1.0
10.0   40.8333333333   0.0   1.0
10.0   42.5   0.0   1.0
10.0   45.0   0.0   1.0
10.0   47.5   0.0   1.0
10.0   50.0   0.0   1.0
10.0   52.5   0.0   1.0
10.0   55.0   0.0   1.0
10.0   57.5   0.0   1.0
10.0   60.0   0.0   1.0
10.0   62.5   0.0   1.0
10.0   65.0   0.0   1.0
10.0   67.5   0.0   1.0
10.0   70.0   0.0   1.0
10.0   72.5   0.0   1.0
10.0   75.0   0.0   1.0
10.0   77.5   0.0   1.0
10.0   79.1666666667   0.0   1.0
10.0   80.0   0.0   1.0
11.6666666667   40.9622504483   0.0   1.0
11.6666666667   41.7755368973   0.0   1.0
11.6666666667   43.4021097953   0.0   1.0
11.6666666667   45.8419691423   0.0   1.0
11.6666666667   48.2818284893   0.0   1.0
11.6666666667   50.7216878363   0.0   1.0
11.6666666667   53.1615471832   0.0   1.0
11.6666666667   55.6014065302   0.0   1.0
11.6666666667   58.0412658772   0.0   1.0
11.6666666667   60.4811252242   0.0   1.0
11.6666666667   62.9209845711   0.0   1.0
11.6666666667   65.3608439181   0.0   1.0
11.6666666667   67.8007032651   0.0   1.0
11.6666666667   70.2405626121   0.0   1.0
11.6666666667   72.6804219591   0.0   1.0
11.6666666667   75.1202813060   0.0   1.0
11.6666666667   77.5601406530   0.0   1.0
11.6666666667   79.1867135510   0.0   1.0
11.6666666667   80.0   0.0   1.0
13.3333333333   41.9245008967   0.0   1.0
13.3333333333   42.7177404613   0.0   1.0
13.3333333333   44.3042195906   0.0   1.0
13.3333333333   46.6839382846   0.0   1.0
13.3333333333   49.0636569785   0.0   1.0
13.3333333333   51.4433756725   0.0   1.0
13.3333333333   53.8230943665   0.0   1.0
13.3333333333   56.2028130604   0.0   1.0
13.3333333333   58.5825317544   0.0   1.0
13.3333333333   60.9622504483   0.0   1.0
13.3333333333   63.3419691423   0.0   1.0
13.3333333333   65.7216878363   0.0   1.0
13.3333333333   68.1014065302   0.0   1.0
13.3333333333   70.4811252242   0.0   1.0
13.3333333333   72.8608439181   0.0   1.0
13.3333333333   75.2405626121   0.0   1.0
13.3333333333   77.6202813060   0.0   1.0
13.3333333333   79.2067604353   0.0   1.0
13.3333333333   80.0   0.0   1.0
15.0   42.886751345   0.0   1.0
15.0   43.6599440253   0.0   1.0
15.0   45.2063293859   0.0   1.0
15.0   47.5259074269   0.0   1.0
15.0   49.8454854678   0.0   1.0
15.0   52.1650635088   0.0   1.0
15.0   54.4846415497   0.0   1.0
15.0   56.8042195906   0.0   1.0
15.0   59.1237976316   0.0   1.0
15.0   61.4433756725   0.0   1.0
15.0   63.7629537134   0.0   1.0
15.0   66.0825317544   0.0   1.0
15.0   68.4021097953   0.0   1.0
15.0   70.7216878363   0.0   1.0
15.0   73.0412658772   0.0   1.0
15.0   75.3608439181   0.0   1.0
15.0   77.6804219591   0.0   1.0
15.0   79.2268073197   0.0   1.0
15.0   80.0   0.0   1.0
16.6666666667   43.8490017933   0.0   1.0
16.6666666667   44.6021475893   0.0   1.0
16.6666666667   46.1084391813   0.0   1.0
16.6666666667   48.3678765692   0.0   1.0
16.6666666667   50.6273139571   0.0   1.0
16.6666666667   52.886751345   0.0   1.0
16.6666666667   55.1461887329   0.0   1.0
16.6666666667   57.4056261208   0.0   1.0
16.6666666667   59.6650635088   0.0   1.0
16.6666666667   61.9245008967   0.0   1.0
16.6666666667   64.1839382846   0.0   1.0
16.6666666667   66.4433756725   0.0   1.0
16.6666666667   68.7028130604   0.0   1.0
16.6666666667   70.9622504483   0.0   1.0
16.6666666667   73.2216878363   0.0   1.0
16.6666666667   75.4811252242   0.0   1.0
16.6666666667   77.7405626121   0.0   1.0
16.6666666667   79.2468542040   0.0   1.0
16.6666666667   80.0   0.0   1.0
18.3333333333   44.8112522417   0.0   1.0
18.3333333333   45.5443511533   0.0   1.0
18.3333333333   47.0105489766   0.0   1.0
18.3333333333   49.2098457115   0.0   1.0
18.3333333333   51.4091424464   0.0   1.0
18.3333333333   53.6084391813   0.0   1.0
18.3333333333   55.8077359161   0.0   1.0
18.3333333333   58.0070326510   0.0   1.0
18.3333333333   60.2063293859   0.0   1.0
18.3333333333   62.4056261208   0.0   1.0
18.3333333333   64.6049228557   0.0   1.0
18.3333333333   66.8042195906   0.0   1.0
18.3333333333   69.0035163255   0.0   1.0
18.3333333333   71.2028130604   0.0   1.0
18.3333333333   73.4021097953   0.0   1.0
18.3333333333   75.6014065302   0.0   1.0
18.3333333333   77.8007032651   0.0   1.0
18.3333333333   79.2669010884   0.0   1.0
18.3333333333   80.0   0.0   1.0
19.4444444444   45.4527525406   0.0   1.0
19.4444444444   46.1724868626   0.0   1.0
19.4444444444   47.6119555068   0.0   1.0
19.4444444444   49.7711584730   0.0   1.0
19.4444444444   51.9303614392   0.0   1.0
19.4444444444   54.0895644054   0.0   1.0
19.4444444444   56.2487673716   0.0   1.0
19.4444444444   58.4079703378   0.0   1.0
19.4444444444   60.5671733041   0.0   1.0
19.4444444444   62.7263762703   0.0   1.0
19.4444444444   64.8855792365   0.0   1.0
19.4444444444   67.0447822027   0.0   1.0
19.4444444444   69.2039851689   0.0   1.0
19.4444444444   71.3631881351   0.0   1.0
19.4444444444   73.5223911014   0.0   1.0
19.4444444444   75.6815940676   0.0   1.0
19.4444444444   77.8407970338   0.0   1.0
19.4444444444   79.2802656779   0.0   1.0
19.4444444444   80.0   0.0   1.0
20.0   45.77350269   0.0   1.0
20.0   46.4865547173   0.0   1.0
20.0   47.9126587719   0.0   1.0
20.0   50.0518148538   0.0   1.0
20.0   52.1909709356   0.0   1.0
20.0   54.3301270175   0.0   1.0
20.0   56.4692830994   0.0   1.0
20.0   58.6084391813   0.0   1.0
20.0   60.7475952631   0.0   1.0
20.0   62.886751345   0.0   1.0
20.0   65.0259074269   0.0   1.0
20.0   67.1650635088   0.0   1.0
20.0   69.3042195906   0.0   1.0
20.0   71.4433756725   0.0   1.0
20.0   73.5825317544   0.0   1.0
20.0   75.7216878363   0.0   1.0
20.0   77.8608439181   0.0   1.0
20.0   79.2869479727   0.0   1.0
20.0   80.0   0.0   1.0

 ------------------------------------------------------------------------------------------ 
Number of control points  - (u, v, t) - PATCH 0
------------------------------------------------------------------------------------------ 
15   19   0

 ------------------------------------------------------------------------------------------ 
Degree (u,v,t) - PATCH 0
------------------------------------------------------------------------------------------ 
3   3   0

 ------------------------------------------------------------------------------------------ 
KNOT VECTOR (u) - PATCH 0
------------------------------------------------------------------------------------------ 
0.0
0.0
0.0
0.0
0.0833333333333
0.166666666667
0.25
0.333333333333
0.416666666667
0.5
0.583333333333
0.666666666667
0.75
0.833333333333
0.916666666667
1.0
1.0
1.0
1.0

 ------------------------------------------------------------------------------------------ 
KNOT VECTOR (v) - PATCH 0
------------------------------------------------------------------------------------------ 
0.0
0.0
0.0
0.0
0.0625
0.125
0.1875
0.25
0.3125
0.375
0.4375
0.5
0.5625
0.625
0.6875
0.75
0.8125
0.875
0.9375
1.0
1.0
1.0
1.0

 ------------------------------------------------------------------------------------------ 
NUMBER OF NEUMMAN BOUNDARY CONDITION - PATCH 0
------------------------------------------------------------------------------------------ 
1

 ------------------------------------------------------------------------------------------ 
POINT/CURVE INDEX    VALUES (X, Y) - PATCH 0
------------------------------------------------------------------------------------------ 
CURVE 2 0.0 10.0

 ------------------------------------------------------------------------------------------ 
NUMBER OF DIRICHELET BOUNDARY CONDITION - PATCH 0
------------------------------------------------------------------------------------------ 
0

 ------------------------------------------------------------------------------------------ 
POINT/CURVE INDEX    (0-FREE, 1- DISPLACEMENT) VALUES (X, Y) - PATCH 0
------------------------------------------------------------------------------------------ 
