------------------------------------------------------------------------------------------
NUMBER OF PATCHES        
------------------------------------------------------------------------------------------
2

------------------------------------------------------------------------------------------ 
NUMBER OF CONTROL POINTS - PATCH 0
------------------------------------------------------------------------------------------ 
285

 ------------------------------------------------------------------------------------------ 
INDEX MATERIAL - PATCH 0
------------------------------------------------------------------------------------------ 
0

 ------------------------------------------------------------------------------------------ 
THICKNESS  - PATCH 0
------------------------------------------------------------------------------------------ 
1.0

 ------------------------------------------------------------------------------------------ 
CONTROL POINTS COORDINATES AND WEIGHT (X,Y,Z,W)  - PATCH 0
------------------------------------------------------------------------------------------ 
0.0   0.03422649731   0.0   1.0
0.0   0.0351801119494   0.0   1.0
0.0   0.0370873412281   0.0   1.0
0.0   0.0399481851463   0.0   1.0
0.0   0.0428090290644   0.0   1.0
0.0   0.0456698729825   0.0   1.0
0.0   0.0485307169006   0.0   1.0
0.0   0.0513915608188   0.0   1.0
0.0   0.0542524047369   0.0   1.0
0.0   0.057113248655   0.0   1.0
0.0   0.0599740925731   0.0   1.0
0.0   0.0628349364912   0.0   1.0
0.0   0.0656957804094   0.0   1.0
0.0   0.0685566243275   0.0   1.0
0.0   0.0714174682456   0.0   1.0
0.0   0.0742783121638   0.0   1.0
0.0   0.0771391560819   0.0   1.0
0.0   0.0790463853606   0.0   1.0
0.0   0.08   0.0   1.0
0.000555555555556   0.0345472474594   0.0   1.0
0.000555555555556   0.035494179804   0.0   1.0
0.000555555555556   0.0373880444932   0.0   1.0
0.000555555555556   0.040228841527   0.0   1.0
0.000555555555556   0.0430696385608   0.0   1.0
0.000555555555556   0.0459104355946   0.0   1.0
0.000555555555556   0.0487512326284   0.0   1.0
0.000555555555556   0.0515920296622   0.0   1.0
0.000555555555556   0.0544328266959   0.0   1.0
0.000555555555556   0.0572736237297   0.0   1.0
0.000555555555556   0.0601144207635   0.0   1.0
0.000555555555556   0.0629552177973   0.0   1.0
0.000555555555556   0.0657960148311   0.0   1.0
0.000555555555556   0.0686368118649   0.0   1.0
0.000555555555556   0.0714776088986   0.0   1.0
0.000555555555556   0.0743184059324   0.0   1.0
0.000555555555556   0.0771592029662   0.0   1.0
0.000555555555556   0.0790530676554   0.0   1.0
0.000555555555556   0.08   0.0   1.0
0.00166666666667   0.0351887477583   0.0   1.0
0.00166666666667   0.0361223155134   0.0   1.0
0.00166666666667   0.0379894510234   0.0   1.0
0.00166666666667   0.0407901542885   0.0   1.0
0.00166666666667   0.0435908575536   0.0   1.0
0.00166666666667   0.0463915608187   0.0   1.0
0.00166666666667   0.0491922640839   0.0   1.0
0.00166666666667   0.051992967349   0.0   1.0
0.00166666666667   0.0547936706141   0.0   1.0
0.00166666666667   0.0575943738792   0.0   1.0
0.00166666666667   0.0603950771443   0.0   1.0
0.00166666666667   0.0631957804094   0.0   1.0
0.00166666666667   0.0659964836745   0.0   1.0
0.00166666666667   0.0687971869396   0.0   1.0
0.00166666666667   0.0715978902047   0.0   1.0
0.00166666666667   0.0743985934698   0.0   1.0
0.00166666666667   0.0771992967349   0.0   1.0
0.00166666666667   0.079066432245   0.0   1.0
0.00166666666667   0.08   0.0   1.0
0.00333333333333   0.0361509982067   0.0   1.0
0.00333333333333   0.0370645190774   0.0   1.0
0.00333333333333   0.0388915608188   0.0   1.0
0.00333333333333   0.0416321234308   0.0   1.0
0.00333333333333   0.0443726860429   0.0   1.0
0.00333333333333   0.047113248655   0.0   1.0
0.00333333333333   0.0498538112671   0.0   1.0
0.00333333333333   0.0525943738792   0.0   1.0
0.00333333333333   0.0553349364913   0.0   1.0
0.00333333333333   0.0580754991033   0.0   1.0
0.00333333333333   0.0608160617154   0.0   1.0
0.00333333333333   0.0635566243275   0.0   1.0
0.00333333333333   0.0662971869396   0.0   1.0
0.00333333333333   0.0690377495517   0.0   1.0
0.00333333333333   0.0717783121637   0.0   1.0
0.00333333333333   0.0745188747758   0.0   1.0
0.00333333333333   0.0772594373879   0.0   1.0
0.00333333333333   0.0790864791293   0.0   1.0
0.00333333333333   0.08   0.0   1.0
0.005   0.037113248655   0.0   1.0
0.005   0.0380067226414   0.0   1.0
0.005   0.0397936706141   0.0   1.0
0.005   0.0424740925731   0.0   1.0
0.005   0.0451545145322   0.0   1.0
0.005   0.0478349364913   0.0   1.0
0.005   0.0505153584503   0.0   1.0
0.005   0.0531957804094   0.0   1.0
0.005   0.0558762023684   0.0   1.0
0.005   0.0585566243275   0.0   1.0
0.005   0.0612370462866   0.0   1.0
0.005   0.0639174682456   0.0   1.0
0.005   0.0665978902047   0.0   1.0
0.005   0.0692783121638   0.0   1.0
0.005   0.0719587341228   0.0   1.0
0.005   0.0746391560819   0.0   1.0
0.005   0.0773195780409   0.0   1.0
0.005   0.0791065260136   0.0   1.0
0.005   0.08   0.0   1.0
0.00666666666667   0.0380754991033   0.0   1.0
0.00666666666667   0.0389489262053   0.0   1.0
0.00666666666667   0.0406957804094   0.0   1.0
0.00666666666667   0.0433160617154   0.0   1.0
0.00666666666667   0.0459363430215   0.0   1.0
0.00666666666667   0.0485566243275   0.0   1.0
0.00666666666667   0.0511769056335   0.0   1.0
0.00666666666667   0.0537971869396   0.0   1.0
0.00666666666667   0.0564174682456   0.0   1.0
0.00666666666667   0.0590377495517   0.0   1.0
0.00666666666667   0.0616580308577   0.0   1.0
0.00666666666667   0.0642783121638   0.0   1.0
0.00666666666667   0.0668985934698   0.0   1.0
0.00666666666667   0.0695188747758   0.0   1.0
0.00666666666667   0.0721391560819   0.0   1.0
0.00666666666667   0.0747594373879   0.0   1.0
0.00666666666667   0.077379718694   0.0   1.0
0.00666666666667   0.079126572898   0.0   1.0
0.00666666666667   0.08   0.0   1.0
0.00833333333333   0.0390377495517   0.0   1.0
0.00833333333333   0.0398911297693   0.0   1.0
0.00833333333333   0.0415978902047   0.0   1.0
0.00833333333333   0.0441580308577   0.0   1.0
0.00833333333333   0.0467181715107   0.0   1.0
0.00833333333333   0.0492783121638   0.0   1.0
0.00833333333333   0.0518384528168   0.0   1.0
0.00833333333333   0.0543985934698   0.0   1.0
0.00833333333333   0.0569587341228   0.0   1.0
0.00833333333333   0.0595188747758   0.0   1.0
0.00833333333333   0.0620790154289   0.0   1.0
0.00833333333333   0.0646391560819   0.0   1.0
0.00833333333333   0.0671992967349   0.0   1.0
0.00833333333333   0.0697594373879   0.0   1.0
0.00833333333333   0.0723195780409   0.0   1.0
0.00833333333333   0.074879718694   0.0   1.0
0.00833333333333   0.077439859347   0.0   1.0
0.00833333333333   0.0791466197823   0.0   1.0
0.00833333333333   0.08   0.0   1.0
0.01   0.04   0.0   1.0
0.01   0.0408333333333   0.0   1.0
0.01   0.0425   0.0   1.0
0.01   0.045   0.0   1.0
0.01   0.0475   0.0   1.0
0.01   0.05   0.0   1.0
0.01   0.0525   0.0   1.0
0.01   0.055   0.0   1.0
0.01   0.0575   0.0   1.0
0.01   0.06   0.0   1.0
0.01   0.0625   0.0   1.0
0.01   0.065   0.0   1.0
0.01   0.0675   0.0   1.0
0.01   0.07   0.0   1.0
0.01   0.0725   0.0   1.0
0.01   0.075   0.0   1.0
0.01   0.0775   0.0   1.0
0.01   0.0791666666667   0.0   1.0
0.01   0.08   0.0   1.0
0.0116666666667   0.0409622504483   0.0   1.0
0.0116666666667   0.0417755368973   0.0   1.0
0.0116666666667   0.0434021097953   0.0   1.0
0.0116666666667   0.0458419691423   0.0   1.0
0.0116666666667   0.0482818284893   0.0   1.0
0.0116666666667   0.0507216878363   0.0   1.0
0.0116666666667   0.0531615471832   0.0   1.0
0.0116666666667   0.0556014065302   0.0   1.0
0.0116666666667   0.0580412658772   0.0   1.0
0.0116666666667   0.0604811252242   0.0   1.0
0.0116666666667   0.0629209845711   0.0   1.0
0.0116666666667   0.0653608439181   0.0   1.0
0.0116666666667   0.0678007032651   0.0   1.0
0.0116666666667   0.0702405626121   0.0   1.0
0.0116666666667   0.0726804219591   0.0   1.0
0.0116666666667   0.075120281306   0.0   1.0
0.0116666666667   0.077560140653   0.0   1.0
0.0116666666667   0.079186713551   0.0   1.0
0.0116666666667   0.08   0.0   1.0
0.0133333333333   0.0419245008967   0.0   1.0
0.0133333333333   0.0427177404613   0.0   1.0
0.0133333333333   0.0443042195906   0.0   1.0
0.0133333333333   0.0466839382846   0.0   1.0
0.0133333333333   0.0490636569785   0.0   1.0
0.0133333333333   0.0514433756725   0.0   1.0
0.0133333333333   0.0538230943665   0.0   1.0
0.0133333333333   0.0562028130604   0.0   1.0
0.0133333333333   0.0585825317544   0.0   1.0
0.0133333333333   0.0609622504483   0.0   1.0
0.0133333333333   0.0633419691423   0.0   1.0
0.0133333333333   0.0657216878363   0.0   1.0
0.0133333333333   0.0681014065302   0.0   1.0
0.0133333333333   0.0704811252242   0.0   1.0
0.0133333333333   0.0728608439181   0.0   1.0
0.0133333333333   0.0752405626121   0.0   1.0
0.0133333333333   0.077620281306   0.0   1.0
0.0133333333333   0.0792067604353   0.0   1.0
0.0133333333333   0.08   0.0   1.0
0.015   0.042886751345   0.0   1.0
0.015   0.0436599440253   0.0   1.0
0.015   0.0452063293859   0.0   1.0
0.015   0.0475259074269   0.0   1.0
0.015   0.0498454854678   0.0   1.0
0.015   0.0521650635088   0.0   1.0
0.015   0.0544846415497   0.0   1.0
0.015   0.0568042195906   0.0   1.0
0.015   0.0591237976316   0.0   1.0
0.015   0.0614433756725   0.0   1.0
0.015   0.0637629537134   0.0   1.0
0.015   0.0660825317544   0.0   1.0
0.015   0.0684021097953   0.0   1.0
0.015   0.0707216878363   0.0   1.0
0.015   0.0730412658772   0.0   1.0
0.015   0.0753608439181   0.0   1.0
0.015   0.0776804219591   0.0   1.0
0.015   0.0792268073197   0.0   1.0
0.015   0.08   0.0   1.0
0.0166666666667   0.0438490017933   0.0   1.0
0.0166666666667   0.0446021475893   0.0   1.0
0.0166666666667   0.0461084391813   0.0   1.0
0.0166666666667   0.0483678765692   0.0   1.0
0.0166666666667   0.0506273139571   0.0   1.0
0.0166666666667   0.052886751345   0.0   1.0
0.0166666666667   0.0551461887329   0.0   1.0
0.0166666666667   0.0574056261208   0.0   1.0
0.0166666666667   0.0596650635088   0.0   1.0
0.0166666666667   0.0619245008967   0.0   1.0
0.0166666666667   0.0641839382846   0.0   1.0
0.0166666666667   0.0664433756725   0.0   1.0
0.0166666666667   0.0687028130604   0.0   1.0
0.0166666666667   0.0709622504483   0.0   1.0
0.0166666666667   0.0732216878363   0.0   1.0
0.0166666666667   0.0754811252242   0.0   1.0
0.0166666666667   0.0777405626121   0.0   1.0
0.0166666666667   0.079246854204   0.0   1.0
0.0166666666667   0.08   0.0   1.0
0.0183333333333   0.0448112522417   0.0   1.0
0.0183333333333   0.0455443511533   0.0   1.0
0.0183333333333   0.0470105489766   0.0   1.0
0.0183333333333   0.0492098457115   0.0   1.0
0.0183333333333   0.0514091424464   0.0   1.0
0.0183333333333   0.0536084391813   0.0   1.0
0.0183333333333   0.0558077359161   0.0   1.0
0.0183333333333   0.058007032651   0.0   1.0
0.0183333333333   0.0602063293859   0.0   1.0
0.0183333333333   0.0624056261208   0.0   1.0
0.0183333333333   0.0646049228557   0.0   1.0
0.0183333333333   0.0668042195906   0.0   1.0
0.0183333333333   0.0690035163255   0.0   1.0
0.0183333333333   0.0712028130604   0.0   1.0
0.0183333333333   0.0734021097953   0.0   1.0
0.0183333333333   0.0756014065302   0.0   1.0
0.0183333333333   0.0778007032651   0.0   1.0
0.0183333333333   0.0792669010884   0.0   1.0
0.0183333333333   0.08   0.0   1.0
0.0194444444444   0.0454527525406   0.0   1.0
0.0194444444444   0.0461724868626   0.0   1.0
0.0194444444444   0.0476119555068   0.0   1.0
0.0194444444444   0.049771158473   0.0   1.0
0.0194444444444   0.0519303614392   0.0   1.0
0.0194444444444   0.0540895644054   0.0   1.0
0.0194444444444   0.0562487673716   0.0   1.0
0.0194444444444   0.0584079703378   0.0   1.0
0.0194444444444   0.0605671733041   0.0   1.0
0.0194444444444   0.0627263762703   0.0   1.0
0.0194444444444   0.0648855792365   0.0   1.0
0.0194444444444   0.0670447822027   0.0   1.0
0.0194444444444   0.0692039851689   0.0   1.0
0.0194444444444   0.0713631881351   0.0   1.0
0.0194444444444   0.0735223911014   0.0   1.0
0.0194444444444   0.0756815940676   0.0   1.0
0.0194444444444   0.0778407970338   0.0   1.0
0.0194444444444   0.0792802656779   0.0   1.0
0.0194444444444   0.08   0.0   1.0
0.02   0.04577350269   0.0   1.0
0.02   0.0464865547173   0.0   1.0
0.02   0.0479126587719   0.0   1.0
0.02   0.0500518148538   0.0   1.0
0.02   0.0521909709356   0.0   1.0
0.02   0.0543301270175   0.0   1.0
0.02   0.0564692830994   0.0   1.0
0.02   0.0586084391813   0.0   1.0
0.02   0.0607475952631   0.0   1.0
0.02   0.062886751345   0.0   1.0
0.02   0.0650259074269   0.0   1.0
0.02   0.0671650635088   0.0   1.0
0.02   0.0693042195906   0.0   1.0
0.02   0.0714433756725   0.0   1.0
0.02   0.0735825317544   0.0   1.0
0.02   0.0757216878363   0.0   1.0
0.02   0.0778608439181   0.0   1.0
0.02   0.0792869479727   0.0   1.0
0.02   0.08   0.0   1.0

 ------------------------------------------------------------------------------------------ 
Number of control points  - (u, v, t) - PATCH 0
------------------------------------------------------------------------------------------ 
15   19   0

 ------------------------------------------------------------------------------------------ 
Degree (u,v,t) - PATCH 0
------------------------------------------------------------------------------------------ 
3   3   0

 ------------------------------------------------------------------------------------------ 
KNOT VECTOR (u) - PATCH 0
------------------------------------------------------------------------------------------ 
0.0
0.0
0.0
0.0
0.0833333333333
0.166666666667
0.25
0.333333333333
0.416666666667
0.5
0.583333333333
0.666666666667
0.75
0.833333333333
0.916666666667
1.0
1.0
1.0
1.0

 ------------------------------------------------------------------------------------------ 
KNOT VECTOR (v) - PATCH 0
------------------------------------------------------------------------------------------ 
0.0
0.0
0.0
0.0
0.0625
0.125
0.1875
0.25
0.3125
0.375
0.4375
0.5
0.5625
0.625
0.6875
0.75
0.8125
0.875
0.9375
1.0
1.0
1.0
1.0

------------------------------------------------------------------------------------------ 
NUMBER OF NEUMMAN BOUNDARY CONDITION - PATCH 0
------------------------------------------------------------------------------------------ 
1

 ------------------------------------------------------------------------------------------ 
POINT/CURVE INDEX    VALUES (X, Y) - PATCH 0
------------------------------------------------------------------------------------------ 
CURVE 2 0.0 10.0

 ------------------------------------------------------------------------------------------ 
NUMBER OF DIRICHELET BOUNDARY CONDITION - PATCH 1
------------------------------------------------------------------------------------------ 
0

 ------------------------------------------------------------------------------------------ 
POINT/CURVE INDEX    (0-FREE, 1- DISPLACEMENT) VALUES (X, Y) - PATCH 1
------------------------------------------------------------------------------------------ 

------------------------------------------------------------------------------------------ 
NUMBER OF CONTROL POINTS - PATCH 1
------------------------------------------------------------------------------------------ 
285

 ------------------------------------------------------------------------------------------ 
INDEX MATERIAL - PATCH 1
------------------------------------------------------------------------------------------ 
1

 ------------------------------------------------------------------------------------------ 
THICKNESS  - PATCH 1
------------------------------------------------------------------------------------------ 
1.0

 ------------------------------------------------------------------------------------------ 
CONTROL POINTS COORDINATES AND WEIGHT (X,Y,Z,W)  - PATCH 1
------------------------------------------------------------------------------------------ 
0.0   0.0   0.0   1.0
0.0   0.000713052027292   0.0   1.0
0.0   0.00213915608188   0.0   1.0
0.0   0.00427831216375   0.0   1.0
0.0   0.00641746824563   0.0   1.0
0.0   0.0085566243275   0.0   1.0
0.0   0.0106957804094   0.0   1.0
0.0   0.0128349364913   0.0   1.0
0.0   0.0149740925731   0.0   1.0
0.0   0.017113248655   0.0   1.0
0.0   0.0192524047369   0.0   1.0
0.0   0.0213915608188   0.0   1.0
0.0   0.0235307169006   0.0   1.0
0.0   0.0256698729825   0.0   1.0
0.0   0.0278090290644   0.0   1.0
0.0   0.0299481851463   0.0   1.0
0.0   0.0320873412281   0.0   1.0
0.0   0.0335134452827   0.0   1.0
0.0   0.03422649731   0.0   1.0
0.000555555555556   0.0   0.0   1.0
0.000555555555556   0.000719734322072   0.0   1.0
0.000555555555556   0.00215920296622   0.0   1.0
0.000555555555556   0.00431840593243   0.0   1.0
0.000555555555556   0.00647760889865   0.0   1.0
0.000555555555556   0.00863681186486   0.0   1.0
0.000555555555556   0.0107960148311   0.0   1.0
0.000555555555556   0.0129552177973   0.0   1.0
0.000555555555556   0.0151144207635   0.0   1.0
0.000555555555556   0.0172736237297   0.0   1.0
0.000555555555556   0.0194328266959   0.0   1.0
0.000555555555556   0.0215920296622   0.0   1.0
0.000555555555556   0.0237512326284   0.0   1.0
0.000555555555556   0.0259104355946   0.0   1.0
0.000555555555556   0.0280696385608   0.0   1.0
0.000555555555556   0.030228841527   0.0   1.0
0.000555555555556   0.0323880444932   0.0   1.0
0.000555555555556   0.0338275131374   0.0   1.0
0.000555555555556   0.0345472474594   0.0   1.0
0.00166666666667   0.0   0.0   1.0
0.00166666666667   0.000733098911632   0.0   1.0
0.00166666666667   0.0021992967349   0.0   1.0
0.00166666666667   0.00439859346979   0.0   1.0
0.00166666666667   0.00659789020469   0.0   1.0
0.00166666666667   0.00879718693958   0.0   1.0
0.00166666666667   0.0109964836745   0.0   1.0
0.00166666666667   0.0131957804094   0.0   1.0
0.00166666666667   0.0153950771443   0.0   1.0
0.00166666666667   0.0175943738792   0.0   1.0
0.00166666666667   0.0197936706141   0.0   1.0
0.00166666666667   0.021992967349   0.0   1.0
0.00166666666667   0.0241922640839   0.0   1.0
0.00166666666667   0.0263915608188   0.0   1.0
0.00166666666667   0.0285908575536   0.0   1.0
0.00166666666667   0.0307901542885   0.0   1.0
0.00166666666667   0.0329894510234   0.0   1.0
0.00166666666667   0.0344556488467   0.0   1.0
0.00166666666667   0.0351887477583   0.0   1.0
0.00333333333333   0.0   0.0   1.0
0.00333333333333   0.000753145795972   0.0   1.0
0.00333333333333   0.00225943738792   0.0   1.0
0.00333333333333   0.00451887477583   0.0   1.0
0.00333333333333   0.00677831216375   0.0   1.0
0.00333333333333   0.00903774955167   0.0   1.0
0.00333333333333   0.0112971869396   0.0   1.0
0.00333333333333   0.0135566243275   0.0   1.0
0.00333333333333   0.0158160617154   0.0   1.0
0.00333333333333   0.0180754991033   0.0   1.0
0.00333333333333   0.0203349364913   0.0   1.0
0.00333333333333   0.0225943738792   0.0   1.0
0.00333333333333   0.0248538112671   0.0   1.0
0.00333333333333   0.027113248655   0.0   1.0
0.00333333333333   0.0293726860429   0.0   1.0
0.00333333333333   0.0316321234308   0.0   1.0
0.00333333333333   0.0338915608188   0.0   1.0
0.00333333333333   0.0353978524107   0.0   1.0
0.00333333333333   0.0361509982067   0.0   1.0
0.005   0.0   0.0   1.0
0.005   0.000773192680313   0.0   1.0
0.005   0.00231957804094   0.0   1.0
0.005   0.00463915608188   0.0   1.0
0.005   0.00695873412281   0.0   1.0
0.005   0.00927831216375   0.0   1.0
0.005   0.0115978902047   0.0   1.0
0.005   0.0139174682456   0.0   1.0
0.005   0.0162370462866   0.0   1.0
0.005   0.0185566243275   0.0   1.0
0.005   0.0208762023684   0.0   1.0
0.005   0.0231957804094   0.0   1.0
0.005   0.0255153584503   0.0   1.0
0.005   0.0278349364913   0.0   1.0
0.005   0.0301545145322   0.0   1.0
0.005   0.0324740925731   0.0   1.0
0.005   0.0347936706141   0.0   1.0
0.005   0.0363400559747   0.0   1.0
0.005   0.037113248655   0.0   1.0
0.00666666666667   0.0   0.0   1.0
0.00666666666667   0.000793239564653   0.0   1.0
0.00666666666667   0.00237971869396   0.0   1.0
0.00666666666667   0.00475943738792   0.0   1.0
0.00666666666667   0.00713915608188   0.0   1.0
0.00666666666667   0.00951887477583   0.0   1.0
0.00666666666667   0.0118985934698   0.0   1.0
0.00666666666667   0.0142783121638   0.0   1.0
0.00666666666667   0.0166580308577   0.0   1.0
0.00666666666667   0.0190377495517   0.0   1.0
0.00666666666667   0.0214174682456   0.0   1.0
0.00666666666667   0.0237971869396   0.0   1.0
0.00666666666667   0.0261769056335   0.0   1.0
0.00666666666667   0.0285566243275   0.0   1.0
0.00666666666667   0.0309363430215   0.0   1.0
0.00666666666667   0.0333160617154   0.0   1.0
0.00666666666667   0.0356957804094   0.0   1.0
0.00666666666667   0.0372822595387   0.0   1.0
0.00666666666667   0.0380754991033   0.0   1.0
0.00833333333333   0.0   0.0   1.0
0.00833333333333   0.000813286448993   0.0   1.0
0.00833333333333   0.00243985934698   0.0   1.0
0.00833333333333   0.00487971869396   0.0   1.0
0.00833333333333   0.00731957804094   0.0   1.0
0.00833333333333   0.00975943738792   0.0   1.0
0.00833333333333   0.0121992967349   0.0   1.0
0.00833333333333   0.0146391560819   0.0   1.0
0.00833333333333   0.0170790154289   0.0   1.0
0.00833333333333   0.0195188747758   0.0   1.0
0.00833333333333   0.0219587341228   0.0   1.0
0.00833333333333   0.0243985934698   0.0   1.0
0.00833333333333   0.0268384528168   0.0   1.0
0.00833333333333   0.0292783121638   0.0   1.0
0.00833333333333   0.0317181715107   0.0   1.0
0.00833333333333   0.0341580308577   0.0   1.0
0.00833333333333   0.0365978902047   0.0   1.0
0.00833333333333   0.0382244631027   0.0   1.0
0.00833333333333   0.0390377495517   0.0   1.0
0.01   0.0   0.0   1.0
0.01   0.000833333333333   0.0   1.0
0.01   0.0025   0.0   1.0
0.01   0.005   0.0   1.0
0.01   0.0075   0.0   1.0
0.01   0.01   0.0   1.0
0.01   0.0125   0.0   1.0
0.01   0.015   0.0   1.0
0.01   0.0175   0.0   1.0
0.01   0.02   0.0   1.0
0.01   0.0225   0.0   1.0
0.01   0.025   0.0   1.0
0.01   0.0275   0.0   1.0
0.01   0.03   0.0   1.0
0.01   0.0325   0.0   1.0
0.01   0.035   0.0   1.0
0.01   0.0375   0.0   1.0
0.01   0.0391666666667   0.0   1.0
0.01   0.04   0.0   1.0
0.0116666666667   0.0   0.0   1.0
0.0116666666667   0.000853380217674   0.0   1.0
0.0116666666667   0.00256014065302   0.0   1.0
0.0116666666667   0.00512028130604   0.0   1.0
0.0116666666667   0.00768042195906   0.0   1.0
0.0116666666667   0.0102405626121   0.0   1.0
0.0116666666667   0.0128007032651   0.0   1.0
0.0116666666667   0.0153608439181   0.0   1.0
0.0116666666667   0.0179209845711   0.0   1.0
0.0116666666667   0.0204811252242   0.0   1.0
0.0116666666667   0.0230412658772   0.0   1.0
0.0116666666667   0.0256014065302   0.0   1.0
0.0116666666667   0.0281615471832   0.0   1.0
0.0116666666667   0.0307216878363   0.0   1.0
0.0116666666667   0.0332818284893   0.0   1.0
0.0116666666667   0.0358419691423   0.0   1.0
0.0116666666667   0.0384021097953   0.0   1.0
0.0116666666667   0.0401088702307   0.0   1.0
0.0116666666667   0.0409622504483   0.0   1.0
0.0133333333333   0.0   0.0   1.0
0.0133333333333   0.000873427102014   0.0   1.0
0.0133333333333   0.00262028130604   0.0   1.0
0.0133333333333   0.00524056261208   0.0   1.0
0.0133333333333   0.00786084391813   0.0   1.0
0.0133333333333   0.0104811252242   0.0   1.0
0.0133333333333   0.0131014065302   0.0   1.0
0.0133333333333   0.0157216878363   0.0   1.0
0.0133333333333   0.0183419691423   0.0   1.0
0.0133333333333   0.0209622504483   0.0   1.0
0.0133333333333   0.0235825317544   0.0   1.0
0.0133333333333   0.0262028130604   0.0   1.0
0.0133333333333   0.0288230943665   0.0   1.0
0.0133333333333   0.0314433756725   0.0   1.0
0.0133333333333   0.0340636569785   0.0   1.0
0.0133333333333   0.0366839382846   0.0   1.0
0.0133333333333   0.0393042195906   0.0   1.0
0.0133333333333   0.0410510737947   0.0   1.0
0.0133333333333   0.0419245008967   0.0   1.0
0.015   0.0   0.0   1.0
0.015   0.000893473986354   0.0   1.0
0.015   0.00268042195906   0.0   1.0
0.015   0.00536084391813   0.0   1.0
0.015   0.00804126587719   0.0   1.0
0.015   0.0107216878363   0.0   1.0
0.015   0.0134021097953   0.0   1.0
0.015   0.0160825317544   0.0   1.0
0.015   0.0187629537134   0.0   1.0
0.015   0.0214433756725   0.0   1.0
0.015   0.0241237976316   0.0   1.0
0.015   0.0268042195906   0.0   1.0
0.015   0.0294846415497   0.0   1.0
0.015   0.0321650635088   0.0   1.0
0.015   0.0348454854678   0.0   1.0
0.015   0.0375259074269   0.0   1.0
0.015   0.0402063293859   0.0   1.0
0.015   0.0419932773586   0.0   1.0
0.015   0.042886751345   0.0   1.0
0.0166666666667   0.0   0.0   1.0
0.0166666666667   0.000913520870694   0.0   1.0
0.0166666666667   0.00274056261208   0.0   1.0
0.0166666666667   0.00548112522417   0.0   1.0
0.0166666666667   0.00822168783625   0.0   1.0
0.0166666666667   0.0109622504483   0.0   1.0
0.0166666666667   0.0137028130604   0.0   1.0
0.0166666666667   0.0164433756725   0.0   1.0
0.0166666666667   0.0191839382846   0.0   1.0
0.0166666666667   0.0219245008967   0.0   1.0
0.0166666666667   0.0246650635088   0.0   1.0
0.0166666666667   0.0274056261208   0.0   1.0
0.0166666666667   0.0301461887329   0.0   1.0
0.0166666666667   0.032886751345   0.0   1.0
0.0166666666667   0.0356273139571   0.0   1.0
0.0166666666667   0.0383678765692   0.0   1.0
0.0166666666667   0.0411084391813   0.0   1.0
0.0166666666667   0.0429354809226   0.0   1.0
0.0166666666667   0.0438490017933   0.0   1.0
0.0183333333333   0.0   0.0   1.0
0.0183333333333   0.000933567755035   0.0   1.0
0.0183333333333   0.0028007032651   0.0   1.0
0.0183333333333   0.00560140653021   0.0   1.0
0.0183333333333   0.00840210979531   0.0   1.0
0.0183333333333   0.0112028130604   0.0   1.0
0.0183333333333   0.0140035163255   0.0   1.0
0.0183333333333   0.0168042195906   0.0   1.0
0.0183333333333   0.0196049228557   0.0   1.0
0.0183333333333   0.0224056261208   0.0   1.0
0.0183333333333   0.0252063293859   0.0   1.0
0.0183333333333   0.028007032651   0.0   1.0
0.0183333333333   0.0308077359161   0.0   1.0
0.0183333333333   0.0336084391813   0.0   1.0
0.0183333333333   0.0364091424464   0.0   1.0
0.0183333333333   0.0392098457115   0.0   1.0
0.0183333333333   0.0420105489766   0.0   1.0
0.0183333333333   0.0438776844866   0.0   1.0
0.0183333333333   0.0448112522417   0.0   1.0
0.0194444444444   0.0   0.0   1.0
0.0194444444444   0.000946932344595   0.0   1.0
0.0194444444444   0.00284079703378   0.0   1.0
0.0194444444444   0.00568159406757   0.0   1.0
0.0194444444444   0.00852239110135   0.0   1.0
0.0194444444444   0.0113631881351   0.0   1.0
0.0194444444444   0.0142039851689   0.0   1.0
0.0194444444444   0.0170447822027   0.0   1.0
0.0194444444444   0.0198855792365   0.0   1.0
0.0194444444444   0.0227263762703   0.0   1.0
0.0194444444444   0.0255671733041   0.0   1.0
0.0194444444444   0.0284079703378   0.0   1.0
0.0194444444444   0.0312487673716   0.0   1.0
0.0194444444444   0.0340895644054   0.0   1.0
0.0194444444444   0.0369303614392   0.0   1.0
0.0194444444444   0.039771158473   0.0   1.0
0.0194444444444   0.0426119555068   0.0   1.0
0.0194444444444   0.044505820196   0.0   1.0
0.0194444444444   0.0454527525406   0.0   1.0
0.02   0.0   0.0   1.0
0.02   0.000953614639375   0.0   1.0
0.02   0.00286084391813   0.0   1.0
0.02   0.00572168783625   0.0   1.0
0.02   0.00858253175438   0.0   1.0
0.02   0.0114433756725   0.0   1.0
0.02   0.0143042195906   0.0   1.0
0.02   0.0171650635088   0.0   1.0
0.02   0.0200259074269   0.0   1.0
0.02   0.022886751345   0.0   1.0
0.02   0.0257475952631   0.0   1.0
0.02   0.0286084391813   0.0   1.0
0.02   0.0314692830994   0.0   1.0
0.02   0.0343301270175   0.0   1.0
0.02   0.0371909709356   0.0   1.0
0.02   0.0400518148538   0.0   1.0
0.02   0.0429126587719   0.0   1.0
0.02   0.0448198880506   0.0   1.0
0.02   0.04577350269   0.0   1.0

 ------------------------------------------------------------------------------------------ 
Number of control points  - (u, v, t) - PATCH 1
------------------------------------------------------------------------------------------ 
15   19   0

 ------------------------------------------------------------------------------------------ 
Degree (u,v,t) - PATCH 1
------------------------------------------------------------------------------------------ 
3   3   0

 ------------------------------------------------------------------------------------------ 
KNOT VECTOR (u) - PATCH 1
------------------------------------------------------------------------------------------ 
0.0
0.0
0.0
0.0
0.0833333333333
0.166666666667
0.25
0.333333333333
0.416666666667
0.5
0.583333333333
0.666666666667
0.75
0.833333333333
0.916666666667
1.0
1.0
1.0
1.0

 ------------------------------------------------------------------------------------------ 
KNOT VECTOR (v) - PATCH 1
------------------------------------------------------------------------------------------ 
0.0
0.0
0.0
0.0
0.0625
0.125
0.1875
0.25
0.3125
0.375
0.4375
0.5
0.5625
0.625
0.6875
0.75
0.8125
0.875
0.9375
1.0
1.0
1.0
1.0

 ------------------------------------------------------------------------------------------ 
NUMBER OF NEUMMAN BOUNDARY CONDITION - PATCH 0
------------------------------------------------------------------------------------------ 
0

 ------------------------------------------------------------------------------------------ 
POINT/CURVE INDEX    VALUES (X, Y) - PATCH 0
------------------------------------------------------------------------------------------ 

 ------------------------------------------------------------------------------------------ 
NUMBER OF DIRICHELET BOUNDARY CONDITION - PATCH 1
------------------------------------------------------------------------------------------ 
2

 ------------------------------------------------------------------------------------------ 
POINT/CURVE INDEX    (0-FREE, 1- DISPLACEMENT) VALUES (X, Y) - PATCH 1
------------------------------------------------------------------------------------------ 
CURVE 0 0 1 0.0 0.0
POINT 7 1 0 0.0 0.0
