------------------------------------------------------------------------------------------
NUMBER OF PATCHES        
------------------------------------------------------------------------------------------
1
  
------------------------------------------------------------------------------------------
NUMBER OF CONTROL POINTS - PATCH 0        
------------------------------------------------------------------------------------------
112  

------------------------------------------------------------------------------------------
INDEX MATERIAL - PATCH 0
------------------------------------------------------------------------------------------
0 

------------------------------------------------------------------------------------------
THICKNESS - PATCH 0        
------------------------------------------------------------------------------------------
10.  
     
------------------------------------------------------------------------------------------
CONTROL POINTS COORDINATES AND WEIGHT (X,Y,Z,W) - PATCH 0
------------------------------------------------------------------------------------------
0.0   15.0   0.0   1.0
0.0   18.3333333333   0.0   1.0
0.0   21.6666666667   0.0   1.0
0.0   25.0   0.0   1.0
2.66666666667   15.0   0.0   1.0
2.66666666667   18.3333333333   0.0   1.0
2.66666666667   21.6666666667   0.0   1.0
2.66666666667   25.0   0.0   1.0
8.0   15.0   0.0   1.0
8.0   18.3333333333   0.0   1.0
8.0   21.6666666667   0.0   1.0
8.0   25.0   0.0   1.0
16.0   15.0   0.0   1.0
16.0   18.3333333333   0.0   1.0
16.0   21.6666666667   0.0   1.0
16.0   25.0   0.0   1.0
24.0   15.0   0.0   1.0
24.0   18.3333333333   0.0   1.0
24.0   21.6666666667   0.0   1.0
24.0   25.0   0.0   1.0
32.0   15.0   0.0   1.0
32.0   18.3333333333   0.0   1.0
32.0   21.6666666667   0.0   1.0
32.0   25.0   0.0   1.0
40.0   15.0   0.0   1.0
40.0   18.3333333333   0.0   1.0
40.0   21.6666666667   0.0   1.0
40.0   25.0   0.0   1.0
48.0   15.0   0.0   1.0
48.0   18.3333333333   0.0   1.0
48.0   21.6666666667   0.0   1.0
48.0   25.0   0.0   1.0
56.0   15.0   0.0   1.0
56.0   18.3333333333   0.0   1.0
56.0   21.6666666667   0.0   1.0
56.0   25.0   0.0   1.0
64.0   15.0   0.0   1.0
64.0   18.3333333333   0.0   1.0
64.0   21.6666666667   0.0   1.0
64.0   25.0   0.0   1.0
72.0   15.0   0.0   1.0
72.0   18.3333333333   0.0   1.0
72.0   21.6666666667   0.0   1.0
72.0   25.0   0.0   1.0
80.0   15.0   0.0   1.0
80.0   18.3333333333   0.0   1.0
80.0   21.6666666667   0.0   1.0
80.0   25.0   0.0   1.0
88.0   15.0   0.0   1.0
88.0   18.3333333333   0.0   1.0
88.0   21.6666666667   0.0   1.0
88.0   25.0   0.0   1.0
96.0   15.0   0.0   1.0
96.0   18.3333333333   0.0   1.0
96.0   21.6666666667   0.0   1.0
96.0   25.0   0.0   1.0
104.0   15.0   0.0   1.0
104.0   18.3333333333   0.0   1.0
104.0   21.6666666667   0.0   1.0
104.0   25.0   0.0   1.0
112.0   15.0   0.0   1.0
112.0   18.3333333333   0.0   1.0
112.0   21.6666666667   0.0   1.0
112.0   25.0   0.0   1.0
120.0   15.0   0.0   1.0
120.0   18.3333333333   0.0   1.0
120.0   21.6666666667   0.0   1.0
120.0   25.0   0.0   1.0
128.0   15.0   0.0   1.0
128.0   18.3333333333   0.0   1.0
128.0   21.6666666667   0.0   1.0
128.0   25.0   0.0   1.0
136.0   15.0   0.0   1.0
136.0   18.3333333333   0.0   1.0
136.0   21.6666666667   0.0   1.0
136.0   25.0   0.0   1.0
144.0   15.0   0.0   1.0
144.0   18.3333333333   0.0   1.0
144.0   21.6666666667   0.0   1.0
144.0   25.0   0.0   1.0
152.0   15.0   0.0   1.0
152.0   18.3333333333   0.0   1.0
152.0   21.6666666667   0.0   1.0
152.0   25.0   0.0   1.0
160.0   15.0   0.0   1.0
160.0   18.3333333333   0.0   1.0
160.000000000   21.6666666667   0.0   1.0
160.0   25.0   0.0   1.0
168.0   15.0   0.0   1.0
168.0   18.3333333333   0.0   1.0
168.0   21.6666666667   0.0   1.0
168.0   25.0   0.0   1.0
176.0   15.0   0.0   1.0
176.0   18.3333333333   0.0   1.0
176.0   21.6666666667   0.0   1.0
176.0   25.0   0.0   1.0
184.0   15.0   0.0   1.0
184.0   18.3333333333   0.0   1.0
184.000000000   21.6666666667   0.0   1.0
184.0   25.0   0.0   1.0
192.0   15.0   0.0   1.0
192.000000000   18.3333333333   0.0   1.0
192.0   21.6666666667   0.0   1.0
192.0   25.0   0.0   1.0
197.333333333   15.0   0.0   1.0
197.333333333   18.3333333333   0.0   1.0
197.333333333   21.6666666667   0.0   1.0
197.333333333   25.0   0.0   1.0
200.0   15.0   0.0   1.0
200.0   18.3333333333   0.0   1.0
200.0   21.6666666667   0.0   1.0
200.0   25.0   0.0   1.0

------------------------------------------------------------------------------------------
Number of control points  - (u, v, t) - PATCH 0
------------------------------------------------------------------------------------------
28 4 0

------------------------------------------------------------------------------------------
Degree (u,v,t) - PATCH 0
------------------------------------------------------------------------------------------
3 3 0

------------------------------------------------------------------------------------------
KNOT VECTOR (u) - PATCH 0
------------------------------------------------------------------------------------------
0.000000
0.000000
0.000000
0.000000
0.040000
0.080000
0.120000
0.160000
0.200000
0.240000
0.280000
0.320000
0.360000
0.400000
0.440000
0.480000
0.520000
0.560000
0.600000
0.640000
0.680000
0.720000
0.760000
0.800000
0.840000
0.880000
0.920000
0.960000
1.000000
1.000000
1.000000
1.000000

------------------------------------------------------------------------------------------
KNOT VECTOR (v) - PATCH 0
------------------------------------------------------------------------------------------
0.00
0.00
0.00
0.00
1.00
1.00
1.00
1.00

------------------------------------------------------------------------------------------
NUMBER OF NEUMMAN BOUNDARY CONDITION
------------------------------------------------------------------------------------------
1

-----------------------------------------------------------------------------------------
CONTROL POINT INDEX    VALUES (X, Y)
------------------------------------------------------------------------------------------
CURVE 2 0.0 -2.0

------------------------------------------------------------------------------------------
NUMBER OF DIRICHELET BOUNDARY CONDITION
------------------------------------------------------------------------------------------
2

------------------------------------------------------------------------------------------
CONTROL POINT INDEX    (0-FREE, 1- DISPLACEMENT) VALUES (X, Y)
------------------------------------------------------------------------------------------
CURVE 3 1 1 0.0 0.0
CURVE 1 0 1 0.0 0.0



POINT 0 0 1 0.0 0.0

