------------------------------------------------------------------------------------------
NUMBER OF PATCHES        
------------------------------------------------------------------------------------------
1  
  
------------------------------------------------------------------------------------------
NUMBER OF CONTROL POINTS - PATCH 0        
------------------------------------------------------------------------------------------
144  

------------------------------------------------------------------------------------------
INDEX MATERIAL - PATCH 0
------------------------------------------------------------------------------------------
0 

------------------------------------------------------------------------------------------
THICKNESS - PATCH 0        
------------------------------------------------------------------------------------------
1.  
     
------------------------------------------------------------------------------------------
CONTROL POINTS COORDINATES AND WEIGHT (X,Y,Z,W) - PATCH 0
------------------------------------------------------------------------------------------
0.0   0.0   0.0   1.0
0.0   0.125   0.0   1.0
0.0   0.375   0.0   1.0
0.0   0.625   0.0   1.0
0.0   0.875   0.0   1.0
0.0   1.0   0.0   1.0
0.125   0.0   0.0   1.0
0.125   0.125   0.0   1.0
0.125   0.375   0.0   1.0
0.125   0.625   0.0   1.0
0.125   0.875   0.0   1.0
0.125   1.0   0.0   1.0
0.375   0.0   0.0   1.0
0.375   0.125   0.0   1.0
0.375   0.375   0.0   1.0
0.375   0.625   0.0   1.0
0.375   0.875   0.0   1.0
0.375   1.0   0.0   1.0
0.625   0.0   0.0   1.0
0.625   0.125   0.0   1.0
0.625   0.375   0.0   1.0
0.625   0.625   0.0   1.0
0.625   0.875   0.0   1.0
0.625   1.0   0.0   1.0
0.875   0.0   0.0   1.0
0.875   0.125   0.0   1.0
0.875   0.375   0.0   1.0
0.875   0.625   0.0   1.0
0.875   0.875   0.0   1.0
0.875   1.0   0.0   1.0
1.125   0.0   0.0   1.0
1.125   0.125   0.0   1.0
1.125   0.375   0.0   1.0
1.125   0.625   0.0   1.0
1.125   0.875   0.0   1.0
1.125   1.0   0.0   1.0
1.375   0.0   0.0   1.0
1.375   0.125   0.0   1.0
1.375   0.375   0.0   1.0
1.375   0.625   0.0   1.0
1.375   0.875   0.0   1.0
1.375   1.0   0.0   1.0
1.625   0.0   0.0   1.0
1.625   0.125   0.0   1.0
1.625   0.375   0.0   1.0
1.625   0.625   0.0   1.0
1.625   0.875   0.0   1.0
1.625   1.0   0.0   1.0
1.875   0.0   0.0   1.0
1.875   0.125   0.0   1.0
1.875   0.375   0.0   1.0
1.875   0.625   0.0   1.0
1.875   0.875   0.0   1.0
1.875   1.0   0.0   1.0
2.125   0.0   0.0   1.0
2.125   0.125   0.0   1.0
2.125   0.375   0.0   1.0
2.125   0.625   0.0   1.0
2.125   0.875   0.0   1.0
2.125   1.0   0.0   1.0
2.375   0.0   0.0   1.0
2.375   0.125   0.0   1.0
2.375   0.375   0.0   1.0
2.375   0.625   0.0   1.0
2.375   0.875   0.0   1.0
2.375   1.0   0.0   1.0
2.625   0.0   0.0   1.0
2.625   0.125   0.0   1.0
2.625   0.375   0.0   1.0
2.625   0.625   0.0   1.0
2.625   0.875   0.0   1.0
2.625   1.0   0.0   1.0
2.875   0.0   0.0   1.0
2.875   0.125   0.0   1.0
2.875   0.375   0.0   1.0
2.875   0.625   0.0   1.0
2.875   0.875   0.0   1.0
2.875   1.0   0.0   1.0
3.125   0.0   0.0   1.0
3.125   0.125   0.0   1.0
3.125   0.375   0.0   1.0
3.125   0.625   0.0   1.0
3.125   0.875   0.0   1.0
3.125   1.0   0.0   1.0
3.375   0.0   0.0   1.0
3.375   0.125   0.0   1.0
3.375   0.375   0.0   1.0
3.375   0.625   0.0   1.0
3.375   0.875   0.0   1.0
3.375   1.0   0.0   1.0
3.625   0.0   0.0   1.0
3.625   0.125   0.0   1.0
3.625   0.375   0.0   1.0
3.625   0.625   0.0   1.0
3.625   0.875   0.0   1.0
3.625   1.0   0.0   1.0
3.875   0.0   0.0   1.0
3.875   0.125   0.0   1.0
3.875   0.375   0.0   1.0
3.875   0.625   0.0   1.0
3.875   0.875   0.0   1.0
3.875   1.0   0.0   1.0
4.125   0.0   0.0   1.0
4.125   0.125   0.0   1.0
4.125   0.375   0.0   1.0
4.125   0.625   0.0   1.0
4.125   0.875   0.0   1.0
4.125   1.0   0.0   1.0
4.375   0.0   0.0   1.0
4.375   0.125   0.0   1.0
4.375   0.375   0.0   1.0
4.375   0.625   0.0   1.0
4.375   0.875   0.0   1.0
4.375   1.0   0.0   1.0
4.625   0.0   0.0   1.0
4.625   0.125   0.0   1.0
4.625   0.375   0.0   1.0
4.625   0.625   0.0   1.0
4.625   0.875   0.0   1.0
4.625   1.0   0.0   1.0
4.875   0.0   0.0   1.0
4.875   0.125   0.0   1.0
4.875   0.375   0.0   1.0
4.875   0.625   0.0   1.0
4.875   0.875   0.0   1.0
4.875   1.0   0.0   1.0
5.125   0.0   0.0   1.0
5.125   0.125   0.0   1.0
5.125   0.375   0.0   1.0
5.125   0.625   0.0   1.0
5.125   0.875   0.0   1.0
5.125   1.0   0.0   1.0
5.375   0.0   0.0   1.0
5.375   0.125   0.0   1.0
5.375   0.375   0.0   1.0
5.375   0.625   0.0   1.0
5.375   0.875   0.0   1.0
5.375   1.0   0.0   1.0
5.5   0.0   0.0   1.0
5.5   0.125   0.0   1.0
5.5   0.375   0.0   1.0
5.5   0.625   0.0   1.0
5.5   0.875   0.0   1.0
5.5   1.0   0.0   1.0

------------------------------------------------------------------------------------------
Number of control points  - (u, v, t) - PATCH 0
------------------------------------------------------------------------------------------
24 6 0

------------------------------------------------------------------------------------------
Degree (u,v,t) - PATCH 0
------------------------------------------------------------------------------------------
2 2 0

------------------------------------------------------------------------------------------
KNOT VECTOR (u) - PATCH 0
------------------------------------------------------------------------------------------
0.0000000000000000
0.0000000000000000
0.0000000000000000
0.0454545454545455
0.0909090909090909
0.1363636363636360
0.1818181818181820
0.2272727272727270
0.2727272727272730
0.3181818181818180
0.3636363636363640
0.4090909090909090
0.4545454545454550
0.5000000000000000
0.5454545454545450
0.5909090909090910
0.6363636363636360
0.6818181818181820
0.7272727272727270
0.7727272727272730
0.8181818181818180
0.8636363636363640
0.9090909090909090
0.9545454545454550
1.0000000000000000
1.0000000000000000
1.0000000000000000

------------------------------------------------------------------------------------------
KNOT VECTOR (v) - PATCH 0
------------------------------------------------------------------------------------------
0.00000
0.00000
0.00000
0.25000
0.50000
0.75000
1.00000
1.00000
1.00000

------------------------------------------------------------------------------------------
NUMBER OF NEUMMAN BOUNDARY CONDITION
------------------------------------------------------------------------------------------
0

-----------------------------------------------------------------------------------------
CONTROL POINT INDEX    VALUES (X, Y)
------------------------------------------------------------------------------------------

------------------------------------------------------------------------------------------
NUMBER OF DIRICHELET BOUNDARY CONDITION
------------------------------------------------------------------------------------------
1

------------------------------------------------------------------------------------------
CONTROL POINT INDEX    (0-FREE, 1- DISPLACEMENT) VALUES (X, Y)
------------------------------------------------------------------------------------------
CURVE 3 1 1 0.0 0.0

POINT 0 0 1 0.0 0.0



POINT 5 187.5 0.0
POINT 11 187.5 0.0
POINT 17 187.5 0.0
POINT 23 187.5 0.0
POINT 29 187.5 0.0
POINT 35 187.5 0.0
POINT 41 187.5 0.0
POINT 47 187.5 0.0
