------------------------------------------------------------------------------------------
NUMBER OF PATCHES        
------------------------------------------------------------------------------------------
1

------------------------------------------------------------------------------------------ 
NUMBER OF CONTROL POINTS - PATCH 0
------------------------------------------------------------------------------------------ 
265

 ------------------------------------------------------------------------------------------ 
INDEX MATERIAL - PATCH 0
------------------------------------------------------------------------------------------ 
0

 ------------------------------------------------------------------------------------------ 
THICKNESS  - PATCH 0
------------------------------------------------------------------------------------------ 
1.0

 ------------------------------------------------------------------------------------------ 
CONTROL POINTS COORDINATES AND WEIGHT (X,Y,Z,W)  - PATCH 0
------------------------------------------------------------------------------------------ 
0.0   0.0   0.0   1.0
0.0   0.0208333333333   0.0   1.0
0.0   0.0625   0.0   1.0
0.0   0.104166666667   0.0   1.0
0.0   0.125   0.0   1.0
0.0673333333333   0.0   0.0   1.0
0.0673333333333   0.0208333333333   0.0   1.0
0.0673333333333   0.0625   0.0   1.0
0.0673333333333   0.104166666667   0.0   1.0
0.0673333333333   0.125   0.0   1.0
0.202   0.0   0.0   1.0
0.202   0.0208333333333   0.0   1.0
0.202   0.0625   0.0   1.0
0.202   0.104166666667   0.0   1.0
0.202   0.125   0.0   1.0
0.404   0.0   0.0   1.0
0.404   0.0208333333333   0.0   1.0
0.404   0.0625   0.0   1.0
0.404   0.104166666667   0.0   1.0
0.404   0.125   0.0   1.0
0.606   0.0   0.0   1.0
0.606   0.0208333333333   0.0   1.0
0.606   0.0625   0.0   1.0
0.606   0.104166666667   0.0   1.0
0.606   0.125   0.0   1.0
0.808   0.0   0.0   1.0
0.808   0.0208333333333   0.0   1.0
0.808   0.0625   0.0   1.0
0.808   0.104166666667   0.0   1.0
0.808   0.125   0.0   1.0
1.01   0.0   0.0   1.0
1.01   0.0208333333333   0.0   1.0
1.01   0.0625   0.0   1.0
1.01   0.104166666667   0.0   1.0
1.01   0.125   0.0   1.0
1.212   0.0   0.0   1.0
1.212   0.0208333333333   0.0   1.0
1.212   0.0625   0.0   1.0
1.212   0.104166666667   0.0   1.0
1.212   0.125   0.0   1.0
1.414   0.0   0.0   1.0
1.414   0.0208333333333   0.0   1.0
1.414   0.0625   0.0   1.0
1.414   0.104166666667   0.0   1.0
1.414   0.125   0.0   1.0
1.616   0.0   0.0   1.0
1.616   0.0208333333333   0.0   1.0
1.616   0.0625   0.0   1.0
1.616   0.104166666667   0.0   1.0
1.616   0.125   0.0   1.0
1.818   0.0   0.0   1.0
1.818   0.0208333333333   0.0   1.0
1.818   0.0625   0.0   1.0
1.818   0.104166666667   0.0   1.0
1.818   0.125   0.0   1.0
2.02   0.0   0.0   1.0
2.02   0.0208333333333   0.0   1.0
2.02   0.0625   0.0   1.0
2.02   0.104166666667   0.0   1.0
2.02   0.125   0.0   1.0
2.222   0.0   0.0   1.0
2.222   0.0208333333333   0.0   1.0
2.222   0.0625   0.0   1.0
2.222   0.104166666667   0.0   1.0
2.222   0.125   0.0   1.0
2.424   0.0   0.0   1.0
2.424   0.0208333333333   0.0   1.0
2.424   0.0625   0.0   1.0
2.424   0.104166666667   0.0   1.0
2.424   0.125   0.0   1.0
2.626   0.0   0.0   1.0
2.626   0.0208333333333   0.0   1.0
2.626   0.0625   0.0   1.0
2.626   0.104166666667   0.0   1.0
2.626   0.125   0.0   1.0
2.828   0.0   0.0   1.0
2.828   0.0208333333333   0.0   1.0
2.828   0.0625   0.0   1.0
2.828   0.104166666667   0.0   1.0
2.828   0.125   0.0   1.0
3.03   0.0   0.0   1.0
3.03   0.0208333333333   0.0   1.0
3.03   0.0625   0.0   1.0
3.03   0.104166666667   0.0   1.0
3.03   0.125   0.0   1.0
3.232   0.0   0.0   1.0
3.232   0.0208333333333   0.0   1.0
3.232   0.0625   0.0   1.0
3.232   0.104166666667   0.0   1.0
3.232   0.125   0.0   1.0
3.434   0.0   0.0   1.0
3.434   0.0208333333333   0.0   1.0
3.434   0.0625   0.0   1.0
3.434   0.104166666667   0.0   1.0
3.434   0.125   0.0   1.0
3.636   0.0   0.0   1.0
3.636   0.0208333333333   0.0   1.0
3.636   0.0625   0.0   1.0
3.636   0.104166666667   0.0   1.0
3.636   0.125   0.0   1.0
3.838   0.0   0.0   1.0
3.838   0.0208333333333   0.0   1.0
3.838   0.0625   0.0   1.0
3.838   0.104166666667   0.0   1.0
3.838   0.125   0.0   1.0
4.04   0.0   0.0   1.0
4.04   0.0208333333333   0.0   1.0
4.04   0.0625   0.0   1.0
4.04   0.104166666667   0.0   1.0
4.04   0.125   0.0   1.0
4.242   0.0   0.0   1.0
4.242   0.0208333333333   0.0   1.0
4.242   0.0625   0.0   1.0
4.242   0.104166666667   0.0   1.0
4.242   0.125   0.0   1.0
4.444   0.0   0.0   1.0
4.444   0.0208333333333   0.0   1.0
4.444   0.0625   0.0   1.0
4.444   0.104166666667   0.0   1.0
4.444   0.125   0.0   1.0
4.646   0.0   0.0   1.0
4.646   0.0208333333333   0.0   1.0
4.646   0.0625   0.0   1.0
4.646   0.104166666667   0.0   1.0
4.646   0.125   0.0   1.0
4.848   0.0   0.0   1.0
4.848   0.0208333333333   0.0   1.0
4.848   0.0625   0.0   1.0
4.848   0.104166666667   0.0   1.0
4.848   0.125   0.0   1.0
5.05   0.0   0.0   1.0
5.05   0.0208333333333   0.0   1.0
5.05   0.0625   0.0   1.0
5.05   0.104166666667   0.0   1.0
5.05   0.125   0.0   1.0
5.252   0.0   0.0   1.0
5.252   0.0208333333333   0.0   1.0
5.252   0.0625   0.0   1.0
5.252   0.104166666667   0.0   1.0
5.252   0.125   0.0   1.0
5.454   0.0   0.0   1.0
5.454   0.0208333333333   0.0   1.0
5.454   0.0625   0.0   1.0
5.454   0.104166666667   0.0   1.0
5.454   0.125   0.0   1.0
5.656   0.0   0.0   1.0
5.656   0.0208333333333   0.0   1.0
5.656   0.0625   0.0   1.0
5.656   0.104166666667   0.0   1.0
5.656   0.125   0.0   1.0
5.858   0.0   0.0   1.0
5.858   0.0208333333333   0.0   1.0
5.858   0.0625   0.0   1.0
5.858   0.104166666667   0.0   1.0
5.858   0.125   0.0   1.0
6.06   0.0   0.0   1.0
6.06   0.0208333333333   0.0   1.0
6.06   0.0625   0.0   1.0
6.06   0.104166666667   0.0   1.0
6.06   0.125   0.0   1.0
6.262   0.0   0.0   1.0
6.262   0.0208333333333   0.0   1.0
6.262   0.0625   0.0   1.0
6.262   0.104166666667   0.0   1.0
6.262   0.125   0.0   1.0
6.464   0.0   0.0   1.0
6.464   0.0208333333333   0.0   1.0
6.464   0.0625   0.0   1.0
6.464   0.104166666667   0.0   1.0
6.464   0.125   0.0   1.0
6.666   0.0   0.0   1.0
6.666   0.0208333333333   0.0   1.0
6.666   0.0625   0.0   1.0
6.666   0.104166666667   0.0   1.0
6.666   0.125   0.0   1.0
6.868   0.0   0.0   1.0
6.868   0.0208333333333   0.0   1.0
6.868   0.0625   0.0   1.0
6.868   0.104166666667   0.0   1.0
6.868   0.125   0.0   1.0
7.07   0.0   0.0   1.0
7.07   0.0208333333333   0.0   1.0
7.07   0.0625   0.0   1.0
7.07   0.104166666667   0.0   1.0
7.07   0.125   0.0   1.0
7.272   0.0   0.0   1.0
7.272   0.0208333333333   0.0   1.0
7.272   0.0625   0.0   1.0
7.272   0.104166666667   0.0   1.0
7.272   0.125   0.0   1.0
7.474   0.0   0.0   1.0
7.474   0.0208333333333   0.0   1.0
7.474   0.0625   0.0   1.0
7.474   0.104166666667   0.0   1.0
7.474   0.125   0.0   1.0
7.676   0.0   0.0   1.0
7.676   0.0208333333333   0.0   1.0
7.676   0.0625   0.0   1.0
7.676   0.104166666667   0.0   1.0
7.676   0.125   0.0   1.0
7.878   0.0   0.0   1.0
7.878   0.0208333333333   0.0   1.0
7.878   0.0625   0.0   1.0
7.878   0.104166666667   0.0   1.0
7.878   0.125   0.0   1.0
8.08   0.0   0.0   1.0
8.08   0.0208333333333   0.0   1.0
8.08   0.0625   0.0   1.0
8.08   0.104166666667   0.0   1.0
8.08   0.125   0.0   1.0
8.282   0.0   0.0   1.0
8.282   0.0208333333333   0.0   1.0
8.282   0.0625   0.0   1.0
8.282   0.104166666667   0.0   1.0
8.282   0.125   0.0   1.0
8.484   0.0   0.0   1.0
8.484   0.0208333333333   0.0   1.0
8.484   0.0625   0.0   1.0
8.484   0.104166666667   0.0   1.0
8.484   0.125   0.0   1.0
8.686   0.0   0.0   1.0
8.686   0.0208333333333   0.0   1.0
8.686   0.0625   0.0   1.0
8.686   0.104166666667   0.0   1.0
8.686   0.125   0.0   1.0
8.888   0.0   0.0   1.0
8.888   0.0208333333333   0.0   1.0
8.888   0.0625   0.0   1.0
8.888   0.104166666667   0.0   1.0
8.888   0.125   0.0   1.0
9.09   0.0   0.0   1.0
9.09   0.0208333333333   0.0   1.0
9.09   0.0625   0.0   1.0
9.09   0.104166666667   0.0   1.0
9.09   0.125   0.0   1.0
9.292   0.0   0.0   1.0
9.292   0.0208333333333   0.0   1.0
9.292   0.0625   0.0   1.0
9.292   0.104166666667   0.0   1.0
9.292   0.125   0.0   1.0
9.494   0.0   0.0   1.0
9.494   0.0208333333333   0.0   1.0
9.494   0.0625   0.0   1.0
9.494   0.104166666667   0.0   1.0
9.494   0.125   0.0   1.0
9.696   0.0   0.0   1.0
9.696   0.0208333333333   0.0   1.0
9.696   0.0625   0.0   1.0
9.696   0.104166666667   0.0   1.0
9.696   0.125   0.0   1.0
9.898   0.0   0.0   1.0
9.898   0.0208333333333   0.0   1.0
9.898   0.0625   0.0   1.0
9.898   0.104166666667   0.0   1.0
9.898   0.125   0.0   1.0
10.0326666667   0.0   0.0   1.0
10.0326666667   0.0208333333333   0.0   1.0
10.0326666667   0.0625   0.0   1.0
10.0326666667   0.104166666667   0.0   1.0
10.0326666667   0.125   0.0   1.0
10.1   0.0   0.0   1.0
10.1   0.0208333333333   0.0   1.0
10.1   0.0625   0.0   1.0
10.1   0.104166666667   0.0   1.0
10.1   0.125   0.0   1.0

 ------------------------------------------------------------------------------------------ 
Number of control points  - (u, v, t) - PATCH 0
------------------------------------------------------------------------------------------ 
53   5   0

 ------------------------------------------------------------------------------------------ 
Degree (u,v,t) - PATCH 0
------------------------------------------------------------------------------------------ 
3   3   0

 ------------------------------------------------------------------------------------------ 
KNOT VECTOR (u) - PATCH 0
------------------------------------------------------------------------------------------ 
0.0
0.0
0.0
0.0
0.02
0.04
0.06
0.08
0.1
0.12
0.14
0.16
0.18
0.2
0.22
0.24
0.26
0.28
0.3
0.32
0.34
0.36
0.38
0.4
0.42
0.44
0.46
0.48
0.5
0.52
0.54
0.56
0.58
0.6
0.62
0.64
0.66
0.68
0.7
0.72
0.74
0.76
0.78
0.8
0.82
0.84
0.86
0.88
0.9
0.92
0.94
0.96
0.98
1.0
1.0
1.0
1.0

 ------------------------------------------------------------------------------------------ 
KNOT VECTOR (v) - PATCH 0
------------------------------------------------------------------------------------------ 
0.0
0.0
0.0
0.0
0.5
1.0
1.0
1.0
1.0

 ------------------------------------------------------------------------------------------ 
NUMBER OF NEUMMAN BOUNDARY CONDITION - PATCH 0
------------------------------------------------------------------------------------------ 
0

 ------------------------------------------------------------------------------------------ 
POINT/CURVE INDEX    VALUES (X, Y) - PATCH 0
------------------------------------------------------------------------------------------ 

 ------------------------------------------------------------------------------------------ 
NUMBER OF DIRICHELET BOUNDARY CONDITION - PATCH 0
------------------------------------------------------------------------------------------ 
1

 ------------------------------------------------------------------------------------------ 
POINT/CURVE INDEX    (0-FREE, 1- DISPLACEMENT) VALUES (X, Y) - PATCH 0
------------------------------------------------------------------------------------------ 
CURVE 3 1 1 0.0 0.0
