------------------------------------------------------------------------------------------
NUMBER OF PATCHES        
------------------------------------------------------------------------------------------
2

------------------------------------------------------------------------------------------ 
NUMBER OF CONTROL POINTS - PATCH 0
------------------------------------------------------------------------------------------ 
265

 ------------------------------------------------------------------------------------------ 
INDEX MATERIAL - PATCH 0
------------------------------------------------------------------------------------------ 
0

 ------------------------------------------------------------------------------------------ 
THICKNESS  - PATCH 0
------------------------------------------------------------------------------------------ 
1.0

 ------------------------------------------------------------------------------------------ 
CONTROL POINTS COORDINATES AND WEIGHT (X,Y,Z,W)  - PATCH 0
------------------------------------------------------------------------------------------ 
0.0   0.0   0.0   1.0
0.0   0.0208333333333   0.0   1.0
0.0   0.0625   0.0   1.0
0.0   0.104166666667   0.0   1.0
0.0   0.125   0.0   1.0
0.0666666666667   0.0   0.0   1.0
0.0666666666667   0.0208333333333   0.0   1.0
0.0666666666667   0.0625   0.0   1.0
0.0666666666667   0.104166666667   0.0   1.0
0.0666666666667   0.125   0.0   1.0
0.2   0.0   0.0   1.0
0.2   0.0208333333333   0.0   1.0
0.2   0.0625   0.0   1.0
0.2   0.104166666667   0.0   1.0
0.2   0.125   0.0   1.0
0.4   0.0   0.0   1.0
0.4   0.0208333333333   0.0   1.0
0.4   0.0625   0.0   1.0
0.4   0.104166666667   0.0   1.0
0.4   0.125   0.0   1.0
0.6   0.0   0.0   1.0
0.6   0.0208333333333   0.0   1.0
0.6   0.0625   0.0   1.0
0.6   0.104166666667   0.0   1.0
0.6   0.125   0.0   1.0
0.8   0.0   0.0   1.0
0.8   0.0208333333333   0.0   1.0
0.8   0.0625   0.0   1.0
0.8   0.104166666667   0.0   1.0
0.8   0.125   0.0   1.0
1.0   0.0   0.0   1.0
1.0   0.0208333333333   0.0   1.0
1.0   0.0625   0.0   1.0
1.0   0.104166666667   0.0   1.0
1.0   0.125   0.0   1.0
1.2   0.0   0.0   1.0
1.2   0.0208333333333   0.0   1.0
1.2   0.0625   0.0   1.0
1.2   0.104166666667   0.0   1.0
1.2   0.125   0.0   1.0
1.4   0.0   0.0   1.0
1.4   0.0208333333333   0.0   1.0
1.4   0.0625   0.0   1.0
1.4   0.104166666667   0.0   1.0
1.4   0.125   0.0   1.0
1.6   0.0   0.0   1.0
1.6   0.0208333333333   0.0   1.0
1.6   0.0625   0.0   1.0
1.6   0.104166666667   0.0   1.0
1.6   0.125   0.0   1.0
1.8   0.0   0.0   1.0
1.8   0.0208333333333   0.0   1.0
1.8   0.0625   0.0   1.0
1.8   0.104166666667   0.0   1.0
1.8   0.125   0.0   1.0
2.0   0.0   0.0   1.0
2.0   0.0208333333333   0.0   1.0
2.0   0.0625   0.0   1.0
2.0   0.104166666667   0.0   1.0
2.0   0.125   0.0   1.0
2.2   0.0   0.0   1.0
2.2   0.0208333333333   0.0   1.0
2.2   0.0625   0.0   1.0
2.2   0.104166666667   0.0   1.0
2.2   0.125   0.0   1.0
2.4   0.0   0.0   1.0
2.4   0.0208333333333   0.0   1.0
2.4   0.0625   0.0   1.0
2.4   0.104166666667   0.0   1.0
2.4   0.125   0.0   1.0
2.6   0.0   0.0   1.0
2.6   0.0208333333333   0.0   1.0
2.6   0.0625   0.0   1.0
2.6   0.104166666667   0.0   1.0
2.6   0.125   0.0   1.0
2.8   0.0   0.0   1.0
2.8   0.0208333333333   0.0   1.0
2.8   0.0625   0.0   1.0
2.8   0.104166666667   0.0   1.0
2.8   0.125   0.0   1.0
3.0   0.0   0.0   1.0
3.0   0.0208333333333   0.0   1.0
3.0   0.0625   0.0   1.0
3.0   0.104166666667   0.0   1.0
3.0   0.125   0.0   1.0
3.2   0.0   0.0   1.0
3.2   0.0208333333333   0.0   1.0
3.2   0.0625   0.0   1.0
3.2   0.104166666667   0.0   1.0
3.2   0.125   0.0   1.0
3.4   0.0   0.0   1.0
3.4   0.0208333333333   0.0   1.0
3.4   0.0625   0.0   1.0
3.4   0.104166666667   0.0   1.0
3.4   0.125   0.0   1.0
3.6   0.0   0.0   1.0
3.6   0.0208333333333   0.0   1.0
3.6   0.0625   0.0   1.0
3.6   0.104166666667   0.0   1.0
3.6   0.125   0.0   1.0
3.8   0.0   0.0   1.0
3.8   0.0208333333333   0.0   1.0
3.8   0.0625   0.0   1.0
3.8   0.104166666667   0.0   1.0
3.8   0.125   0.0   1.0
4.0   0.0   0.0   1.0
4.0   0.0208333333333   0.0   1.0
4.0   0.0625   0.0   1.0
4.0   0.104166666667   0.0   1.0
4.0   0.125   0.0   1.0
4.2   0.0   0.0   1.0
4.2   0.0208333333333   0.0   1.0
4.2   0.0625   0.0   1.0
4.2   0.104166666667   0.0   1.0
4.2   0.125   0.0   1.0
4.4   0.0   0.0   1.0
4.4   0.0208333333333   0.0   1.0
4.4   0.0625   0.0   1.0
4.4   0.104166666667   0.0   1.0
4.4   0.125   0.0   1.0
4.6   0.0   0.0   1.0
4.6   0.0208333333333   0.0   1.0
4.6   0.0625   0.0   1.0
4.6   0.104166666667   0.0   1.0
4.6   0.125   0.0   1.0
4.8   0.0   0.0   1.0
4.8   0.0208333333333   0.0   1.0
4.8   0.0625   0.0   1.0
4.8   0.104166666667   0.0   1.0
4.8   0.125   0.0   1.0
5.0   0.0   0.0   1.0
5.0   0.0208333333333   0.0   1.0
5.0   0.0625   0.0   1.0
5.0   0.104166666667   0.0   1.0
5.0   0.125   0.0   1.0
5.2   0.0   0.0   1.0
5.2   0.0208333333333   0.0   1.0
5.2   0.0625   0.0   1.0
5.2   0.104166666667   0.0   1.0
5.2   0.125   0.0   1.0
5.4   0.0   0.0   1.0
5.4   0.0208333333333   0.0   1.0
5.4   0.0625   0.0   1.0
5.4   0.104166666667   0.0   1.0
5.4   0.125   0.0   1.0
5.6   0.0   0.0   1.0
5.6   0.0208333333333   0.0   1.0
5.6   0.0625   0.0   1.0
5.6   0.104166666667   0.0   1.0
5.6   0.125   0.0   1.0
5.8   0.0   0.0   1.0
5.8   0.0208333333333   0.0   1.0
5.8   0.0625   0.0   1.0
5.8   0.104166666667   0.0   1.0
5.8   0.125   0.0   1.0
6.0   0.0   0.0   1.0
6.0   0.0208333333333   0.0   1.0
6.0   0.0625   0.0   1.0
6.0   0.104166666667   0.0   1.0
6.0   0.125   0.0   1.0
6.2   0.0   0.0   1.0
6.2   0.0208333333333   0.0   1.0
6.2   0.0625   0.0   1.0
6.2   0.104166666667   0.0   1.0
6.2   0.125   0.0   1.0
6.4   0.0   0.0   1.0
6.4   0.0208333333333   0.0   1.0
6.4   0.0625   0.0   1.0
6.4   0.104166666667   0.0   1.0
6.4   0.125   0.0   1.0
6.6   0.0   0.0   1.0
6.6   0.0208333333333   0.0   1.0
6.6   0.0625   0.0   1.0
6.6   0.104166666667   0.0   1.0
6.6   0.125   0.0   1.0
6.8   0.0   0.0   1.0
6.8   0.0208333333333   0.0   1.0
6.8   0.0625   0.0   1.0
6.8   0.104166666667   0.0   1.0
6.8   0.125   0.0   1.0
7.0   0.0   0.0   1.0
7.0   0.0208333333333   0.0   1.0
7.0   0.0625   0.0   1.0
7.0   0.104166666667   0.0   1.0
7.0   0.125   0.0   1.0
7.2   0.0   0.0   1.0
7.2   0.0208333333333   0.0   1.0
7.2   0.0625   0.0   1.0
7.2   0.104166666667   0.0   1.0
7.2   0.125   0.0   1.0
7.4   0.0   0.0   1.0
7.4   0.0208333333333   0.0   1.0
7.4   0.0625   0.0   1.0
7.4   0.104166666667   0.0   1.0
7.4   0.125   0.0   1.0
7.6   0.0   0.0   1.0
7.6   0.0208333333333   0.0   1.0
7.6   0.0625   0.0   1.0
7.6   0.104166666667   0.0   1.0
7.6   0.125   0.0   1.0
7.8   0.0   0.0   1.0
7.8   0.0208333333333   0.0   1.0
7.8   0.0625   0.0   1.0
7.8   0.104166666667   0.0   1.0
7.8   0.125   0.0   1.0
8.0   0.0   0.0   1.0
8.0   0.0208333333333   0.0   1.0
8.0   0.0625   0.0   1.0
8.0   0.104166666667   0.0   1.0
8.0   0.125   0.0   1.0
8.2   0.0   0.0   1.0
8.2   0.0208333333333   0.0   1.0
8.2   0.0625   0.0   1.0
8.2   0.104166666667   0.0   1.0
8.2   0.125   0.0   1.0
8.4   0.0   0.0   1.0
8.4   0.0208333333333   0.0   1.0
8.4   0.0625   0.0   1.0
8.4   0.104166666667   0.0   1.0
8.4   0.125   0.0   1.0
8.6   0.0   0.0   1.0
8.6   0.0208333333333   0.0   1.0
8.6   0.0625   0.0   1.0
8.6   0.104166666667   0.0   1.0
8.6   0.125   0.0   1.0
8.8   0.0   0.0   1.0
8.8   0.0208333333333   0.0   1.0
8.8   0.0625   0.0   1.0
8.8   0.104166666667   0.0   1.0
8.8   0.125   0.0   1.0
9.0   0.0   0.0   1.0
9.0   0.0208333333333   0.0   1.0
9.0   0.0625   0.0   1.0
9.0   0.104166666667   0.0   1.0
9.0   0.125   0.0   1.0
9.2   0.0   0.0   1.0
9.2   0.0208333333333   0.0   1.0
9.2   0.0625   0.0   1.0
9.2   0.104166666667   0.0   1.0
9.2   0.125   0.0   1.0
9.4   0.0   0.0   1.0
9.4   0.0208333333333   0.0   1.0
9.4   0.0625   0.0   1.0
9.4   0.104166666667   0.0   1.0
9.4   0.125   0.0   1.0
9.6   0.0   0.0   1.0
9.6   0.0208333333333   0.0   1.0
9.6   0.0625   0.0   1.0
9.6   0.104166666667   0.0   1.0
9.6   0.125   0.0   1.0
9.8   0.0   0.0   1.0
9.8   0.0208333333333   0.0   1.0
9.8   0.0625   0.0   1.0
9.8   0.104166666667   0.0   1.0
9.8   0.125   0.0   1.0
9.93333333333   0.0   0.0   1.0
9.93333333333   0.0208333333333   0.0   1.0
9.93333333333   0.0625   0.0   1.0
9.93333333333   0.104166666667   0.0   1.0
9.93333333333   0.125   0.0   1.0
10.0   0.0   0.0   1.0
10.0   0.0208333333333   0.0   1.0
10.0   0.0625   0.0   1.0
10.0   0.104166666667   0.0   1.0
10.0   0.125   0.0   1.0

 ------------------------------------------------------------------------------------------ 
Number of control points  - (u, v, t) - PATCH 0
------------------------------------------------------------------------------------------ 
53   5   0

 ------------------------------------------------------------------------------------------ 
Degree (u,v,t) - PATCH 0
------------------------------------------------------------------------------------------ 
3   3   0

 ------------------------------------------------------------------------------------------ 
KNOT VECTOR (u) - PATCH 0
------------------------------------------------------------------------------------------ 
0.0
0.0
0.0
0.0
0.02
0.04
0.06
0.08
0.1
0.12
0.14
0.16
0.18
0.2
0.22
0.24
0.26
0.28
0.3
0.32
0.34
0.36
0.38
0.4
0.42
0.44
0.46
0.48
0.5
0.52
0.54
0.56
0.58
0.6
0.62
0.64
0.66
0.68
0.7
0.72
0.74
0.76
0.78
0.8
0.82
0.84
0.86
0.88
0.9
0.92
0.94
0.96
0.98
1.0
1.0
1.0
1.0

 ------------------------------------------------------------------------------------------ 
KNOT VECTOR (v) - PATCH 0
------------------------------------------------------------------------------------------ 
0.0
0.0
0.0
0.0
0.5
1.0
1.0
1.0
1.0

 ------------------------------------------------------------------------------------------ 
NUMBER OF NEUMMAN BOUNDARY CONDITION - PATCH 0
------------------------------------------------------------------------------------------ 
1

 ------------------------------------------------------------------------------------------ 
POINT/CURVE INDEX    VALUES (X, Y) - PATCH 0
------------------------------------------------------------------------------------------ 
POINT 264 0 -640.0

 ------------------------------------------------------------------------------------------ 
NUMBER OF DIRICHELET BOUNDARY CONDITION - PATCH 0
------------------------------------------------------------------------------------------ 
1

 ------------------------------------------------------------------------------------------ 
POINT/CURVE INDEX    (0-FREE, 1- DISPLACEMENT) VALUES (X, Y) - PATCH 0
------------------------------------------------------------------------------------------ 
CURVE 3 1 1 0.0 0.0

------------------------------------------------------------------------------------------ 
NUMBER OF CONTROL POINTS - PATCH 0
------------------------------------------------------------------------------------------ 
265

 ------------------------------------------------------------------------------------------ 
INDEX MATERIAL - PATCH 0
------------------------------------------------------------------------------------------ 
0

 ------------------------------------------------------------------------------------------ 
THICKNESS  - PATCH 0
------------------------------------------------------------------------------------------ 
1.0

 ------------------------------------------------------------------------------------------ 
CONTROL POINTS COORDINATES AND WEIGHT (X,Y,Z,W)  - PATCH 0
------------------------------------------------------------------------------------------ 
10.0   0.0   0.0   1.0
10.0   0.0208333333333   0.0   1.0
10.0   0.0625   0.0   1.0
10.0   0.104166666667   0.0   1.0
10.0   0.125   0.0   1.0
10.0666666667   0.0   0.0   1.0
10.0666666667   0.0208333333333   0.0   1.0
10.0666666667   0.0625   0.0   1.0
10.0666666667   0.104166666667   0.0   1.0
10.0666666667   0.125   0.0   1.0
10.2   0.0   0.0   1.0
10.2   0.0208333333333   0.0   1.0
10.2   0.0625   0.0   1.0
10.2   0.104166666667   0.0   1.0
10.2   0.125   0.0   1.0
10.4   0.0   0.0   1.0
10.4   0.0208333333333   0.0   1.0
10.4   0.0625   0.0   1.0
10.4   0.104166666667   0.0   1.0
10.4   0.125   0.0   1.0
10.6   0.0   0.0   1.0
10.6   0.0208333333333   0.0   1.0
10.6   0.0625   0.0   1.0
10.6   0.104166666667   0.0   1.0
10.6   0.125   0.0   1.0
10.8   0.0   0.0   1.0
10.8   0.0208333333333   0.0   1.0
10.8   0.0625   0.0   1.0
10.8   0.104166666667   0.0   1.0
10.8   0.125   0.0   1.0
11.0   0.0   0.0   1.0
11.0   0.0208333333333   0.0   1.0
11.0   0.0625   0.0   1.0
11.0   0.104166666667   0.0   1.0
11.0   0.125   0.0   1.0
11.2   0.0   0.0   1.0
11.2   0.0208333333333   0.0   1.0
11.2   0.0625   0.0   1.0
11.2   0.104166666667   0.0   1.0
11.2   0.125   0.0   1.0
11.4   0.0   0.0   1.0
11.4   0.0208333333333   0.0   1.0
11.4   0.0625   0.0   1.0
11.4   0.104166666667   0.0   1.0
11.4   0.125   0.0   1.0
11.6   0.0   0.0   1.0
11.6   0.0208333333333   0.0   1.0
11.6   0.0625   0.0   1.0
11.6   0.104166666667   0.0   1.0
11.6   0.125   0.0   1.0
11.8   0.0   0.0   1.0
11.8   0.0208333333333   0.0   1.0
11.8   0.0625   0.0   1.0
11.8   0.104166666667   0.0   1.0
11.8   0.125   0.0   1.0
12.0   0.0   0.0   1.0
12.0   0.0208333333333   0.0   1.0
12.0   0.0625   0.0   1.0
12.0   0.104166666667   0.0   1.0
12.0   0.125   0.0   1.0
12.2   0.0   0.0   1.0
12.2   0.0208333333333   0.0   1.0
12.2   0.0625   0.0   1.0
12.2   0.104166666667   0.0   1.0
12.2   0.125   0.0   1.0
12.4   0.0   0.0   1.0
12.4   0.0208333333333   0.0   1.0
12.4   0.0625   0.0   1.0
12.4   0.104166666667   0.0   1.0
12.4   0.125   0.0   1.0
12.6   0.0   0.0   1.0
12.6   0.0208333333333   0.0   1.0
12.6   0.0625   0.0   1.0
12.6   0.104166666667   0.0   1.0
12.6   0.125   0.0   1.0
12.8   0.0   0.0   1.0
12.8   0.0208333333333   0.0   1.0
12.8   0.0625   0.0   1.0
12.8   0.104166666667   0.0   1.0
12.8   0.125   0.0   1.0
13.0   0.0   0.0   1.0
13.0   0.0208333333333   0.0   1.0
13.0   0.0625   0.0   1.0
13.0   0.104166666667   0.0   1.0
13.0   0.125   0.0   1.0
13.2   0.0   0.0   1.0
13.2   0.0208333333333   0.0   1.0
13.2   0.0625   0.0   1.0
13.2   0.104166666667   0.0   1.0
13.2   0.125   0.0   1.0
13.4   0.0   0.0   1.0
13.4   0.0208333333333   0.0   1.0
13.4   0.0625   0.0   1.0
13.4   0.104166666667   0.0   1.0
13.4   0.125   0.0   1.0
13.6   0.0   0.0   1.0
13.6   0.0208333333333   0.0   1.0
13.6   0.0625   0.0   1.0
13.6   0.104166666667   0.0   1.0
13.6   0.125   0.0   1.0
13.8   0.0   0.0   1.0
13.8   0.0208333333333   0.0   1.0
13.8   0.0625   0.0   1.0
13.8   0.104166666667   0.0   1.0
13.8   0.125   0.0   1.0
14.0   0.0   0.0   1.0
14.0   0.0208333333333   0.0   1.0
14.0   0.0625   0.0   1.0
14.0   0.104166666667   0.0   1.0
14.0   0.125   0.0   1.0
14.2   0.0   0.0   1.0
14.2   0.0208333333333   0.0   1.0
14.2   0.0625   0.0   1.0
14.2   0.104166666667   0.0   1.0
14.2   0.125   0.0   1.0
14.4   0.0   0.0   1.0
14.4   0.0208333333333   0.0   1.0
14.4   0.0625   0.0   1.0
14.4   0.104166666667   0.0   1.0
14.4   0.125   0.0   1.0
14.6   0.0   0.0   1.0
14.6   0.0208333333333   0.0   1.0
14.6   0.0625   0.0   1.0
14.6   0.104166666667   0.0   1.0
14.6   0.125   0.0   1.0
14.8   0.0   0.0   1.0
14.8   0.0208333333333   0.0   1.0
14.8   0.0625   0.0   1.0
14.8   0.104166666667   0.0   1.0
14.8   0.125   0.0   1.0
15.0   0.0   0.0   1.0
15.0   0.0208333333333   0.0   1.0
15.0   0.0625   0.0   1.0
15.0   0.104166666667   0.0   1.0
15.0   0.125   0.0   1.0
15.2   0.0   0.0   1.0
15.2   0.0208333333333   0.0   1.0
15.2   0.0625   0.0   1.0
15.2   0.104166666667   0.0   1.0
15.2   0.125   0.0   1.0
15.4   0.0   0.0   1.0
15.4   0.0208333333333   0.0   1.0
15.4   0.0625   0.0   1.0
15.4   0.104166666667   0.0   1.0
15.4   0.125   0.0   1.0
15.6   0.0   0.0   1.0
15.6   0.0208333333333   0.0   1.0
15.6   0.0625   0.0   1.0
15.6   0.104166666667   0.0   1.0
15.6   0.125   0.0   1.0
15.8   0.0   0.0   1.0
15.8   0.0208333333333   0.0   1.0
15.8   0.0625   0.0   1.0
15.8   0.104166666667   0.0   1.0
15.8   0.125   0.0   1.0
16.0   0.0   0.0   1.0
16.0   0.0208333333333   0.0   1.0
16.0   0.0625   0.0   1.0
16.0   0.104166666667   0.0   1.0
16.0   0.125   0.0   1.0
16.2   0.0   0.0   1.0
16.2   0.0208333333333   0.0   1.0
16.2   0.0625   0.0   1.0
16.2   0.104166666667   0.0   1.0
16.2   0.125   0.0   1.0
16.4   0.0   0.0   1.0
16.4   0.0208333333333   0.0   1.0
16.4   0.0625   0.0   1.0
16.4   0.104166666667   0.0   1.0
16.4   0.125   0.0   1.0
16.6   0.0   0.0   1.0
16.6   0.0208333333333   0.0   1.0
16.6   0.0625   0.0   1.0
16.6   0.104166666667   0.0   1.0
16.6   0.125   0.0   1.0
16.8   0.0   0.0   1.0
16.8   0.0208333333333   0.0   1.0
16.8   0.0625   0.0   1.0
16.8   0.104166666667   0.0   1.0
16.8   0.125   0.0   1.0
17.0   0.0   0.0   1.0
17.0   0.0208333333333   0.0   1.0
17.0   0.0625   0.0   1.0
17.0   0.104166666667   0.0   1.0
17.0   0.125   0.0   1.0
17.2   0.0   0.0   1.0
17.2   0.0208333333333   0.0   1.0
17.2   0.0625   0.0   1.0
17.2   0.104166666667   0.0   1.0
17.2   0.125   0.0   1.0
17.4   0.0   0.0   1.0
17.4   0.0208333333333   0.0   1.0
17.4   0.0625   0.0   1.0
17.4   0.104166666667   0.0   1.0
17.4   0.125   0.0   1.0
17.6   0.0   0.0   1.0
17.6   0.0208333333333   0.0   1.0
17.6   0.0625   0.0   1.0
17.6   0.104166666667   0.0   1.0
17.6   0.125   0.0   1.0
17.8   0.0   0.0   1.0
17.8   0.0208333333333   0.0   1.0
17.8   0.0625   0.0   1.0
17.8   0.104166666667   0.0   1.0
17.8   0.125   0.0   1.0
18.0   0.0   0.0   1.0
18.0   0.0208333333333   0.0   1.0
18.0   0.0625   0.0   1.0
18.0   0.104166666667   0.0   1.0
18.0   0.125   0.0   1.0
18.2   0.0   0.0   1.0
18.2   0.0208333333333   0.0   1.0
18.2   0.0625   0.0   1.0
18.2   0.104166666667   0.0   1.0
18.2   0.125   0.0   1.0
18.4   0.0   0.0   1.0
18.4   0.0208333333333   0.0   1.0
18.4   0.0625   0.0   1.0
18.4   0.104166666667   0.0   1.0
18.4   0.125   0.0   1.0
18.6   0.0   0.0   1.0
18.6   0.0208333333333   0.0   1.0
18.6   0.0625   0.0   1.0
18.6   0.104166666667   0.0   1.0
18.6   0.125   0.0   1.0
18.8   0.0   0.0   1.0
18.8   0.0208333333333   0.0   1.0
18.8   0.0625   0.0   1.0
18.8   0.104166666667   0.0   1.0
18.8   0.125   0.0   1.0
19.0   0.0   0.0   1.0
19.0   0.0208333333333   0.0   1.0
19.0   0.0625   0.0   1.0
19.0   0.104166666667   0.0   1.0
19.0   0.125   0.0   1.0
19.2   0.0   0.0   1.0
19.2   0.0208333333333   0.0   1.0
19.2   0.0625   0.0   1.0
19.2   0.104166666667   0.0   1.0
19.2   0.125   0.0   1.0
19.4   0.0   0.0   1.0
19.4   0.0208333333333   0.0   1.0
19.4   0.0625   0.0   1.0
19.4   0.104166666667   0.0   1.0
19.4   0.125   0.0   1.0
19.6   0.0   0.0   1.0
19.6   0.0208333333333   0.0   1.0
19.6   0.0625   0.0   1.0
19.6   0.104166666667   0.0   1.0
19.6   0.125   0.0   1.0
19.8   0.0   0.0   1.0
19.8   0.0208333333333   0.0   1.0
19.8   0.0625   0.0   1.0
19.8   0.104166666667   0.0   1.0
19.8   0.125   0.0   1.0
19.9333333333   0.0   0.0   1.0
19.9333333333   0.0208333333333   0.0   1.0
19.9333333333   0.0625   0.0   1.0
19.9333333333   0.104166666667   0.0   1.0
19.9333333333   0.125   0.0   1.0
20.0   0.0   0.0   1.0
20.0   0.0208333333333   0.0   1.0
20.0   0.0625   0.0   1.0
20.0   0.104166666667   0.0   1.0
20.0   0.125   0.0   1.0

 ------------------------------------------------------------------------------------------ 
Number of control points  - (u, v, t) - PATCH 0
------------------------------------------------------------------------------------------ 
53   5   0

 ------------------------------------------------------------------------------------------ 
Degree (u,v,t) - PATCH 0
------------------------------------------------------------------------------------------ 
3   3   0

 ------------------------------------------------------------------------------------------ 
KNOT VECTOR (u) - PATCH 0
------------------------------------------------------------------------------------------ 
0.0
0.0
0.0
0.0
0.02
0.04
0.06
0.08
0.1
0.12
0.14
0.16
0.18
0.2
0.22
0.24
0.26
0.28
0.3
0.32
0.34
0.36
0.38
0.4
0.42
0.44
0.46
0.48
0.5
0.52
0.54
0.56
0.58
0.6
0.62
0.64
0.66
0.68
0.7
0.72
0.74
0.76
0.78
0.8
0.82
0.84
0.86
0.88
0.9
0.92
0.94
0.96
0.98
1.0
1.0
1.0
1.0

 ------------------------------------------------------------------------------------------ 
KNOT VECTOR (v) - PATCH 0
------------------------------------------------------------------------------------------ 
0.0
0.0
0.0
0.0
0.5
1.0
1.0
1.0
1.0

 ------------------------------------------------------------------------------------------ 
NUMBER OF NEUMMAN BOUNDARY CONDITION - PATCH 0
------------------------------------------------------------------------------------------ 
0

 ------------------------------------------------------------------------------------------ 
POINT/CURVE INDEX    VALUES (X, Y) - PATCH 0
------------------------------------------------------------------------------------------ 

 ------------------------------------------------------------------------------------------ 
NUMBER OF DIRICHELET BOUNDARY CONDITION - PATCH 0
------------------------------------------------------------------------------------------ 
1

 ------------------------------------------------------------------------------------------ 
POINT/CURVE INDEX    (0-FREE, 1- DISPLACEMENT) VALUES (X, Y) - PATCH 0
------------------------------------------------------------------------------------------ 
CURVE 1 1 1 0.0 0.0
