------------------------------------------------------------------------------------------
NUMBER OF PATCHES        
------------------------------------------------------------------------------------------
1
  
------------------------------------------------------------------------------------------
NUMBER OF CONTROL POINTS - PATCH 0        
------------------------------------------------------------------------------------------
56

------------------------------------------------------------------------------------------
INDEX MATERIAL - PATCH 0
------------------------------------------------------------------------------------------
0 

------------------------------------------------------------------------------------------
THICKNESS - PATCH 0        
------------------------------------------------------------------------------------------
10.  
     
------------------------------------------------------------------------------------------
CONTROL POINTS COORDINATES AND WEIGHT (X,Y,Z,W) - PATCH 0
------------------------------------------------------------------------------------------
9.99999999999   6.99999999999   0.0   0.999999999999
9.99999999999   7.49999999999   0.0   0.999999999999
10.00000000000   8.49999999999   0.0   0.999999999999
10.0   8.99999999999   0.0   0.999999999999
9.87268605432   6.82767377716   0.0   0.975381968165
9.90240264749   7.31536476124   0.0   0.975381968165
9.96183583382   8.29074672940   0.0   0.975381968165
9.99155242699   8.77843771349   0.0   0.975381968165
9.71055771261   6.55162380223   0.0   0.93938182906
9.78974256811   7.01530246646   0.0   0.93938182906
9.94811227912   7.94265979492   0.0   0.93938182906
10.0272971346   8.40633845915   0.0   0.93938182906
9.56356650863   6.22448405538   0.0   0.900427870054
9.70338846065   6.65507023166   0.0   0.900427870054
9.9830323647   7.51624258422   0.0   0.900427870054
10.1228543167   7.9468287605   0.0   0.900427870054
9.53647696175   5.94717281489   0.0   0.8754187122
9.73204942169   6.33969262837   0.0   0.8754187122
10.1231943416   7.12473225531   0.0   0.8754187122
10.3187668015   7.51725206879   0.0   0.8754187122
9.56713194591   5.74458209897   0.0   0.861292704532
9.80568317106   6.10411174305   0.0   0.861292704532
10.2827856214   6.82317103120   0.0   0.861292704532
10.5213368465   7.18270067528   0.0   0.861292704532
9.67272205772   5.54930564888   0.0   0.853924196024
9.95609208208   5.86922681607   0.0   0.853924196024
10.5228321308   6.50906915045   0.0   0.853924196024
10.8062021552   6.82899031764   0.0   0.853924196024
9.83623300855   5.39040237719   0.0   0.854302756724
10.1595343689   5.67012452558   0.0   0.854302756724
10.8061370895   6.22956882237   0.0   0.854302756724
11.1294384499   6.50929097076   0.0   0.854302756724
10.0613059239   5.25685492485   0.0   0.861822365238
10.4220764918   5.49379069952   0.0   0.861822365238
11.1436176276   5.96766224885   0.0   0.861822365238
11.5043881954   6.20459802351   0.0   0.861822365238
10.3829871554   5.13763067135   0.0   0.878455957301
10.7825940510   5.32396839256   0.0   0.878455957301
11.5818078422   5.69664383498   0.0   0.878455957301
11.9814147378   5.88298155619   0.0   0.878455957301
10.7803517727   5.06050435394   0.0   0.904766303813
11.2135239564   5.19467256266   0.0   0.904766303813
12.0798683237   5.46300898009   0.0   0.904766303813
12.5130405074   5.59717718881   0.0   0.904766303813
11.2019864914   5.01503086883   0.0   0.93567120307
11.6633051065   5.09919958221   0.0   0.93567120307
12.5859423368   5.26753700895   0.0   0.93567120307
13.0472609520   5.35170572232   0.0   0.93567120307
11.7131348194   4.99589847635   0.0   0.97609456828
12.2011821035   5.02475488508   0.0   0.97609456828
13.1772766718   5.08246770256   0.0   0.97609456828
13.6653239559   5.11132411129   0.0   0.97609456828
12.0   5.0   0.0   1.0
12.5   5.0   0.0   1.0
13.5   5.0   0.0   1.0
14.0   5.0   0.0   1.0

------------------------------------------------------------------------------------------
Number of control points  - (u, v, t) - PATCH 0
------------------------------------------------------------------------------------------
14 4 0

------------------------------------------------------------------------------------------
Degree (u,v,t) - PATCH 0
------------------------------------------------------------------------------------------
2 2 0

------------------------------------------------------------------------------------------
KNOT VECTOR (u) - PATCH 0
------------------------------------------------------------------------------------------
0.0000000000000000000
0.0000000000000000000
0.0000000000000000000
0.0833333333333333000
0.1666666666666670000
0.2500000000000000000
0.3333333333333330000
0.4166666666666670000
0.5000000000000000000
0.5833333333333330000
0.6666666666666670000
0.7500000000000000000
0.8333333333333330000
0.9166666666666670000
1.0000000000000000000
1.0000000000000000000
1.0000000000000000000

------------------------------------------------------------------------------------------
KNOT VECTOR (v) - PATCH 0
------------------------------------------------------------------------------------------
0.000
0.000
0.000
0.500
1.000
1.000
1.000

------------------------------------------------------------------------------------------
NUMBER OF NEUMMAN BOUNDARY CONDITION
------------------------------------------------------------------------------------------
1

-----------------------------------------------------------------------------------------
CONTROL POINT INDEX    VALUES (X, Y)
------------------------------------------------------------------------------------------
POINT 55 0.0 12.50

------------------------------------------------------------------------------------------
NUMBER OF DIRICHELET BOUNDARY CONDITION
------------------------------------------------------------------------------------------
1

------------------------------------------------------------------------------------------
CONTROL POINT INDEX    (0-FREE, 1- DISPLACEMENT) VALUES (X, Y)
------------------------------------------------------------------------------------------
CURVE 3 1 1 0.0 0.0





CURVE 1 1 1 0.1 0.0


CURVE 1 1 1 0.1 0.0
POINT 1 1 1 0.0 0.0
POINT 2 1 1 0.0 0.0
POINT 3 1 1 0.0 0.0
POINT 5 1 1 0.0 0.0
POINT 6 1 1 0.0 0.0
POINT 7 1 1 0.0 0.0
POINT 9 1 1 0.0 0.0
POINT 10 1 1 0.0 0.0
POINT 11 1 1 0.0 0.0
POINT 13 1 1 0.0 0.0
POINT 14 1 1 0.0 0.0
POINT 15 1 1 0.0 0.0





CURVE 1 1 0 -0.1 0.0




POINT 0 0 1 0.0 0.0

