------------------------------------------------------------------------------------------
NUMBER OF PATCHES        
------------------------------------------------------------------------------------------
1  
  
------------------------------------------------------------------------------------------
NUMBER OF CONTROL POINTS - PATCH 0        
------------------------------------------------------------------------------------------
80

------------------------------------------------------------------------------------------
INDEX MATERIAL - PATCH 0
------------------------------------------------------------------------------------------
0 

------------------------------------------------------------------------------------------
THICKNESS - PATCH 0        
------------------------------------------------------------------------------------------
10.  
     
------------------------------------------------------------------------------------------
CONTROL POINTS COORDINATES AND WEIGHT (X,Y,Z,W) - PATCH 0
------------------------------------------------------------------------------------------
10.0   7.0   0.0   1.0
10.0000000000   7.5   0.0   1.0
10.0000000000   8.5   0.0   1.0
10.0000000000   9.0   0.0   1.0
10.0873184331   7.00000852074   0.0   1.0
10.1091480414   7.50001065093   0.0   1.0
10.1528072579   8.50001491130   0.0   1.0
10.1746368662   9.00001704148   0.0   1.0
10.2613301444   6.98522256045   0.0   1.0
10.3266626805   7.48152820057   0.0   1.0
10.4573277527   8.47413948080   0.0   1.0
10.5226602888   8.97044512091   0.0   1.0
10.4334227473   6.95548541493   0.0   1.0
10.5417784341   7.44435676867   0.0   1.0
10.7584898077   8.42209947614   0.0   1.0
10.8668454945   8.91097082987   0.0   1.0
10.6022415771   6.91074366519   0.0   1.0
10.7528019714   7.38842958148   0.0   1.0
11.0539227600   8.34380141408   0.0   1.0
11.2044831542   8.82148733037   0.0   1.0
10.7663790903   6.85105965146   0.0   1.0
10.9579738628   7.31382456433   0.0   1.0
11.3411634080   8.23935439006   0.0   1.0
11.5327581805   8.70211930293   0.0   1.0
10.9243727614   6.77660625641   0.0   1.0
11.1554659518   7.22075782051   0.0   1.0
11.6176523325   8.10906094872   0.0   1.0
11.8487455229   8.55321251282   0.0   1.0
11.0747831419   6.68784504960   0.0   1.0
11.3434789274   7.10980631200   0.0   1.0
11.8808704984   7.95372883680   0.0   1.0
12.1495662838   8.37569009920   0.0   1.0
11.2172130549   6.58679883574   0.0   1.0
11.5215163186   6.98349854468   0.0   1.0
12.1301228460   7.77689796255   0.0   1.0
12.4344261097   8.17359767149   0.0   1.0
11.3506371317   6.47412327743   0.0   1.0
11.6882964147   6.84265409679   0.0   1.0
12.3636149805   7.57971573550   0.0   1.0
12.7012742635   7.94824655486   0.0   1.0
11.4741231630   6.35063794832   0.0   1.0
11.8426539538   6.68829743540   0.0   1.0
12.5797155353   7.36361640956   0.0   1.0
12.9482463261   7.70127589664   0.0   1.0
11.5867991794   6.21721427696   0.0   1.0
11.9834989742   6.52151784620   0.0   1.0
12.7768985639   7.13012498468   0.0   1.0
13.1735983587   7.43442855392   0.0   1.0
11.6878449475   6.07478401111   0.0   1.0
12.1098061844   6.34348001389   0.0   1.0
12.9537286581   6.88087201945   0.0   1.0
13.3756898950   7.14956802222   0.0   1.0
11.7766041453   5.92437246161   0.0   1.0
12.2207551817   6.15546557701   0.0   1.0
13.1090572543   6.61765180781   0.0   1.0
13.5532082907   6.84874492321   0.0   1.0
11.8510570340   5.76637853977   0.0   1.0
12.3138212925   5.95797317472   0.0   1.0
13.2393498095   6.34116244460   0.0   1.0
13.7021140680   6.53275707955   0.0   1.0
11.9107413374   5.60224115112   0.0   1.0
12.3884266717   5.75280143890   0.0   1.0
13.3437973404   6.05392201447   0.0   1.0
13.8214826747   6.20448230225   0.0   1.0
11.9554838820   5.43342254211   0.0   1.0
12.4443548525   5.54177817763   0.0   1.0
13.4220967935   5.75848944869   0.0   1.0
13.9109677639   5.86684508421   0.0   1.0
11.9852219249   5.26133008416   0.0   1.0
12.4815274061   5.32666260520   0.0   1.0
13.4741383685   5.45732764728   0.0   1.0
13.9704438497   5.52266016832   0.0   1.0
12.0000085082   5.08731844203   0.0   1.0
12.5000106353   5.10914805253   0.0   1.0
13.5000148894   5.15280727355   0.0   1.0
14.0000170165   5.17463688406   0.0   1.0
12.0   5.0   0.0   1.0
12.5   5.0   0.0   1.0
13.5   5.0   0.0   1.0
14.0   5.0   0.0   1.0

------------------------------------------------------------------------------------------
Number of control points  - (u, v, t) - PATCH 0
------------------------------------------------------------------------------------------
20 4 0

------------------------------------------------------------------------------------------
Degree (u,v,t) - PATCH 0
------------------------------------------------------------------------------------------
2 2 0

------------------------------------------------------------------------------------------
KNOT VECTOR (u) - PATCH 0
------------------------------------------------------------------------------------------
0.0000000000000000000
0.0000000000000000000
0.0000000000000000000
0.0555555555556667000
0.1111111111110000000
0.1666666666666670000
0.2222222222223330000
0.2777777777776670000
0.3333333333333330000
0.3888888888900000000
0.4444444444433330000
0.5000000000000000000
0.5555555555566670000
0.6111111111100000000
0.6666666666666670000
0.7222222222233330000
0.7777777777766670000
0.8333333333333330000
0.8888888888900000000
0.9444444444433330000
1.0000000000000000000
1.0000000000000000000
1.0000000000000000000

------------------------------------------------------------------------------------------
KNOT VECTOR (v) - PATCH 0
------------------------------------------------------------------------------------------
0.000
0.000
0.000
0.500
1.000
1.000
1.000

------------------------------------------------------------------------------------------
NUMBER OF NEUMMAN BOUNDARY CONDITION
------------------------------------------------------------------------------------------
1

-----------------------------------------------------------------------------------------
CONTROL POINT INDEX    VALUES (X, Y)
------------------------------------------------------------------------------------------
CURVE 2 0.0 12.50

------------------------------------------------------------------------------------------
NUMBER OF DIRICHELET BOUNDARY CONDITION
------------------------------------------------------------------------------------------
1

------------------------------------------------------------------------------------------
CONTROL POINT INDEX    (0-FREE, 1- DISPLACEMENT) VALUES (X, Y)
------------------------------------------------------------------------------------------
CURVE 3 1 1 0.0 0.0
CURVE 1 1 0 2.0 0.0

POINT 0 0 1 0.0 0.0





CURVE 1 1 1 0.1 0.0


CURVE 1 1 1 0.1 0.0
POINT 1 1 1 0.0 0.0
POINT 2 1 1 0.0 0.0
POINT 3 1 1 0.0 0.0
POINT 5 1 1 0.0 0.0
POINT 6 1 1 0.0 0.0
POINT 7 1 1 0.0 0.0
POINT 9 1 1 0.0 0.0
POINT 10 1 1 0.0 0.0
POINT 11 1 1 0.0 0.0
POINT 13 1 1 0.0 0.0
POINT 14 1 1 0.0 0.0
POINT 15 1 1 0.0 0.0





CURVE 1 1 0 -0.1 0.0




POINT 0 0 1 0.0 0.0

