------------------------------------------------------------------------------------------
NUMBER OF PATCHES        
------------------------------------------------------------------------------------------
1  
  
------------------------------------------------------------------------------------------
NUMBER OF CONTROL POINTS - PATCH 0        
------------------------------------------------------------------------------------------
70  

------------------------------------------------------------------------------------------
INDEX MATERIAL - PATCH 0
------------------------------------------------------------------------------------------
0 

------------------------------------------------------------------------------------------
THICKNESS - PATCH 0        
------------------------------------------------------------------------------------------
5.  
     
------------------------------------------------------------------------------------------
CONTROL POINTS COORDINATES AND WEIGHT (X,Y,Z,W) - PATCH 0
------------------------------------------------------------------------------------------
0.0   0.0   0.0   1.0
0.0   0.5   0.0   1.0
0.0   1.5   0.0   1.0
0.0   2.5   0.0   1.0
0.0   3.5   0.0   1.0
0.0   4.5   0.0   1.0
0.0   5.0   0.0   1.0
0.625   0.0   0.0   1.0
0.625   0.5   0.0   1.0
0.625   1.5   0.0   1.0
0.625   2.5   0.0   1.0
0.625   3.5   0.0   1.0
0.625   4.5   0.0   1.0
0.625   5.0   0.0   1.0
1.875   0.0   0.0   1.0
1.875   0.5   0.0   1.0
1.875   1.5   0.0   1.0
1.875   2.5   0.0   1.0
1.875   3.5   0.0   1.0
1.875   4.5   0.0   1.0
1.875   5.0   0.0   1.0
3.125   0.0   0.0   1.0
3.125   0.5   0.0   1.0
3.125   1.5   0.0   1.0
3.125   2.5   0.0   1.0
3.125   3.5   0.0   1.0
3.125   4.5   0.0   1.0
3.125   5.0   0.0   1.0
4.375   0.0   0.0   1.0
4.375   0.5   0.0   1.0
4.375   1.5   0.0   1.0
4.375   2.5   0.0   1.0
4.375   3.5   0.0   1.0
4.375   4.5   0.0   1.0
4.375   5.0   0.0   1.0
5.625   0.0   0.0   1.0
5.625   0.5   0.0   1.0
5.625   1.5   0.0   1.0
5.625   2.5   0.0   1.0
5.625   3.5   0.0   1.0
5.625   4.5   0.0   1.0
5.625   5.0   0.0   1.0
6.875   0.0   0.0   1.0
6.875   0.5   0.0   1.0
6.875   1.5   0.0   1.0
6.875   2.5   0.0   1.0
6.875   3.5   0.0   1.0
6.875   4.5   0.0   1.0
6.875   5.0   0.0   1.0
8.125   0.0   0.0   1.0
8.125   0.5   0.0   1.0
8.125   1.5   0.0   1.0
8.125   2.5   0.0   1.0
8.125   3.5   0.0   1.0
8.125   4.5   0.0   1.0
8.125   5.0   0.0   1.0
9.375   0.0   0.0   1.0
9.375   0.5   0.0   1.0
9.375   1.5   0.0   1.0
9.375   2.5   0.0   1.0
9.375   3.5   0.0   1.0
9.375   4.5   0.0   1.0
9.375   5.0   0.0   1.0
10.0   0.0   0.0   1.0
10.0   0.5   0.0   1.0
10.0   1.5   0.0   1.0
10.0   2.5   0.0   1.0
10.0   3.5   0.0   1.0
10.0   4.5   0.0   1.0
10.0   5.0   0.0   1.0

------------------------------------------------------------------------------------------
Number of control points  - (u, v, t) - PATCH 0
------------------------------------------------------------------------------------------
10 7 0

------------------------------------------------------------------------------------------
Degree (u,v,t) - PATCH 0
------------------------------------------------------------------------------------------
2 2 0

------------------------------------------------------------------------------------------
KNOT VECTOR (u) - PATCH 0
------------------------------------------------------------------------------------------
0.000000000000
0.000000000000
0.000000000000
0.125000000000
0.250000000000
0.375000000000
0.500000000000
0.625000000000
0.750000000000
0.875000000000
1.000000000000
1.000000000000
1.000000000000

------------------------------------------------------------------------------------------
KNOT VECTOR (v) - PATCH 0
------------------------------------------------------------------------------------------
0.00
0.00
0.00
0.20
0.40
0.60
0.80
1.00
1.00
1.00

------------------------------------------------------------------------------------------
NUMBER OF NEUMMAN BOUNDARY CONDITION
------------------------------------------------------------------------------------------
0

-----------------------------------------------------------------------------------------
CONTROL POINT INDEX    VALUES (X, Y)
------------------------------------------------------------------------------------------

------------------------------------------------------------------------------------------
NUMBER OF DIRICHELET BOUNDARY CONDITION
------------------------------------------------------------------------------------------
1

------------------------------------------------------------------------------------------
CONTROL POINT INDEX    (0-FREE, 1- DISPLACEMENT) VALUES (X, Y)
------------------------------------------------------------------------------------------
CURVE 3 1 1 0.0 0.0

POINT 0 0 1 0.0 0.0



POINT 5 187.5 0.0
POINT 11 187.5 0.0
POINT 17 187.5 0.0
POINT 23 187.5 0.0
POINT 29 187.5 0.0
POINT 35 187.5 0.0
POINT 41 187.5 0.0
POINT 47 187.5 0.0
