------------------------------------------------------------------------------------------
NUMBER OF PATCHES        
------------------------------------------------------------------------------------------
1  
  
------------------------------------------------------------------------------------------
NUMBER OF CONTROL POINTS - PATCH 0        
------------------------------------------------------------------------------------------
154

------------------------------------------------------------------------------------------
INDEX MATERIAL - PATCH 0
------------------------------------------------------------------------------------------
0 

------------------------------------------------------------------------------------------
THICKNESS - PATCH 0        
------------------------------------------------------------------------------------------
10.  
     
------------------------------------------------------------------------------------------
CONTROL POINTS COORDINATES AND WEIGHT (X,Y,Z,W) - PATCH 0
------------------------------------------------------------------------------------------
0.0   0.0   0.0   1.0
0.0   1.0   0.0   1.0
0.0   3.0   0.0   1.0
0.0   5.0   0.0   1.0
0.0   7.0   0.0   1.0
0.0   9.0   0.0   1.0
0.0   10.0   0.0   1.0
2.5   0.0   0.0   1.0
2.5   1.0   0.0   1.0
2.5   3.0   0.0   1.0
2.5   5.0   0.0   1.0
2.5   7.0   0.0   1.0
2.5   9.0   0.0   1.0
2.5   10.0   0.0   1.0
7.5   0.0   0.0   1.0
7.5   1.0   0.0   1.0
7.5   3.0   0.0   1.0
7.5   5.0   0.0   1.0
7.5   7.0   0.0   1.0
7.5   9.0   0.0   1.0
7.5   10.0   0.0   1.0
12.5   0.0   0.0   1.0
12.5   1.0   0.0   1.0
12.5   3.0   0.0   1.0
12.5   5.0   0.0   1.0
12.5   7.0   0.0   1.0
12.5   9.0   0.0   1.0
12.5   10.0   0.0   1.0
17.5   0.0   0.0   1.0
17.5   1.0   0.0   1.0
17.5   3.0   0.0   1.0
17.5   5.0   0.0   1.0
17.5   7.0   0.0   1.0
17.5   9.0   0.0   1.0
17.5   10.0   0.0   1.0
22.5   0.0   0.0   1.0
22.5   1.0   0.0   1.0
22.5   3.0   0.0   1.0
22.5   5.0   0.0   1.0
22.5   7.0   0.0   1.0
22.5   9.0   0.0   1.0
22.5   10.0   0.0   1.0
27.5   0.0   0.0   1.0
27.5   1.0   0.0   1.0
27.5   3.0   0.0   1.0
27.5   5.0   0.0   1.0
27.5   7.0   0.0   1.0
27.5   9.0   0.0   1.0
27.5   10.0   0.0   1.0
32.5   0.0   0.0   1.0
32.5   1.0   0.0   1.0
32.5   3.0   0.0   1.0
32.5   5.0   0.0   1.0
32.5   7.0   0.0   1.0
32.5   9.0   0.0   1.0
32.5   10.0   0.0   1.0
37.5   0.0   0.0   1.0
37.5   1.0   0.0   1.0
37.5   3.0   0.0   1.0
37.5   5.0   0.0   1.0
37.5   7.0   0.0   1.0
37.5   9.0   0.0   1.0
37.5   10.0   0.0   1.0
42.5   0.0   0.0   1.0
42.5   1.0   0.0   1.0
42.5   3.0   0.0   1.0
42.5   5.0   0.0   1.0
42.5   7.0   0.0   1.0
42.5   9.0   0.0   1.0
42.5   10.0   0.0   1.0
47.5   0.0   0.0   1.0
47.5   1.0   0.0   1.0
47.5   3.0   0.0   1.0
47.5   5.0   0.0   1.0
47.5   7.0   0.0   1.0
47.5   9.0   0.0   1.0
47.5   10.0   0.0   1.0
52.5   0.0   0.0   1.0
52.5   1.0   0.0   1.0
52.5   3.0   0.0   1.0
52.5   5.0   0.0   1.0
52.5   7.0   0.0   1.0
52.5   9.0   0.0   1.0
52.5   10.0   0.0   1.0
57.5   0.0   0.0   1.0
57.5   1.0   0.0   1.0
57.5   3.0   0.0   1.0
57.5   5.0   0.0   1.0
57.5   7.0   0.0   1.0
57.5   9.0   0.0   1.0
57.5   10.0   0.0   1.0
62.5   0.0   0.0   1.0
62.5   1.0   0.0   1.0
62.5   3.0   0.0   1.0
62.5   5.0   0.0   1.0
62.5   7.0   0.0   1.0
62.5   9.0   0.0   1.0
62.5   10.0   0.0   1.0
67.5   0.0   0.0   1.0
67.5   1.0   0.0   1.0
67.5   3.0   0.0   1.0
67.5   5.0   0.0   1.0
67.5   7.0   0.0   1.0
67.5   9.0   0.0   1.0
67.5   10.0   0.0   1.0
72.5   0.0   0.0   1.0
72.5   1.0   0.0   1.0
72.5   3.0   0.0   1.0
72.5   5.0   0.0   1.0
72.5   7.0   0.0   1.0
72.5   9.0   0.0   1.0
72.5   10.0   0.0   1.0
77.5   0.0   0.0   1.0
77.5   1.0   0.0   1.0
77.5   3.0   0.0   1.0
77.5   5.0   0.0   1.0
77.5   7.0   0.0   1.0
77.5   9.0   0.0   1.0
77.5   10.0   0.0   1.0
82.5   0.0   0.0   1.0
82.5   1.0   0.0   1.0
82.5   3.0   0.0   1.0
82.5   5.0   0.0   1.0
82.5   7.0   0.0   1.0
82.5   9.0   0.0   1.0
82.5   10.0   0.0   1.0
87.5   0.0   0.0   1.0
87.5   1.0   0.0   1.0
87.5   3.0   0.0   1.0
87.5   5.0   0.0   1.0
87.5   7.0   0.0   1.0
87.5   9.0   0.0   1.0
87.5   10.0   0.0   1.0
92.5   0.0   0.0   1.0
92.5   1.0   0.0   1.0
92.5   3.0   0.0   1.0
92.5   5.0   0.0   1.0
92.5   7.0   0.0   1.0
92.5   9.0   0.0   1.0
92.5   10.0   0.0   1.0
97.5   0.0   0.0   1.0
97.5   1.0   0.0   1.0
97.5   3.0   0.0   1.0
97.5   5.0   0.0   1.0
97.5   7.0   0.0   1.0
97.5   9.0   0.0   1.0
97.5   10.0   0.0   1.0
100.0   0.0   0.0   1.0
100.0   1.0   0.0   1.0
100.0   3.0   0.0   1.0
100.0   5.0   0.0   1.0
100.0   7.0   0.0   1.0
100.0   9.0   0.0   1.0
100.0   10.0   0.0   1.0

------------------------------------------------------------------------------------------
Number of control points  - (u, v, t) - PATCH 0
------------------------------------------------------------------------------------------
22 7 0

------------------------------------------------------------------------------------------
Degree (u,v,t) - PATCH 0
------------------------------------------------------------------------------------------
2 2 0

------------------------------------------------------------------------------------------
KNOT VECTOR (u) - PATCH 0
------------------------------------------------------------------------------------------
0.0000
0.0000
0.0000
0.0500
0.1000
0.1500
0.2000
0.2500
0.3000
0.3500
0.4000
0.4500
0.5000
0.5500
0.6000
0.6500
0.7000
0.7500
0.8000
0.8500
0.9000
0.9500
1.0000
1.0000
1.0000

------------------------------------------------------------------------------------------
KNOT VECTOR (v) - PATCH 0
------------------------------------------------------------------------------------------
0.000
0.000
0.000
0.200
0.400
0.600
0.800
1.000
1.000
1.000

------------------------------------------------------------------------------------------
NUMBER OF NEUMMAN BOUNDARY CONDITION
------------------------------------------------------------------------------------------
0

-----------------------------------------------------------------------------------------
CONTROL POINT INDEX    VALUES (X, Y)
------------------------------------------------------------------------------------------

------------------------------------------------------------------------------------------
NUMBER OF DIRICHELET BOUNDARY CONDITION
------------------------------------------------------------------------------------------
1

------------------------------------------------------------------------------------------
CONTROL POINT INDEX    (0-FREE, 1- DISPLACEMENT) VALUES (X, Y)
------------------------------------------------------------------------------------------
CURVE 3 1 1 0.0 0.0
POINT 0 0 1 0.0 0.0





CURVE 1 1 1 0.1 0.0


CURVE 1 1 1 0.1 0.0
POINT 1 1 1 0.0 0.0
POINT 2 1 1 0.0 0.0
POINT 3 1 1 0.0 0.0
POINT 5 1 1 0.0 0.0
POINT 6 1 1 0.0 0.0
POINT 7 1 1 0.0 0.0
POINT 9 1 1 0.0 0.0
POINT 10 1 1 0.0 0.0
POINT 11 1 1 0.0 0.0
POINT 13 1 1 0.0 0.0
POINT 14 1 1 0.0 0.0
POINT 15 1 1 0.0 0.0





CURVE 1 1 0 -0.1 0.0




POINT 0 0 1 0.0 0.0

