------------------------------------------------------------------------------------------
NUMBER OF PATCHES        
------------------------------------------------------------------------------------------
1

------------------------------------------------------------------------------------------ 
NUMBER OF CONTROL POINTS - PATCH 1
------------------------------------------------------------------------------------------ 
1984

 ------------------------------------------------------------------------------------------ 
INDEX MATERIAL - PATCH 1
------------------------------------------------------------------------------------------ 
0

 ------------------------------------------------------------------------------------------ 
THICKNESS  - PATCH 1
------------------------------------------------------------------------------------------ 
1.0

 ------------------------------------------------------------------------------------------ 
CONTROL POINTS COORDINATES AND WEIGHT (X,Y,Z,W)  - PATCH 1
------------------------------------------------------------------------------------------ 
0.0   0.0   0.0   1.0
0.0   0.00833333333333   0.0   1.0
0.0   0.025   0.0   1.0
0.0   0.0416666666667   0.0   1.0
0.0   0.0583333333333   0.0   1.0
0.0   0.075   0.0   1.0
0.0   0.0916666666667   0.0   1.0
0.0   0.108333333333   0.0   1.0
0.0   0.125   0.0   1.0
0.0   0.141666666667   0.0   1.0
0.0   0.158333333333   0.0   1.0
0.0   0.175   0.0   1.0
0.0   0.191666666667   0.0   1.0
0.0   0.208333333333   0.0   1.0
0.0   0.225   0.0   1.0
0.0   0.241666666667   0.0   1.0
0.0   0.258333333333   0.0   1.0
0.0   0.275   0.0   1.0
0.0   0.291666666667   0.0   1.0
0.0   0.308333333333   0.0   1.0
0.0   0.325   0.0   1.0
0.0   0.341666666667   0.0   1.0
0.0   0.358333333333   0.0   1.0
0.0   0.375   0.0   1.0
0.0   0.391666666667   0.0   1.0
0.0   0.408333333333   0.0   1.0
0.0   0.425   0.0   1.0
0.0   0.441666666667   0.0   1.0
0.0   0.458333333333   0.0   1.0
0.0   0.475   0.0   1.0
0.0   0.491666666667   0.0   1.0
0.0   0.5   0.0   1.0
0.00833333333333   0.0   0.0   1.0
0.00833333333333   0.00833333333333   0.0   1.0
0.00833333333333   0.025   0.0   1.0
0.00833333333333   0.0416666666667   0.0   1.0
0.00833333333333   0.0583333333333   0.0   1.0
0.00833333333333   0.075   0.0   1.0
0.00833333333333   0.0916666666667   0.0   1.0
0.00833333333333   0.108333333333   0.0   1.0
0.00833333333333   0.125   0.0   1.0
0.00833333333333   0.141666666667   0.0   1.0
0.00833333333333   0.158333333333   0.0   1.0
0.00833333333333   0.175   0.0   1.0
0.00833333333333   0.191666666667   0.0   1.0
0.00833333333333   0.208333333333   0.0   1.0
0.00833333333333   0.225   0.0   1.0
0.00833333333333   0.241666666667   0.0   1.0
0.00833333333333   0.258333333333   0.0   1.0
0.00833333333333   0.275   0.0   1.0
0.00833333333333   0.291666666667   0.0   1.0
0.00833333333333   0.308333333333   0.0   1.0
0.00833333333333   0.325   0.0   1.0
0.00833333333333   0.341666666667   0.0   1.0
0.00833333333333   0.358333333333   0.0   1.0
0.00833333333333   0.375   0.0   1.0
0.00833333333333   0.391666666667   0.0   1.0
0.00833333333333   0.408333333333   0.0   1.0
0.00833333333333   0.425   0.0   1.0
0.00833333333333   0.441666666667   0.0   1.0
0.00833333333333   0.458333333333   0.0   1.0
0.00833333333333   0.475   0.0   1.0
0.00833333333333   0.491666666667   0.0   1.0
0.00833333333333   0.5   0.0   1.0
0.025   0.0   0.0   1.0
0.025   0.00833333333333   0.0   1.0
0.025   0.025   0.0   1.0
0.025   0.0416666666667   0.0   1.0
0.025   0.0583333333333   0.0   1.0
0.025   0.075   0.0   1.0
0.025   0.0916666666667   0.0   1.0
0.025   0.108333333333   0.0   1.0
0.025   0.125   0.0   1.0
0.025   0.141666666667   0.0   1.0
0.025   0.158333333333   0.0   1.0
0.025   0.175   0.0   1.0
0.025   0.191666666667   0.0   1.0
0.025   0.208333333333   0.0   1.0
0.025   0.225   0.0   1.0
0.025   0.241666666667   0.0   1.0
0.025   0.258333333333   0.0   1.0
0.025   0.275   0.0   1.0
0.025   0.291666666667   0.0   1.0
0.025   0.308333333333   0.0   1.0
0.025   0.325   0.0   1.0
0.025   0.341666666667   0.0   1.0
0.025   0.358333333333   0.0   1.0
0.025   0.375   0.0   1.0
0.025   0.391666666667   0.0   1.0
0.025   0.408333333333   0.0   1.0
0.025   0.425   0.0   1.0
0.025   0.441666666667   0.0   1.0
0.025   0.458333333333   0.0   1.0
0.025   0.475   0.0   1.0
0.025   0.491666666667   0.0   1.0
0.025   0.5   0.0   1.0
0.0416666666667   0.0   0.0   1.0
0.0416666666667   0.00833333333333   0.0   1.0
0.0416666666667   0.025   0.0   1.0
0.0416666666667   0.0416666666667   0.0   1.0
0.0416666666667   0.0583333333333   0.0   1.0
0.0416666666667   0.075   0.0   1.0
0.0416666666667   0.0916666666667   0.0   1.0
0.0416666666667   0.108333333333   0.0   1.0
0.0416666666667   0.125   0.0   1.0
0.0416666666667   0.141666666667   0.0   1.0
0.0416666666667   0.158333333333   0.0   1.0
0.0416666666667   0.175   0.0   1.0
0.0416666666667   0.191666666667   0.0   1.0
0.0416666666667   0.208333333333   0.0   1.0
0.0416666666667   0.225   0.0   1.0
0.0416666666667   0.241666666667   0.0   1.0
0.0416666666667   0.258333333333   0.0   1.0
0.0416666666667   0.275   0.0   1.0
0.0416666666667   0.291666666667   0.0   1.0
0.0416666666667   0.308333333333   0.0   1.0
0.0416666666667   0.325   0.0   1.0
0.0416666666667   0.341666666667   0.0   1.0
0.0416666666667   0.358333333333   0.0   1.0
0.0416666666667   0.375   0.0   1.0
0.0416666666667   0.391666666667   0.0   1.0
0.0416666666667   0.408333333333   0.0   1.0
0.0416666666667   0.425   0.0   1.0
0.0416666666667   0.441666666667   0.0   1.0
0.0416666666667   0.458333333333   0.0   1.0
0.0416666666667   0.475   0.0   1.0
0.0416666666667   0.491666666667   0.0   1.0
0.0416666666667   0.5   0.0   1.0
0.0583333333333   0.0   0.0   1.0
0.0583333333333   0.00833333333333   0.0   1.0
0.0583333333333   0.025   0.0   1.0
0.0583333333333   0.0416666666667   0.0   1.0
0.0583333333333   0.0583333333333   0.0   1.0
0.0583333333333   0.075   0.0   1.0
0.0583333333333   0.0916666666667   0.0   1.0
0.0583333333333   0.108333333333   0.0   1.0
0.0583333333333   0.125   0.0   1.0
0.0583333333333   0.141666666667   0.0   1.0
0.0583333333333   0.158333333333   0.0   1.0
0.0583333333333   0.175   0.0   1.0
0.0583333333333   0.191666666667   0.0   1.0
0.0583333333333   0.208333333333   0.0   1.0
0.0583333333333   0.225   0.0   1.0
0.0583333333333   0.241666666667   0.0   1.0
0.0583333333333   0.258333333333   0.0   1.0
0.0583333333333   0.275   0.0   1.0
0.0583333333333   0.291666666667   0.0   1.0
0.0583333333333   0.308333333333   0.0   1.0
0.0583333333333   0.325   0.0   1.0
0.0583333333333   0.341666666667   0.0   1.0
0.0583333333333   0.358333333333   0.0   1.0
0.0583333333333   0.375   0.0   1.0
0.0583333333333   0.391666666667   0.0   1.0
0.0583333333333   0.408333333333   0.0   1.0
0.0583333333333   0.425   0.0   1.0
0.0583333333333   0.441666666667   0.0   1.0
0.0583333333333   0.458333333333   0.0   1.0
0.0583333333333   0.475   0.0   1.0
0.0583333333333   0.491666666667   0.0   1.0
0.0583333333333   0.5   0.0   1.0
0.075   0.0   0.0   1.0
0.075   0.00833333333333   0.0   1.0
0.075   0.025   0.0   1.0
0.075   0.0416666666667   0.0   1.0
0.075   0.0583333333333   0.0   1.0
0.075   0.075   0.0   1.0
0.075   0.0916666666667   0.0   1.0
0.075   0.108333333333   0.0   1.0
0.075   0.125   0.0   1.0
0.075   0.141666666667   0.0   1.0
0.075   0.158333333333   0.0   1.0
0.075   0.175   0.0   1.0
0.075   0.191666666667   0.0   1.0
0.075   0.208333333333   0.0   1.0
0.075   0.225   0.0   1.0
0.075   0.241666666667   0.0   1.0
0.075   0.258333333333   0.0   1.0
0.075   0.275   0.0   1.0
0.075   0.291666666667   0.0   1.0
0.075   0.308333333333   0.0   1.0
0.075   0.325   0.0   1.0
0.075   0.341666666667   0.0   1.0
0.075   0.358333333333   0.0   1.0
0.075   0.375   0.0   1.0
0.075   0.391666666667   0.0   1.0
0.075   0.408333333333   0.0   1.0
0.075   0.425   0.0   1.0
0.075   0.441666666667   0.0   1.0
0.075   0.458333333333   0.0   1.0
0.075   0.475   0.0   1.0
0.075   0.491666666667   0.0   1.0
0.075   0.5   0.0   1.0
0.0916666666667   0.0   0.0   1.0
0.0916666666667   0.00833333333333   0.0   1.0
0.0916666666667   0.025   0.0   1.0
0.0916666666667   0.0416666666667   0.0   1.0
0.0916666666667   0.0583333333333   0.0   1.0
0.0916666666667   0.075   0.0   1.0
0.0916666666667   0.0916666666667   0.0   1.0
0.0916666666667   0.108333333333   0.0   1.0
0.0916666666667   0.125   0.0   1.0
0.0916666666667   0.141666666667   0.0   1.0
0.0916666666667   0.158333333333   0.0   1.0
0.0916666666667   0.175   0.0   1.0
0.0916666666667   0.191666666667   0.0   1.0
0.0916666666667   0.208333333333   0.0   1.0
0.0916666666667   0.225   0.0   1.0
0.0916666666667   0.241666666667   0.0   1.0
0.0916666666667   0.258333333333   0.0   1.0
0.0916666666667   0.275   0.0   1.0
0.0916666666667   0.291666666667   0.0   1.0
0.0916666666667   0.308333333333   0.0   1.0
0.0916666666667   0.325   0.0   1.0
0.0916666666667   0.341666666667   0.0   1.0
0.0916666666667   0.358333333333   0.0   1.0
0.0916666666667   0.375   0.0   1.0
0.0916666666667   0.391666666667   0.0   1.0
0.0916666666667   0.408333333333   0.0   1.0
0.0916666666667   0.425   0.0   1.0
0.0916666666667   0.441666666667   0.0   1.0
0.0916666666667   0.458333333333   0.0   1.0
0.0916666666667   0.475   0.0   1.0
0.0916666666667   0.491666666667   0.0   1.0
0.0916666666667   0.5   0.0   1.0
0.108333333333   0.0   0.0   1.0
0.108333333333   0.00833333333333   0.0   1.0
0.108333333333   0.025   0.0   1.0
0.108333333333   0.0416666666667   0.0   1.0
0.108333333333   0.0583333333333   0.0   1.0
0.108333333333   0.075   0.0   1.0
0.108333333333   0.0916666666667   0.0   1.0
0.108333333333   0.108333333333   0.0   1.0
0.108333333333   0.125   0.0   1.0
0.108333333333   0.141666666667   0.0   1.0
0.108333333333   0.158333333333   0.0   1.0
0.108333333333   0.175   0.0   1.0
0.108333333333   0.191666666667   0.0   1.0
0.108333333333   0.208333333333   0.0   1.0
0.108333333333   0.225   0.0   1.0
0.108333333333   0.241666666667   0.0   1.0
0.108333333333   0.258333333333   0.0   1.0
0.108333333333   0.275   0.0   1.0
0.108333333333   0.291666666667   0.0   1.0
0.108333333333   0.308333333333   0.0   1.0
0.108333333333   0.325   0.0   1.0
0.108333333333   0.341666666667   0.0   1.0
0.108333333333   0.358333333333   0.0   1.0
0.108333333333   0.375   0.0   1.0
0.108333333333   0.391666666667   0.0   1.0
0.108333333333   0.408333333333   0.0   1.0
0.108333333333   0.425   0.0   1.0
0.108333333333   0.441666666667   0.0   1.0
0.108333333333   0.458333333333   0.0   1.0
0.108333333333   0.475   0.0   1.0
0.108333333333   0.491666666667   0.0   1.0
0.108333333333   0.5   0.0   1.0
0.125   0.0   0.0   1.0
0.125   0.00833333333333   0.0   1.0
0.125   0.025   0.0   1.0
0.125   0.0416666666667   0.0   1.0
0.125   0.0583333333333   0.0   1.0
0.125   0.075   0.0   1.0
0.125   0.0916666666667   0.0   1.0
0.125   0.108333333333   0.0   1.0
0.125   0.125   0.0   1.0
0.125   0.141666666667   0.0   1.0
0.125   0.158333333333   0.0   1.0
0.125   0.175   0.0   1.0
0.125   0.191666666667   0.0   1.0
0.125   0.208333333333   0.0   1.0
0.125   0.225   0.0   1.0
0.125   0.241666666667   0.0   1.0
0.125   0.258333333333   0.0   1.0
0.125   0.275   0.0   1.0
0.125   0.291666666667   0.0   1.0
0.125   0.308333333333   0.0   1.0
0.125   0.325   0.0   1.0
0.125   0.341666666667   0.0   1.0
0.125   0.358333333333   0.0   1.0
0.125   0.375   0.0   1.0
0.125   0.391666666667   0.0   1.0
0.125   0.408333333333   0.0   1.0
0.125   0.425   0.0   1.0
0.125   0.441666666667   0.0   1.0
0.125   0.458333333333   0.0   1.0
0.125   0.475   0.0   1.0
0.125   0.491666666667   0.0   1.0
0.125   0.5   0.0   1.0
0.141666666667   0.0   0.0   1.0
0.141666666667   0.00833333333333   0.0   1.0
0.141666666667   0.025   0.0   1.0
0.141666666667   0.0416666666667   0.0   1.0
0.141666666667   0.0583333333333   0.0   1.0
0.141666666667   0.075   0.0   1.0
0.141666666667   0.0916666666667   0.0   1.0
0.141666666667   0.108333333333   0.0   1.0
0.141666666667   0.125   0.0   1.0
0.141666666667   0.141666666667   0.0   1.0
0.141666666667   0.158333333333   0.0   1.0
0.141666666667   0.175   0.0   1.0
0.141666666667   0.191666666667   0.0   1.0
0.141666666667   0.208333333333   0.0   1.0
0.141666666667   0.225   0.0   1.0
0.141666666667   0.241666666667   0.0   1.0
0.141666666667   0.258333333333   0.0   1.0
0.141666666667   0.275   0.0   1.0
0.141666666667   0.291666666667   0.0   1.0
0.141666666667   0.308333333333   0.0   1.0
0.141666666667   0.325   0.0   1.0
0.141666666667   0.341666666667   0.0   1.0
0.141666666667   0.358333333333   0.0   1.0
0.141666666667   0.375   0.0   1.0
0.141666666667   0.391666666667   0.0   1.0
0.141666666667   0.408333333333   0.0   1.0
0.141666666667   0.425   0.0   1.0
0.141666666667   0.441666666667   0.0   1.0
0.141666666667   0.458333333333   0.0   1.0
0.141666666667   0.475   0.0   1.0
0.141666666667   0.491666666667   0.0   1.0
0.141666666667   0.5   0.0   1.0
0.158333333333   0.0   0.0   1.0
0.158333333333   0.00833333333333   0.0   1.0
0.158333333333   0.025   0.0   1.0
0.158333333333   0.0416666666667   0.0   1.0
0.158333333333   0.0583333333333   0.0   1.0
0.158333333333   0.075   0.0   1.0
0.158333333333   0.0916666666667   0.0   1.0
0.158333333333   0.108333333333   0.0   1.0
0.158333333333   0.125   0.0   1.0
0.158333333333   0.141666666667   0.0   1.0
0.158333333333   0.158333333333   0.0   1.0
0.158333333333   0.175   0.0   1.0
0.158333333333   0.191666666667   0.0   1.0
0.158333333333   0.208333333333   0.0   1.0
0.158333333333   0.225   0.0   1.0
0.158333333333   0.241666666667   0.0   1.0
0.158333333333   0.258333333333   0.0   1.0
0.158333333333   0.275   0.0   1.0
0.158333333333   0.291666666667   0.0   1.0
0.158333333333   0.308333333333   0.0   1.0
0.158333333333   0.325   0.0   1.0
0.158333333333   0.341666666667   0.0   1.0
0.158333333333   0.358333333333   0.0   1.0
0.158333333333   0.375   0.0   1.0
0.158333333333   0.391666666667   0.0   1.0
0.158333333333   0.408333333333   0.0   1.0
0.158333333333   0.425   0.0   1.0
0.158333333333   0.441666666667   0.0   1.0
0.158333333333   0.458333333333   0.0   1.0
0.158333333333   0.475   0.0   1.0
0.158333333333   0.491666666667   0.0   1.0
0.158333333333   0.5   0.0   1.0
0.175   0.0   0.0   1.0
0.175   0.00833333333333   0.0   1.0
0.175   0.025   0.0   1.0
0.175   0.0416666666667   0.0   1.0
0.175   0.0583333333333   0.0   1.0
0.175   0.075   0.0   1.0
0.175   0.0916666666667   0.0   1.0
0.175   0.108333333333   0.0   1.0
0.175   0.125   0.0   1.0
0.175   0.141666666667   0.0   1.0
0.175   0.158333333333   0.0   1.0
0.175   0.175   0.0   1.0
0.175   0.191666666667   0.0   1.0
0.175   0.208333333333   0.0   1.0
0.175   0.225   0.0   1.0
0.175   0.241666666667   0.0   1.0
0.175   0.258333333333   0.0   1.0
0.175   0.275   0.0   1.0
0.175   0.291666666667   0.0   1.0
0.175   0.308333333333   0.0   1.0
0.175   0.325   0.0   1.0
0.175   0.341666666667   0.0   1.0
0.175   0.358333333333   0.0   1.0
0.175   0.375   0.0   1.0
0.175   0.391666666667   0.0   1.0
0.175   0.408333333333   0.0   1.0
0.175   0.425   0.0   1.0
0.175   0.441666666667   0.0   1.0
0.175   0.458333333333   0.0   1.0
0.175   0.475   0.0   1.0
0.175   0.491666666667   0.0   1.0
0.175   0.5   0.0   1.0
0.191666666667   0.0   0.0   1.0
0.191666666667   0.00833333333333   0.0   1.0
0.191666666667   0.025   0.0   1.0
0.191666666667   0.0416666666667   0.0   1.0
0.191666666667   0.0583333333333   0.0   1.0
0.191666666667   0.075   0.0   1.0
0.191666666667   0.0916666666667   0.0   1.0
0.191666666667   0.108333333333   0.0   1.0
0.191666666667   0.125   0.0   1.0
0.191666666667   0.141666666667   0.0   1.0
0.191666666667   0.158333333333   0.0   1.0
0.191666666667   0.175   0.0   1.0
0.191666666667   0.191666666667   0.0   1.0
0.191666666667   0.208333333333   0.0   1.0
0.191666666667   0.225   0.0   1.0
0.191666666667   0.241666666667   0.0   1.0
0.191666666667   0.258333333333   0.0   1.0
0.191666666667   0.275   0.0   1.0
0.191666666667   0.291666666667   0.0   1.0
0.191666666667   0.308333333333   0.0   1.0
0.191666666667   0.325   0.0   1.0
0.191666666667   0.341666666667   0.0   1.0
0.191666666667   0.358333333333   0.0   1.0
0.191666666667   0.375   0.0   1.0
0.191666666667   0.391666666667   0.0   1.0
0.191666666667   0.408333333333   0.0   1.0
0.191666666667   0.425   0.0   1.0
0.191666666667   0.441666666667   0.0   1.0
0.191666666667   0.458333333333   0.0   1.0
0.191666666667   0.475   0.0   1.0
0.191666666667   0.491666666667   0.0   1.0
0.191666666667   0.5   0.0   1.0
0.208333333333   0.0   0.0   1.0
0.208333333333   0.00833333333333   0.0   1.0
0.208333333333   0.025   0.0   1.0
0.208333333333   0.0416666666667   0.0   1.0
0.208333333333   0.0583333333333   0.0   1.0
0.208333333333   0.075   0.0   1.0
0.208333333333   0.0916666666667   0.0   1.0
0.208333333333   0.108333333333   0.0   1.0
0.208333333333   0.125   0.0   1.0
0.208333333333   0.141666666667   0.0   1.0
0.208333333333   0.158333333333   0.0   1.0
0.208333333333   0.175   0.0   1.0
0.208333333333   0.191666666667   0.0   1.0
0.208333333333   0.208333333333   0.0   1.0
0.208333333333   0.225   0.0   1.0
0.208333333333   0.241666666667   0.0   1.0
0.208333333333   0.258333333333   0.0   1.0
0.208333333333   0.275   0.0   1.0
0.208333333333   0.291666666667   0.0   1.0
0.208333333333   0.308333333333   0.0   1.0
0.208333333333   0.325   0.0   1.0
0.208333333333   0.341666666667   0.0   1.0
0.208333333333   0.358333333333   0.0   1.0
0.208333333333   0.375   0.0   1.0
0.208333333333   0.391666666667   0.0   1.0
0.208333333333   0.408333333333   0.0   1.0
0.208333333333   0.425   0.0   1.0
0.208333333333   0.441666666667   0.0   1.0
0.208333333333   0.458333333333   0.0   1.0
0.208333333333   0.475   0.0   1.0
0.208333333333   0.491666666667   0.0   1.0
0.208333333333   0.5   0.0   1.0
0.225   0.0   0.0   1.0
0.225   0.00833333333333   0.0   1.0
0.225   0.025   0.0   1.0
0.225   0.0416666666667   0.0   1.0
0.225   0.0583333333333   0.0   1.0
0.225   0.075   0.0   1.0
0.225   0.0916666666667   0.0   1.0
0.225   0.108333333333   0.0   1.0
0.225   0.125   0.0   1.0
0.225   0.141666666667   0.0   1.0
0.225   0.158333333333   0.0   1.0
0.225   0.175   0.0   1.0
0.225   0.191666666667   0.0   1.0
0.225   0.208333333333   0.0   1.0
0.225   0.225   0.0   1.0
0.225   0.241666666667   0.0   1.0
0.225   0.258333333333   0.0   1.0
0.225   0.275   0.0   1.0
0.225   0.291666666667   0.0   1.0
0.225   0.308333333333   0.0   1.0
0.225   0.325   0.0   1.0
0.225   0.341666666667   0.0   1.0
0.225   0.358333333333   0.0   1.0
0.225   0.375   0.0   1.0
0.225   0.391666666667   0.0   1.0
0.225   0.408333333333   0.0   1.0
0.225   0.425   0.0   1.0
0.225   0.441666666667   0.0   1.0
0.225   0.458333333333   0.0   1.0
0.225   0.475   0.0   1.0
0.225   0.491666666667   0.0   1.0
0.225   0.5   0.0   1.0
0.241666666667   0.0   0.0   1.0
0.241666666667   0.00833333333333   0.0   1.0
0.241666666667   0.025   0.0   1.0
0.241666666667   0.0416666666667   0.0   1.0
0.241666666667   0.0583333333333   0.0   1.0
0.241666666667   0.075   0.0   1.0
0.241666666667   0.0916666666667   0.0   1.0
0.241666666667   0.108333333333   0.0   1.0
0.241666666667   0.125   0.0   1.0
0.241666666667   0.141666666667   0.0   1.0
0.241666666667   0.158333333333   0.0   1.0
0.241666666667   0.175   0.0   1.0
0.241666666667   0.191666666667   0.0   1.0
0.241666666667   0.208333333333   0.0   1.0
0.241666666667   0.225   0.0   1.0
0.241666666667   0.241666666667   0.0   1.0
0.241666666667   0.258333333333   0.0   1.0
0.241666666667   0.275   0.0   1.0
0.241666666667   0.291666666667   0.0   1.0
0.241666666667   0.308333333333   0.0   1.0
0.241666666667   0.325   0.0   1.0
0.241666666667   0.341666666667   0.0   1.0
0.241666666667   0.358333333333   0.0   1.0
0.241666666667   0.375   0.0   1.0
0.241666666667   0.391666666667   0.0   1.0
0.241666666667   0.408333333333   0.0   1.0
0.241666666667   0.425   0.0   1.0
0.241666666667   0.441666666667   0.0   1.0
0.241666666667   0.458333333333   0.0   1.0
0.241666666667   0.475   0.0   1.0
0.241666666667   0.491666666667   0.0   1.0
0.241666666667   0.5   0.0   1.0
0.258333333333   0.0   0.0   1.0
0.258333333333   0.00833333333333   0.0   1.0
0.258333333333   0.025   0.0   1.0
0.258333333333   0.0416666666667   0.0   1.0
0.258333333333   0.0583333333333   0.0   1.0
0.258333333333   0.075   0.0   1.0
0.258333333333   0.0916666666667   0.0   1.0
0.258333333333   0.108333333333   0.0   1.0
0.258333333333   0.125   0.0   1.0
0.258333333333   0.141666666667   0.0   1.0
0.258333333333   0.158333333333   0.0   1.0
0.258333333333   0.175   0.0   1.0
0.258333333333   0.191666666667   0.0   1.0
0.258333333333   0.208333333333   0.0   1.0
0.258333333333   0.225   0.0   1.0
0.258333333333   0.241666666667   0.0   1.0
0.258333333333   0.258333333333   0.0   1.0
0.258333333333   0.275   0.0   1.0
0.258333333333   0.291666666667   0.0   1.0
0.258333333333   0.308333333333   0.0   1.0
0.258333333333   0.325   0.0   1.0
0.258333333333   0.341666666667   0.0   1.0
0.258333333333   0.358333333333   0.0   1.0
0.258333333333   0.375   0.0   1.0
0.258333333333   0.391666666667   0.0   1.0
0.258333333333   0.408333333333   0.0   1.0
0.258333333333   0.425   0.0   1.0
0.258333333333   0.441666666667   0.0   1.0
0.258333333333   0.458333333333   0.0   1.0
0.258333333333   0.475   0.0   1.0
0.258333333333   0.491666666667   0.0   1.0
0.258333333333   0.5   0.0   1.0
0.275   0.0   0.0   1.0
0.275   0.00833333333333   0.0   1.0
0.275   0.025   0.0   1.0
0.275   0.0416666666667   0.0   1.0
0.275   0.0583333333333   0.0   1.0
0.275   0.075   0.0   1.0
0.275   0.0916666666667   0.0   1.0
0.275   0.108333333333   0.0   1.0
0.275   0.125   0.0   1.0
0.275   0.141666666667   0.0   1.0
0.275   0.158333333333   0.0   1.0
0.275   0.175   0.0   1.0
0.275   0.191666666667   0.0   1.0
0.275   0.208333333333   0.0   1.0
0.275   0.225   0.0   1.0
0.275   0.241666666667   0.0   1.0
0.275   0.258333333333   0.0   1.0
0.275   0.275   0.0   1.0
0.275   0.291666666667   0.0   1.0
0.275   0.308333333333   0.0   1.0
0.275   0.325   0.0   1.0
0.275   0.341666666667   0.0   1.0
0.275   0.358333333333   0.0   1.0
0.275   0.375   0.0   1.0
0.275   0.391666666667   0.0   1.0
0.275   0.408333333333   0.0   1.0
0.275   0.425   0.0   1.0
0.275   0.441666666667   0.0   1.0
0.275   0.458333333333   0.0   1.0
0.275   0.475   0.0   1.0
0.275   0.491666666667   0.0   1.0
0.275   0.5   0.0   1.0
0.291666666667   0.0   0.0   1.0
0.291666666667   0.00833333333333   0.0   1.0
0.291666666667   0.025   0.0   1.0
0.291666666667   0.0416666666667   0.0   1.0
0.291666666667   0.0583333333333   0.0   1.0
0.291666666667   0.075   0.0   1.0
0.291666666667   0.0916666666667   0.0   1.0
0.291666666667   0.108333333333   0.0   1.0
0.291666666667   0.125   0.0   1.0
0.291666666667   0.141666666667   0.0   1.0
0.291666666667   0.158333333333   0.0   1.0
0.291666666667   0.175   0.0   1.0
0.291666666667   0.191666666667   0.0   1.0
0.291666666667   0.208333333333   0.0   1.0
0.291666666667   0.225   0.0   1.0
0.291666666667   0.241666666667   0.0   1.0
0.291666666667   0.258333333333   0.0   1.0
0.291666666667   0.275   0.0   1.0
0.291666666667   0.291666666667   0.0   1.0
0.291666666667   0.308333333333   0.0   1.0
0.291666666667   0.325   0.0   1.0
0.291666666667   0.341666666667   0.0   1.0
0.291666666667   0.358333333333   0.0   1.0
0.291666666667   0.375   0.0   1.0
0.291666666667   0.391666666667   0.0   1.0
0.291666666667   0.408333333333   0.0   1.0
0.291666666667   0.425   0.0   1.0
0.291666666667   0.441666666667   0.0   1.0
0.291666666667   0.458333333333   0.0   1.0
0.291666666667   0.475   0.0   1.0
0.291666666667   0.491666666667   0.0   1.0
0.291666666667   0.5   0.0   1.0
0.308333333333   0.0   0.0   1.0
0.308333333333   0.00833333333333   0.0   1.0
0.308333333333   0.025   0.0   1.0
0.308333333333   0.0416666666667   0.0   1.0
0.308333333333   0.0583333333333   0.0   1.0
0.308333333333   0.075   0.0   1.0
0.308333333333   0.0916666666667   0.0   1.0
0.308333333333   0.108333333333   0.0   1.0
0.308333333333   0.125   0.0   1.0
0.308333333333   0.141666666667   0.0   1.0
0.308333333333   0.158333333333   0.0   1.0
0.308333333333   0.175   0.0   1.0
0.308333333333   0.191666666667   0.0   1.0
0.308333333333   0.208333333333   0.0   1.0
0.308333333333   0.225   0.0   1.0
0.308333333333   0.241666666667   0.0   1.0
0.308333333333   0.258333333333   0.0   1.0
0.308333333333   0.275   0.0   1.0
0.308333333333   0.291666666667   0.0   1.0
0.308333333333   0.308333333333   0.0   1.0
0.308333333333   0.325   0.0   1.0
0.308333333333   0.341666666667   0.0   1.0
0.308333333333   0.358333333333   0.0   1.0
0.308333333333   0.375   0.0   1.0
0.308333333333   0.391666666667   0.0   1.0
0.308333333333   0.408333333333   0.0   1.0
0.308333333333   0.425   0.0   1.0
0.308333333333   0.441666666667   0.0   1.0
0.308333333333   0.458333333333   0.0   1.0
0.308333333333   0.475   0.0   1.0
0.308333333333   0.491666666667   0.0   1.0
0.308333333333   0.5   0.0   1.0
0.325   0.0   0.0   1.0
0.325   0.00833333333333   0.0   1.0
0.325   0.025   0.0   1.0
0.325   0.0416666666667   0.0   1.0
0.325   0.0583333333333   0.0   1.0
0.325   0.075   0.0   1.0
0.325   0.0916666666667   0.0   1.0
0.325   0.108333333333   0.0   1.0
0.325   0.125   0.0   1.0
0.325   0.141666666667   0.0   1.0
0.325   0.158333333333   0.0   1.0
0.325   0.175   0.0   1.0
0.325   0.191666666667   0.0   1.0
0.325   0.208333333333   0.0   1.0
0.325   0.225   0.0   1.0
0.325   0.241666666667   0.0   1.0
0.325   0.258333333333   0.0   1.0
0.325   0.275   0.0   1.0
0.325   0.291666666667   0.0   1.0
0.325   0.308333333333   0.0   1.0
0.325   0.325   0.0   1.0
0.325   0.341666666667   0.0   1.0
0.325   0.358333333333   0.0   1.0
0.325   0.375   0.0   1.0
0.325   0.391666666667   0.0   1.0
0.325   0.408333333333   0.0   1.0
0.325   0.425   0.0   1.0
0.325   0.441666666667   0.0   1.0
0.325   0.458333333333   0.0   1.0
0.325   0.475   0.0   1.0
0.325   0.491666666667   0.0   1.0
0.325   0.5   0.0   1.0
0.341666666667   0.0   0.0   1.0
0.341666666667   0.00833333333333   0.0   1.0
0.341666666667   0.025   0.0   1.0
0.341666666667   0.0416666666667   0.0   1.0
0.341666666667   0.0583333333333   0.0   1.0
0.341666666667   0.075   0.0   1.0
0.341666666667   0.0916666666667   0.0   1.0
0.341666666667   0.108333333333   0.0   1.0
0.341666666667   0.125   0.0   1.0
0.341666666667   0.141666666667   0.0   1.0
0.341666666667   0.158333333333   0.0   1.0
0.341666666667   0.175   0.0   1.0
0.341666666667   0.191666666667   0.0   1.0
0.341666666667   0.208333333333   0.0   1.0
0.341666666667   0.225   0.0   1.0
0.341666666667   0.241666666667   0.0   1.0
0.341666666667   0.258333333333   0.0   1.0
0.341666666667   0.275   0.0   1.0
0.341666666667   0.291666666667   0.0   1.0
0.341666666667   0.308333333333   0.0   1.0
0.341666666667   0.325   0.0   1.0
0.341666666667   0.341666666667   0.0   1.0
0.341666666667   0.358333333333   0.0   1.0
0.341666666667   0.375   0.0   1.0
0.341666666667   0.391666666667   0.0   1.0
0.341666666667   0.408333333333   0.0   1.0
0.341666666667   0.425   0.0   1.0
0.341666666667   0.441666666667   0.0   1.0
0.341666666667   0.458333333333   0.0   1.0
0.341666666667   0.475   0.0   1.0
0.341666666667   0.491666666667   0.0   1.0
0.341666666667   0.5   0.0   1.0
0.358333333333   0.0   0.0   1.0
0.358333333333   0.00833333333333   0.0   1.0
0.358333333333   0.025   0.0   1.0
0.358333333333   0.0416666666667   0.0   1.0
0.358333333333   0.0583333333333   0.0   1.0
0.358333333333   0.075   0.0   1.0
0.358333333333   0.0916666666667   0.0   1.0
0.358333333333   0.108333333333   0.0   1.0
0.358333333333   0.125   0.0   1.0
0.358333333333   0.141666666667   0.0   1.0
0.358333333333   0.158333333333   0.0   1.0
0.358333333333   0.175   0.0   1.0
0.358333333333   0.191666666667   0.0   1.0
0.358333333333   0.208333333333   0.0   1.0
0.358333333333   0.225   0.0   1.0
0.358333333333   0.241666666667   0.0   1.0
0.358333333333   0.258333333333   0.0   1.0
0.358333333333   0.275   0.0   1.0
0.358333333333   0.291666666667   0.0   1.0
0.358333333333   0.308333333333   0.0   1.0
0.358333333333   0.325   0.0   1.0
0.358333333333   0.341666666667   0.0   1.0
0.358333333333   0.358333333333   0.0   1.0
0.358333333333   0.375   0.0   1.0
0.358333333333   0.391666666667   0.0   1.0
0.358333333333   0.408333333333   0.0   1.0
0.358333333333   0.425   0.0   1.0
0.358333333333   0.441666666667   0.0   1.0
0.358333333333   0.458333333333   0.0   1.0
0.358333333333   0.475   0.0   1.0
0.358333333333   0.491666666667   0.0   1.0
0.358333333333   0.5   0.0   1.0
0.375   0.0   0.0   1.0
0.375   0.00833333333333   0.0   1.0
0.375   0.025   0.0   1.0
0.375   0.0416666666667   0.0   1.0
0.375   0.0583333333333   0.0   1.0
0.375   0.075   0.0   1.0
0.375   0.0916666666667   0.0   1.0
0.375   0.108333333333   0.0   1.0
0.375   0.125   0.0   1.0
0.375   0.141666666667   0.0   1.0
0.375   0.158333333333   0.0   1.0
0.375   0.175   0.0   1.0
0.375   0.191666666667   0.0   1.0
0.375   0.208333333333   0.0   1.0
0.375   0.225   0.0   1.0
0.375   0.241666666667   0.0   1.0
0.375   0.258333333333   0.0   1.0
0.375   0.275   0.0   1.0
0.375   0.291666666667   0.0   1.0
0.375   0.308333333333   0.0   1.0
0.375   0.325   0.0   1.0
0.375   0.341666666667   0.0   1.0
0.375   0.358333333333   0.0   1.0
0.375   0.375   0.0   1.0
0.375   0.391666666667   0.0   1.0
0.375   0.408333333333   0.0   1.0
0.375   0.425   0.0   1.0
0.375   0.441666666667   0.0   1.0
0.375   0.458333333333   0.0   1.0
0.375   0.475   0.0   1.0
0.375   0.491666666667   0.0   1.0
0.375   0.5   0.0   1.0
0.391666666667   0.0   0.0   1.0
0.391666666667   0.00833333333333   0.0   1.0
0.391666666667   0.025   0.0   1.0
0.391666666667   0.0416666666667   0.0   1.0
0.391666666667   0.0583333333333   0.0   1.0
0.391666666667   0.075   0.0   1.0
0.391666666667   0.0916666666667   0.0   1.0
0.391666666667   0.108333333333   0.0   1.0
0.391666666667   0.125   0.0   1.0
0.391666666667   0.141666666667   0.0   1.0
0.391666666667   0.158333333333   0.0   1.0
0.391666666667   0.175   0.0   1.0
0.391666666667   0.191666666667   0.0   1.0
0.391666666667   0.208333333333   0.0   1.0
0.391666666667   0.225   0.0   1.0
0.391666666667   0.241666666667   0.0   1.0
0.391666666667   0.258333333333   0.0   1.0
0.391666666667   0.275   0.0   1.0
0.391666666667   0.291666666667   0.0   1.0
0.391666666667   0.308333333333   0.0   1.0
0.391666666667   0.325   0.0   1.0
0.391666666667   0.341666666667   0.0   1.0
0.391666666667   0.358333333333   0.0   1.0
0.391666666667   0.375   0.0   1.0
0.391666666667   0.391666666667   0.0   1.0
0.391666666667   0.408333333333   0.0   1.0
0.391666666667   0.425   0.0   1.0
0.391666666667   0.441666666667   0.0   1.0
0.391666666667   0.458333333333   0.0   1.0
0.391666666667   0.475   0.0   1.0
0.391666666667   0.491666666667   0.0   1.0
0.391666666667   0.5   0.0   1.0
0.408333333333   0.0   0.0   1.0
0.408333333333   0.00833333333333   0.0   1.0
0.408333333333   0.025   0.0   1.0
0.408333333333   0.0416666666667   0.0   1.0
0.408333333333   0.0583333333333   0.0   1.0
0.408333333333   0.075   0.0   1.0
0.408333333333   0.0916666666667   0.0   1.0
0.408333333333   0.108333333333   0.0   1.0
0.408333333333   0.125   0.0   1.0
0.408333333333   0.141666666667   0.0   1.0
0.408333333333   0.158333333333   0.0   1.0
0.408333333333   0.175   0.0   1.0
0.408333333333   0.191666666667   0.0   1.0
0.408333333333   0.208333333333   0.0   1.0
0.408333333333   0.225   0.0   1.0
0.408333333333   0.241666666667   0.0   1.0
0.408333333333   0.258333333333   0.0   1.0
0.408333333333   0.275   0.0   1.0
0.408333333333   0.291666666667   0.0   1.0
0.408333333333   0.308333333333   0.0   1.0
0.408333333333   0.325   0.0   1.0
0.408333333333   0.341666666667   0.0   1.0
0.408333333333   0.358333333333   0.0   1.0
0.408333333333   0.375   0.0   1.0
0.408333333333   0.391666666667   0.0   1.0
0.408333333333   0.408333333333   0.0   1.0
0.408333333333   0.425   0.0   1.0
0.408333333333   0.441666666667   0.0   1.0
0.408333333333   0.458333333333   0.0   1.0
0.408333333333   0.475   0.0   1.0
0.408333333333   0.491666666667   0.0   1.0
0.408333333333   0.5   0.0   1.0
0.425   0.0   0.0   1.0
0.425   0.00833333333333   0.0   1.0
0.425   0.025   0.0   1.0
0.425   0.0416666666667   0.0   1.0
0.425   0.0583333333333   0.0   1.0
0.425   0.075   0.0   1.0
0.425   0.0916666666667   0.0   1.0
0.425   0.108333333333   0.0   1.0
0.425   0.125   0.0   1.0
0.425   0.141666666667   0.0   1.0
0.425   0.158333333333   0.0   1.0
0.425   0.175   0.0   1.0
0.425   0.191666666667   0.0   1.0
0.425   0.208333333333   0.0   1.0
0.425   0.225   0.0   1.0
0.425   0.241666666667   0.0   1.0
0.425   0.258333333333   0.0   1.0
0.425   0.275   0.0   1.0
0.425   0.291666666667   0.0   1.0
0.425   0.308333333333   0.0   1.0
0.425   0.325   0.0   1.0
0.425   0.341666666667   0.0   1.0
0.425   0.358333333333   0.0   1.0
0.425   0.375   0.0   1.0
0.425   0.391666666667   0.0   1.0
0.425   0.408333333333   0.0   1.0
0.425   0.425   0.0   1.0
0.425   0.441666666667   0.0   1.0
0.425   0.458333333333   0.0   1.0
0.425   0.475   0.0   1.0
0.425   0.491666666667   0.0   1.0
0.425   0.5   0.0   1.0
0.441666666667   0.0   0.0   1.0
0.441666666667   0.00833333333333   0.0   1.0
0.441666666667   0.025   0.0   1.0
0.441666666667   0.0416666666667   0.0   1.0
0.441666666667   0.0583333333333   0.0   1.0
0.441666666667   0.075   0.0   1.0
0.441666666667   0.0916666666667   0.0   1.0
0.441666666667   0.108333333333   0.0   1.0
0.441666666667   0.125   0.0   1.0
0.441666666667   0.141666666667   0.0   1.0
0.441666666667   0.158333333333   0.0   1.0
0.441666666667   0.175   0.0   1.0
0.441666666667   0.191666666667   0.0   1.0
0.441666666667   0.208333333333   0.0   1.0
0.441666666667   0.225   0.0   1.0
0.441666666667   0.241666666667   0.0   1.0
0.441666666667   0.258333333333   0.0   1.0
0.441666666667   0.275   0.0   1.0
0.441666666667   0.291666666667   0.0   1.0
0.441666666667   0.308333333333   0.0   1.0
0.441666666667   0.325   0.0   1.0
0.441666666667   0.341666666667   0.0   1.0
0.441666666667   0.358333333333   0.0   1.0
0.441666666667   0.375   0.0   1.0
0.441666666667   0.391666666667   0.0   1.0
0.441666666667   0.408333333333   0.0   1.0
0.441666666667   0.425   0.0   1.0
0.441666666667   0.441666666667   0.0   1.0
0.441666666667   0.458333333333   0.0   1.0
0.441666666667   0.475   0.0   1.0
0.441666666667   0.491666666667   0.0   1.0
0.441666666667   0.5   0.0   1.0
0.458333333333   0.0   0.0   1.0
0.458333333333   0.00833333333333   0.0   1.0
0.458333333333   0.025   0.0   1.0
0.458333333333   0.0416666666667   0.0   1.0
0.458333333333   0.0583333333333   0.0   1.0
0.458333333333   0.075   0.0   1.0
0.458333333333   0.0916666666667   0.0   1.0
0.458333333333   0.108333333333   0.0   1.0
0.458333333333   0.125   0.0   1.0
0.458333333333   0.141666666667   0.0   1.0
0.458333333333   0.158333333333   0.0   1.0
0.458333333333   0.175   0.0   1.0
0.458333333333   0.191666666667   0.0   1.0
0.458333333333   0.208333333333   0.0   1.0
0.458333333333   0.225   0.0   1.0
0.458333333333   0.241666666667   0.0   1.0
0.458333333333   0.258333333333   0.0   1.0
0.458333333333   0.275   0.0   1.0
0.458333333333   0.291666666667   0.0   1.0
0.458333333333   0.308333333333   0.0   1.0
0.458333333333   0.325   0.0   1.0
0.458333333333   0.341666666667   0.0   1.0
0.458333333333   0.358333333333   0.0   1.0
0.458333333333   0.375   0.0   1.0
0.458333333333   0.391666666667   0.0   1.0
0.458333333333   0.408333333333   0.0   1.0
0.458333333333   0.425   0.0   1.0
0.458333333333   0.441666666667   0.0   1.0
0.458333333333   0.458333333333   0.0   1.0
0.458333333333   0.475   0.0   1.0
0.458333333333   0.491666666667   0.0   1.0
0.458333333333   0.5   0.0   1.0
0.475   0.0   0.0   1.0
0.475   0.00833333333333   0.0   1.0
0.475   0.025   0.0   1.0
0.475   0.0416666666667   0.0   1.0
0.475   0.0583333333333   0.0   1.0
0.475   0.075   0.0   1.0
0.475   0.0916666666667   0.0   1.0
0.475   0.108333333333   0.0   1.0
0.475   0.125   0.0   1.0
0.475   0.141666666667   0.0   1.0
0.475   0.158333333333   0.0   1.0
0.475   0.175   0.0   1.0
0.475   0.191666666667   0.0   1.0
0.475   0.208333333333   0.0   1.0
0.475   0.225   0.0   1.0
0.475   0.241666666667   0.0   1.0
0.475   0.258333333333   0.0   1.0
0.475   0.275   0.0   1.0
0.475   0.291666666667   0.0   1.0
0.475   0.308333333333   0.0   1.0
0.475   0.325   0.0   1.0
0.475   0.341666666667   0.0   1.0
0.475   0.358333333333   0.0   1.0
0.475   0.375   0.0   1.0
0.475   0.391666666667   0.0   1.0
0.475   0.408333333333   0.0   1.0
0.475   0.425   0.0   1.0
0.475   0.441666666667   0.0   1.0
0.475   0.458333333333   0.0   1.0
0.475   0.475   0.0   1.0
0.475   0.491666666667   0.0   1.0
0.475   0.5   0.0   1.0
0.491666666667   0.0   0.0   1.0
0.491666666667   0.00833333333333   0.0   1.0
0.491666666667   0.025   0.0   1.0
0.491666666667   0.0416666666667   0.0   1.0
0.491666666667   0.0583333333333   0.0   1.0
0.491666666667   0.075   0.0   1.0
0.491666666667   0.0916666666667   0.0   1.0
0.491666666667   0.108333333333   0.0   1.0
0.491666666667   0.125   0.0   1.0
0.491666666667   0.141666666667   0.0   1.0
0.491666666667   0.158333333333   0.0   1.0
0.491666666667   0.175   0.0   1.0
0.491666666667   0.191666666667   0.0   1.0
0.491666666667   0.208333333333   0.0   1.0
0.491666666667   0.225   0.0   1.0
0.491666666667   0.241666666667   0.0   1.0
0.491666666667   0.258333333333   0.0   1.0
0.491666666667   0.275   0.0   1.0
0.491666666667   0.291666666667   0.0   1.0
0.491666666667   0.308333333333   0.0   1.0
0.491666666667   0.325   0.0   1.0
0.491666666667   0.341666666667   0.0   1.0
0.491666666667   0.358333333333   0.0   1.0
0.491666666667   0.375   0.0   1.0
0.491666666667   0.391666666667   0.0   1.0
0.491666666667   0.408333333333   0.0   1.0
0.491666666667   0.425   0.0   1.0
0.491666666667   0.441666666667   0.0   1.0
0.491666666667   0.458333333333   0.0   1.0
0.491666666667   0.475   0.0   1.0
0.491666666667   0.491666666667   0.0   1.0
0.491666666667   0.5   0.0   1.0
0.508333333333   0.0   0.0   1.0
0.508333333333   0.00833333333333   0.0   1.0
0.508333333333   0.025   0.0   1.0
0.508333333333   0.0416666666667   0.0   1.0
0.508333333333   0.0583333333333   0.0   1.0
0.508333333333   0.075   0.0   1.0
0.508333333333   0.0916666666667   0.0   1.0
0.508333333333   0.108333333333   0.0   1.0
0.508333333333   0.125   0.0   1.0
0.508333333333   0.141666666667   0.0   1.0
0.508333333333   0.158333333333   0.0   1.0
0.508333333333   0.175   0.0   1.0
0.508333333333   0.191666666667   0.0   1.0
0.508333333333   0.208333333333   0.0   1.0
0.508333333333   0.225   0.0   1.0
0.508333333333   0.241666666667   0.0   1.0
0.508333333333   0.258333333333   0.0   1.0
0.508333333333   0.275   0.0   1.0
0.508333333333   0.291666666667   0.0   1.0
0.508333333333   0.308333333333   0.0   1.0
0.508333333333   0.325   0.0   1.0
0.508333333333   0.341666666667   0.0   1.0
0.508333333333   0.358333333333   0.0   1.0
0.508333333333   0.375   0.0   1.0
0.508333333333   0.391666666667   0.0   1.0
0.508333333333   0.408333333333   0.0   1.0
0.508333333333   0.425   0.0   1.0
0.508333333333   0.441666666667   0.0   1.0
0.508333333333   0.458333333333   0.0   1.0
0.508333333333   0.475   0.0   1.0
0.508333333333   0.491666666667   0.0   1.0
0.508333333333   0.5   0.0   1.0
0.525   0.0   0.0   1.0
0.525   0.00833333333333   0.0   1.0
0.525   0.025   0.0   1.0
0.525   0.0416666666667   0.0   1.0
0.525   0.0583333333333   0.0   1.0
0.525   0.075   0.0   1.0
0.525   0.0916666666667   0.0   1.0
0.525   0.108333333333   0.0   1.0
0.525   0.125   0.0   1.0
0.525   0.141666666667   0.0   1.0
0.525   0.158333333333   0.0   1.0
0.525   0.175   0.0   1.0
0.525   0.191666666667   0.0   1.0
0.525   0.208333333333   0.0   1.0
0.525   0.225   0.0   1.0
0.525   0.241666666667   0.0   1.0
0.525   0.258333333333   0.0   1.0
0.525   0.275   0.0   1.0
0.525   0.291666666667   0.0   1.0
0.525   0.308333333333   0.0   1.0
0.525   0.325   0.0   1.0
0.525   0.341666666667   0.0   1.0
0.525   0.358333333333   0.0   1.0
0.525   0.375   0.0   1.0
0.525   0.391666666667   0.0   1.0
0.525   0.408333333333   0.0   1.0
0.525   0.425   0.0   1.0
0.525   0.441666666667   0.0   1.0
0.525   0.458333333333   0.0   1.0
0.525   0.475   0.0   1.0
0.525   0.491666666667   0.0   1.0
0.525   0.5   0.0   1.0
0.541666666667   0.0   0.0   1.0
0.541666666667   0.00833333333333   0.0   1.0
0.541666666667   0.025   0.0   1.0
0.541666666667   0.0416666666667   0.0   1.0
0.541666666667   0.0583333333333   0.0   1.0
0.541666666667   0.075   0.0   1.0
0.541666666667   0.0916666666667   0.0   1.0
0.541666666667   0.108333333333   0.0   1.0
0.541666666667   0.125   0.0   1.0
0.541666666667   0.141666666667   0.0   1.0
0.541666666667   0.158333333333   0.0   1.0
0.541666666667   0.175   0.0   1.0
0.541666666667   0.191666666667   0.0   1.0
0.541666666667   0.208333333333   0.0   1.0
0.541666666667   0.225   0.0   1.0
0.541666666667   0.241666666667   0.0   1.0
0.541666666667   0.258333333333   0.0   1.0
0.541666666667   0.275   0.0   1.0
0.541666666667   0.291666666667   0.0   1.0
0.541666666667   0.308333333333   0.0   1.0
0.541666666667   0.325   0.0   1.0
0.541666666667   0.341666666667   0.0   1.0
0.541666666667   0.358333333333   0.0   1.0
0.541666666667   0.375   0.0   1.0
0.541666666667   0.391666666667   0.0   1.0
0.541666666667   0.408333333333   0.0   1.0
0.541666666667   0.425   0.0   1.0
0.541666666667   0.441666666667   0.0   1.0
0.541666666667   0.458333333333   0.0   1.0
0.541666666667   0.475   0.0   1.0
0.541666666667   0.491666666667   0.0   1.0
0.541666666667   0.5   0.0   1.0
0.558333333333   0.0   0.0   1.0
0.558333333333   0.00833333333333   0.0   1.0
0.558333333333   0.025   0.0   1.0
0.558333333333   0.0416666666667   0.0   1.0
0.558333333333   0.0583333333333   0.0   1.0
0.558333333333   0.075   0.0   1.0
0.558333333333   0.0916666666667   0.0   1.0
0.558333333333   0.108333333333   0.0   1.0
0.558333333333   0.125   0.0   1.0
0.558333333333   0.141666666667   0.0   1.0
0.558333333333   0.158333333333   0.0   1.0
0.558333333333   0.175   0.0   1.0
0.558333333333   0.191666666667   0.0   1.0
0.558333333333   0.208333333333   0.0   1.0
0.558333333333   0.225   0.0   1.0
0.558333333333   0.241666666667   0.0   1.0
0.558333333333   0.258333333333   0.0   1.0
0.558333333333   0.275   0.0   1.0
0.558333333333   0.291666666667   0.0   1.0
0.558333333333   0.308333333333   0.0   1.0
0.558333333333   0.325   0.0   1.0
0.558333333333   0.341666666667   0.0   1.0
0.558333333333   0.358333333333   0.0   1.0
0.558333333333   0.375   0.0   1.0
0.558333333333   0.391666666667   0.0   1.0
0.558333333333   0.408333333333   0.0   1.0
0.558333333333   0.425   0.0   1.0
0.558333333333   0.441666666667   0.0   1.0
0.558333333333   0.458333333333   0.0   1.0
0.558333333333   0.475   0.0   1.0
0.558333333333   0.491666666667   0.0   1.0
0.558333333333   0.5   0.0   1.0
0.575   0.0   0.0   1.0
0.575   0.00833333333333   0.0   1.0
0.575   0.025   0.0   1.0
0.575   0.0416666666667   0.0   1.0
0.575   0.0583333333333   0.0   1.0
0.575   0.075   0.0   1.0
0.575   0.0916666666667   0.0   1.0
0.575   0.108333333333   0.0   1.0
0.575   0.125   0.0   1.0
0.575   0.141666666667   0.0   1.0
0.575   0.158333333333   0.0   1.0
0.575   0.175   0.0   1.0
0.575   0.191666666667   0.0   1.0
0.575   0.208333333333   0.0   1.0
0.575   0.225   0.0   1.0
0.575   0.241666666667   0.0   1.0
0.575   0.258333333333   0.0   1.0
0.575   0.275   0.0   1.0
0.575   0.291666666667   0.0   1.0
0.575   0.308333333333   0.0   1.0
0.575   0.325   0.0   1.0
0.575   0.341666666667   0.0   1.0
0.575   0.358333333333   0.0   1.0
0.575   0.375   0.0   1.0
0.575   0.391666666667   0.0   1.0
0.575   0.408333333333   0.0   1.0
0.575   0.425   0.0   1.0
0.575   0.441666666667   0.0   1.0
0.575   0.458333333333   0.0   1.0
0.575   0.475   0.0   1.0
0.575   0.491666666667   0.0   1.0
0.575   0.5   0.0   1.0
0.591666666667   0.0   0.0   1.0
0.591666666667   0.00833333333333   0.0   1.0
0.591666666667   0.025   0.0   1.0
0.591666666667   0.0416666666667   0.0   1.0
0.591666666667   0.0583333333333   0.0   1.0
0.591666666667   0.075   0.0   1.0
0.591666666667   0.0916666666667   0.0   1.0
0.591666666667   0.108333333333   0.0   1.0
0.591666666667   0.125   0.0   1.0
0.591666666667   0.141666666667   0.0   1.0
0.591666666667   0.158333333333   0.0   1.0
0.591666666667   0.175   0.0   1.0
0.591666666667   0.191666666667   0.0   1.0
0.591666666667   0.208333333333   0.0   1.0
0.591666666667   0.225   0.0   1.0
0.591666666667   0.241666666667   0.0   1.0
0.591666666667   0.258333333333   0.0   1.0
0.591666666667   0.275   0.0   1.0
0.591666666667   0.291666666667   0.0   1.0
0.591666666667   0.308333333333   0.0   1.0
0.591666666667   0.325   0.0   1.0
0.591666666667   0.341666666667   0.0   1.0
0.591666666667   0.358333333333   0.0   1.0
0.591666666667   0.375   0.0   1.0
0.591666666667   0.391666666667   0.0   1.0
0.591666666667   0.408333333333   0.0   1.0
0.591666666667   0.425   0.0   1.0
0.591666666667   0.441666666667   0.0   1.0
0.591666666667   0.458333333333   0.0   1.0
0.591666666667   0.475   0.0   1.0
0.591666666667   0.491666666667   0.0   1.0
0.591666666667   0.5   0.0   1.0
0.608333333333   0.0   0.0   1.0
0.608333333333   0.00833333333333   0.0   1.0
0.608333333333   0.025   0.0   1.0
0.608333333333   0.0416666666667   0.0   1.0
0.608333333333   0.0583333333333   0.0   1.0
0.608333333333   0.075   0.0   1.0
0.608333333333   0.0916666666667   0.0   1.0
0.608333333333   0.108333333333   0.0   1.0
0.608333333333   0.125   0.0   1.0
0.608333333333   0.141666666667   0.0   1.0
0.608333333333   0.158333333333   0.0   1.0
0.608333333333   0.175   0.0   1.0
0.608333333333   0.191666666667   0.0   1.0
0.608333333333   0.208333333333   0.0   1.0
0.608333333333   0.225   0.0   1.0
0.608333333333   0.241666666667   0.0   1.0
0.608333333333   0.258333333333   0.0   1.0
0.608333333333   0.275   0.0   1.0
0.608333333333   0.291666666667   0.0   1.0
0.608333333333   0.308333333333   0.0   1.0
0.608333333333   0.325   0.0   1.0
0.608333333333   0.341666666667   0.0   1.0
0.608333333333   0.358333333333   0.0   1.0
0.608333333333   0.375   0.0   1.0
0.608333333333   0.391666666667   0.0   1.0
0.608333333333   0.408333333333   0.0   1.0
0.608333333333   0.425   0.0   1.0
0.608333333333   0.441666666667   0.0   1.0
0.608333333333   0.458333333333   0.0   1.0
0.608333333333   0.475   0.0   1.0
0.608333333333   0.491666666667   0.0   1.0
0.608333333333   0.5   0.0   1.0
0.625   0.0   0.0   1.0
0.625   0.00833333333333   0.0   1.0
0.625   0.025   0.0   1.0
0.625   0.0416666666667   0.0   1.0
0.625   0.0583333333333   0.0   1.0
0.625   0.075   0.0   1.0
0.625   0.0916666666667   0.0   1.0
0.625   0.108333333333   0.0   1.0
0.625   0.125   0.0   1.0
0.625   0.141666666667   0.0   1.0
0.625   0.158333333333   0.0   1.0
0.625   0.175   0.0   1.0
0.625   0.191666666667   0.0   1.0
0.625   0.208333333333   0.0   1.0
0.625   0.225   0.0   1.0
0.625   0.241666666667   0.0   1.0
0.625   0.258333333333   0.0   1.0
0.625   0.275   0.0   1.0
0.625   0.291666666667   0.0   1.0
0.625   0.308333333333   0.0   1.0
0.625   0.325   0.0   1.0
0.625   0.341666666667   0.0   1.0
0.625   0.358333333333   0.0   1.0
0.625   0.375   0.0   1.0
0.625   0.391666666667   0.0   1.0
0.625   0.408333333333   0.0   1.0
0.625   0.425   0.0   1.0
0.625   0.441666666667   0.0   1.0
0.625   0.458333333333   0.0   1.0
0.625   0.475   0.0   1.0
0.625   0.491666666667   0.0   1.0
0.625   0.5   0.0   1.0
0.641666666667   0.0   0.0   1.0
0.641666666667   0.00833333333333   0.0   1.0
0.641666666667   0.025   0.0   1.0
0.641666666667   0.0416666666667   0.0   1.0
0.641666666667   0.0583333333333   0.0   1.0
0.641666666667   0.075   0.0   1.0
0.641666666667   0.0916666666667   0.0   1.0
0.641666666667   0.108333333333   0.0   1.0
0.641666666667   0.125   0.0   1.0
0.641666666667   0.141666666667   0.0   1.0
0.641666666667   0.158333333333   0.0   1.0
0.641666666667   0.175   0.0   1.0
0.641666666667   0.191666666667   0.0   1.0
0.641666666667   0.208333333333   0.0   1.0
0.641666666667   0.225   0.0   1.0
0.641666666667   0.241666666667   0.0   1.0
0.641666666667   0.258333333333   0.0   1.0
0.641666666667   0.275   0.0   1.0
0.641666666667   0.291666666667   0.0   1.0
0.641666666667   0.308333333333   0.0   1.0
0.641666666667   0.325   0.0   1.0
0.641666666667   0.341666666667   0.0   1.0
0.641666666667   0.358333333333   0.0   1.0
0.641666666667   0.375   0.0   1.0
0.641666666667   0.391666666667   0.0   1.0
0.641666666667   0.408333333333   0.0   1.0
0.641666666667   0.425   0.0   1.0
0.641666666667   0.441666666667   0.0   1.0
0.641666666667   0.458333333333   0.0   1.0
0.641666666667   0.475   0.0   1.0
0.641666666667   0.491666666667   0.0   1.0
0.641666666667   0.5   0.0   1.0
0.658333333333   0.0   0.0   1.0
0.658333333333   0.00833333333333   0.0   1.0
0.658333333333   0.025   0.0   1.0
0.658333333333   0.0416666666667   0.0   1.0
0.658333333333   0.0583333333333   0.0   1.0
0.658333333333   0.075   0.0   1.0
0.658333333333   0.0916666666667   0.0   1.0
0.658333333333   0.108333333333   0.0   1.0
0.658333333333   0.125   0.0   1.0
0.658333333333   0.141666666667   0.0   1.0
0.658333333333   0.158333333333   0.0   1.0
0.658333333333   0.175   0.0   1.0
0.658333333333   0.191666666667   0.0   1.0
0.658333333333   0.208333333333   0.0   1.0
0.658333333333   0.225   0.0   1.0
0.658333333333   0.241666666667   0.0   1.0
0.658333333333   0.258333333333   0.0   1.0
0.658333333333   0.275   0.0   1.0
0.658333333333   0.291666666667   0.0   1.0
0.658333333333   0.308333333333   0.0   1.0
0.658333333333   0.325   0.0   1.0
0.658333333333   0.341666666667   0.0   1.0
0.658333333333   0.358333333333   0.0   1.0
0.658333333333   0.375   0.0   1.0
0.658333333333   0.391666666667   0.0   1.0
0.658333333333   0.408333333333   0.0   1.0
0.658333333333   0.425   0.0   1.0
0.658333333333   0.441666666667   0.0   1.0
0.658333333333   0.458333333333   0.0   1.0
0.658333333333   0.475   0.0   1.0
0.658333333333   0.491666666667   0.0   1.0
0.658333333333   0.5   0.0   1.0
0.675   0.0   0.0   1.0
0.675   0.00833333333333   0.0   1.0
0.675   0.025   0.0   1.0
0.675   0.0416666666667   0.0   1.0
0.675   0.0583333333333   0.0   1.0
0.675   0.075   0.0   1.0
0.675   0.0916666666667   0.0   1.0
0.675   0.108333333333   0.0   1.0
0.675   0.125   0.0   1.0
0.675   0.141666666667   0.0   1.0
0.675   0.158333333333   0.0   1.0
0.675   0.175   0.0   1.0
0.675   0.191666666667   0.0   1.0
0.675   0.208333333333   0.0   1.0
0.675   0.225   0.0   1.0
0.675   0.241666666667   0.0   1.0
0.675   0.258333333333   0.0   1.0
0.675   0.275   0.0   1.0
0.675   0.291666666667   0.0   1.0
0.675   0.308333333333   0.0   1.0
0.675   0.325   0.0   1.0
0.675   0.341666666667   0.0   1.0
0.675   0.358333333333   0.0   1.0
0.675   0.375   0.0   1.0
0.675   0.391666666667   0.0   1.0
0.675   0.408333333333   0.0   1.0
0.675   0.425   0.0   1.0
0.675   0.441666666667   0.0   1.0
0.675   0.458333333333   0.0   1.0
0.675   0.475   0.0   1.0
0.675   0.491666666667   0.0   1.0
0.675   0.5   0.0   1.0
0.691666666667   0.0   0.0   1.0
0.691666666667   0.00833333333333   0.0   1.0
0.691666666667   0.025   0.0   1.0
0.691666666667   0.0416666666667   0.0   1.0
0.691666666667   0.0583333333333   0.0   1.0
0.691666666667   0.075   0.0   1.0
0.691666666667   0.0916666666667   0.0   1.0
0.691666666667   0.108333333333   0.0   1.0
0.691666666667   0.125   0.0   1.0
0.691666666667   0.141666666667   0.0   1.0
0.691666666667   0.158333333333   0.0   1.0
0.691666666667   0.175   0.0   1.0
0.691666666667   0.191666666667   0.0   1.0
0.691666666667   0.208333333333   0.0   1.0
0.691666666667   0.225   0.0   1.0
0.691666666667   0.241666666667   0.0   1.0
0.691666666667   0.258333333333   0.0   1.0
0.691666666667   0.275   0.0   1.0
0.691666666667   0.291666666667   0.0   1.0
0.691666666667   0.308333333333   0.0   1.0
0.691666666667   0.325   0.0   1.0
0.691666666667   0.341666666667   0.0   1.0
0.691666666667   0.358333333333   0.0   1.0
0.691666666667   0.375   0.0   1.0
0.691666666667   0.391666666667   0.0   1.0
0.691666666667   0.408333333333   0.0   1.0
0.691666666667   0.425   0.0   1.0
0.691666666667   0.441666666667   0.0   1.0
0.691666666667   0.458333333333   0.0   1.0
0.691666666667   0.475   0.0   1.0
0.691666666667   0.491666666667   0.0   1.0
0.691666666667   0.5   0.0   1.0
0.708333333333   0.0   0.0   1.0
0.708333333333   0.00833333333333   0.0   1.0
0.708333333333   0.025   0.0   1.0
0.708333333333   0.0416666666667   0.0   1.0
0.708333333333   0.0583333333333   0.0   1.0
0.708333333333   0.075   0.0   1.0
0.708333333333   0.0916666666667   0.0   1.0
0.708333333333   0.108333333333   0.0   1.0
0.708333333333   0.125   0.0   1.0
0.708333333333   0.141666666667   0.0   1.0
0.708333333333   0.158333333333   0.0   1.0
0.708333333333   0.175   0.0   1.0
0.708333333333   0.191666666667   0.0   1.0
0.708333333333   0.208333333333   0.0   1.0
0.708333333333   0.225   0.0   1.0
0.708333333333   0.241666666667   0.0   1.0
0.708333333333   0.258333333333   0.0   1.0
0.708333333333   0.275   0.0   1.0
0.708333333333   0.291666666667   0.0   1.0
0.708333333333   0.308333333333   0.0   1.0
0.708333333333   0.325   0.0   1.0
0.708333333333   0.341666666667   0.0   1.0
0.708333333333   0.358333333333   0.0   1.0
0.708333333333   0.375   0.0   1.0
0.708333333333   0.391666666667   0.0   1.0
0.708333333333   0.408333333333   0.0   1.0
0.708333333333   0.425   0.0   1.0
0.708333333333   0.441666666667   0.0   1.0
0.708333333333   0.458333333333   0.0   1.0
0.708333333333   0.475   0.0   1.0
0.708333333333   0.491666666667   0.0   1.0
0.708333333333   0.5   0.0   1.0
0.725   0.0   0.0   1.0
0.725   0.00833333333333   0.0   1.0
0.725   0.025   0.0   1.0
0.725   0.0416666666667   0.0   1.0
0.725   0.0583333333333   0.0   1.0
0.725   0.075   0.0   1.0
0.725   0.0916666666667   0.0   1.0
0.725   0.108333333333   0.0   1.0
0.725   0.125   0.0   1.0
0.725   0.141666666667   0.0   1.0
0.725   0.158333333333   0.0   1.0
0.725   0.175   0.0   1.0
0.725   0.191666666667   0.0   1.0
0.725   0.208333333333   0.0   1.0
0.725   0.225   0.0   1.0
0.725   0.241666666667   0.0   1.0
0.725   0.258333333333   0.0   1.0
0.725   0.275   0.0   1.0
0.725   0.291666666667   0.0   1.0
0.725   0.308333333333   0.0   1.0
0.725   0.325   0.0   1.0
0.725   0.341666666667   0.0   1.0
0.725   0.358333333333   0.0   1.0
0.725   0.375   0.0   1.0
0.725   0.391666666667   0.0   1.0
0.725   0.408333333333   0.0   1.0
0.725   0.425   0.0   1.0
0.725   0.441666666667   0.0   1.0
0.725   0.458333333333   0.0   1.0
0.725   0.475   0.0   1.0
0.725   0.491666666667   0.0   1.0
0.725   0.5   0.0   1.0
0.741666666667   0.0   0.0   1.0
0.741666666667   0.00833333333333   0.0   1.0
0.741666666667   0.025   0.0   1.0
0.741666666667   0.0416666666667   0.0   1.0
0.741666666667   0.0583333333333   0.0   1.0
0.741666666667   0.075   0.0   1.0
0.741666666667   0.0916666666667   0.0   1.0
0.741666666667   0.108333333333   0.0   1.0
0.741666666667   0.125   0.0   1.0
0.741666666667   0.141666666667   0.0   1.0
0.741666666667   0.158333333333   0.0   1.0
0.741666666667   0.175   0.0   1.0
0.741666666667   0.191666666667   0.0   1.0
0.741666666667   0.208333333333   0.0   1.0
0.741666666667   0.225   0.0   1.0
0.741666666667   0.241666666667   0.0   1.0
0.741666666667   0.258333333333   0.0   1.0
0.741666666667   0.275   0.0   1.0
0.741666666667   0.291666666667   0.0   1.0
0.741666666667   0.308333333333   0.0   1.0
0.741666666667   0.325   0.0   1.0
0.741666666667   0.341666666667   0.0   1.0
0.741666666667   0.358333333333   0.0   1.0
0.741666666667   0.375   0.0   1.0
0.741666666667   0.391666666667   0.0   1.0
0.741666666667   0.408333333333   0.0   1.0
0.741666666667   0.425   0.0   1.0
0.741666666667   0.441666666667   0.0   1.0
0.741666666667   0.458333333333   0.0   1.0
0.741666666667   0.475   0.0   1.0
0.741666666667   0.491666666667   0.0   1.0
0.741666666667   0.5   0.0   1.0
0.758333333333   0.0   0.0   1.0
0.758333333333   0.00833333333333   0.0   1.0
0.758333333333   0.025   0.0   1.0
0.758333333333   0.0416666666667   0.0   1.0
0.758333333333   0.0583333333333   0.0   1.0
0.758333333333   0.075   0.0   1.0
0.758333333333   0.0916666666667   0.0   1.0
0.758333333333   0.108333333333   0.0   1.0
0.758333333333   0.125   0.0   1.0
0.758333333333   0.141666666667   0.0   1.0
0.758333333333   0.158333333333   0.0   1.0
0.758333333333   0.175   0.0   1.0
0.758333333333   0.191666666667   0.0   1.0
0.758333333333   0.208333333333   0.0   1.0
0.758333333333   0.225   0.0   1.0
0.758333333333   0.241666666667   0.0   1.0
0.758333333333   0.258333333333   0.0   1.0
0.758333333333   0.275   0.0   1.0
0.758333333333   0.291666666667   0.0   1.0
0.758333333333   0.308333333333   0.0   1.0
0.758333333333   0.325   0.0   1.0
0.758333333333   0.341666666667   0.0   1.0
0.758333333333   0.358333333333   0.0   1.0
0.758333333333   0.375   0.0   1.0
0.758333333333   0.391666666667   0.0   1.0
0.758333333333   0.408333333333   0.0   1.0
0.758333333333   0.425   0.0   1.0
0.758333333333   0.441666666667   0.0   1.0
0.758333333333   0.458333333333   0.0   1.0
0.758333333333   0.475   0.0   1.0
0.758333333333   0.491666666667   0.0   1.0
0.758333333333   0.5   0.0   1.0
0.775   0.0   0.0   1.0
0.775   0.00833333333333   0.0   1.0
0.775   0.025   0.0   1.0
0.775   0.0416666666667   0.0   1.0
0.775   0.0583333333333   0.0   1.0
0.775   0.075   0.0   1.0
0.775   0.0916666666667   0.0   1.0
0.775   0.108333333333   0.0   1.0
0.775   0.125   0.0   1.0
0.775   0.141666666667   0.0   1.0
0.775   0.158333333333   0.0   1.0
0.775   0.175   0.0   1.0
0.775   0.191666666667   0.0   1.0
0.775   0.208333333333   0.0   1.0
0.775   0.225   0.0   1.0
0.775   0.241666666667   0.0   1.0
0.775   0.258333333333   0.0   1.0
0.775   0.275   0.0   1.0
0.775   0.291666666667   0.0   1.0
0.775   0.308333333333   0.0   1.0
0.775   0.325   0.0   1.0
0.775   0.341666666667   0.0   1.0
0.775   0.358333333333   0.0   1.0
0.775   0.375   0.0   1.0
0.775   0.391666666667   0.0   1.0
0.775   0.408333333333   0.0   1.0
0.775   0.425   0.0   1.0
0.775   0.441666666667   0.0   1.0
0.775   0.458333333333   0.0   1.0
0.775   0.475   0.0   1.0
0.775   0.491666666667   0.0   1.0
0.775   0.5   0.0   1.0
0.791666666667   0.0   0.0   1.0
0.791666666667   0.00833333333333   0.0   1.0
0.791666666667   0.025   0.0   1.0
0.791666666667   0.0416666666667   0.0   1.0
0.791666666667   0.0583333333333   0.0   1.0
0.791666666667   0.075   0.0   1.0
0.791666666667   0.0916666666667   0.0   1.0
0.791666666667   0.108333333333   0.0   1.0
0.791666666667   0.125   0.0   1.0
0.791666666667   0.141666666667   0.0   1.0
0.791666666667   0.158333333333   0.0   1.0
0.791666666667   0.175   0.0   1.0
0.791666666667   0.191666666667   0.0   1.0
0.791666666667   0.208333333333   0.0   1.0
0.791666666667   0.225   0.0   1.0
0.791666666667   0.241666666667   0.0   1.0
0.791666666667   0.258333333333   0.0   1.0
0.791666666667   0.275   0.0   1.0
0.791666666667   0.291666666667   0.0   1.0
0.791666666667   0.308333333333   0.0   1.0
0.791666666667   0.325   0.0   1.0
0.791666666667   0.341666666667   0.0   1.0
0.791666666667   0.358333333333   0.0   1.0
0.791666666667   0.375   0.0   1.0
0.791666666667   0.391666666667   0.0   1.0
0.791666666667   0.408333333333   0.0   1.0
0.791666666667   0.425   0.0   1.0
0.791666666667   0.441666666667   0.0   1.0
0.791666666667   0.458333333333   0.0   1.0
0.791666666667   0.475   0.0   1.0
0.791666666667   0.491666666667   0.0   1.0
0.791666666667   0.5   0.0   1.0
0.808333333333   0.0   0.0   1.0
0.808333333333   0.00833333333333   0.0   1.0
0.808333333333   0.025   0.0   1.0
0.808333333333   0.0416666666667   0.0   1.0
0.808333333333   0.0583333333333   0.0   1.0
0.808333333333   0.075   0.0   1.0
0.808333333333   0.0916666666667   0.0   1.0
0.808333333333   0.108333333333   0.0   1.0
0.808333333333   0.125   0.0   1.0
0.808333333333   0.141666666667   0.0   1.0
0.808333333333   0.158333333333   0.0   1.0
0.808333333333   0.175   0.0   1.0
0.808333333333   0.191666666667   0.0   1.0
0.808333333333   0.208333333333   0.0   1.0
0.808333333333   0.225   0.0   1.0
0.808333333333   0.241666666667   0.0   1.0
0.808333333333   0.258333333333   0.0   1.0
0.808333333333   0.275   0.0   1.0
0.808333333333   0.291666666667   0.0   1.0
0.808333333333   0.308333333333   0.0   1.0
0.808333333333   0.325   0.0   1.0
0.808333333333   0.341666666667   0.0   1.0
0.808333333333   0.358333333333   0.0   1.0
0.808333333333   0.375   0.0   1.0
0.808333333333   0.391666666667   0.0   1.0
0.808333333333   0.408333333333   0.0   1.0
0.808333333333   0.425   0.0   1.0
0.808333333333   0.441666666667   0.0   1.0
0.808333333333   0.458333333333   0.0   1.0
0.808333333333   0.475   0.0   1.0
0.808333333333   0.491666666667   0.0   1.0
0.808333333333   0.5   0.0   1.0
0.825   0.0   0.0   1.0
0.825   0.00833333333333   0.0   1.0
0.825   0.025   0.0   1.0
0.825   0.0416666666667   0.0   1.0
0.825   0.0583333333333   0.0   1.0
0.825   0.075   0.0   1.0
0.825   0.0916666666667   0.0   1.0
0.825   0.108333333333   0.0   1.0
0.825   0.125   0.0   1.0
0.825   0.141666666667   0.0   1.0
0.825   0.158333333333   0.0   1.0
0.825   0.175   0.0   1.0
0.825   0.191666666667   0.0   1.0
0.825   0.208333333333   0.0   1.0
0.825   0.225   0.0   1.0
0.825   0.241666666667   0.0   1.0
0.825   0.258333333333   0.0   1.0
0.825   0.275   0.0   1.0
0.825   0.291666666667   0.0   1.0
0.825   0.308333333333   0.0   1.0
0.825   0.325   0.0   1.0
0.825   0.341666666667   0.0   1.0
0.825   0.358333333333   0.0   1.0
0.825   0.375   0.0   1.0
0.825   0.391666666667   0.0   1.0
0.825   0.408333333333   0.0   1.0
0.825   0.425   0.0   1.0
0.825   0.441666666667   0.0   1.0
0.825   0.458333333333   0.0   1.0
0.825   0.475   0.0   1.0
0.825   0.491666666667   0.0   1.0
0.825   0.5   0.0   1.0
0.841666666667   0.0   0.0   1.0
0.841666666667   0.00833333333333   0.0   1.0
0.841666666667   0.025   0.0   1.0
0.841666666667   0.0416666666667   0.0   1.0
0.841666666667   0.0583333333333   0.0   1.0
0.841666666667   0.075   0.0   1.0
0.841666666667   0.0916666666667   0.0   1.0
0.841666666667   0.108333333333   0.0   1.0
0.841666666667   0.125   0.0   1.0
0.841666666667   0.141666666667   0.0   1.0
0.841666666667   0.158333333333   0.0   1.0
0.841666666667   0.175   0.0   1.0
0.841666666667   0.191666666667   0.0   1.0
0.841666666667   0.208333333333   0.0   1.0
0.841666666667   0.225   0.0   1.0
0.841666666667   0.241666666667   0.0   1.0
0.841666666667   0.258333333333   0.0   1.0
0.841666666667   0.275   0.0   1.0
0.841666666667   0.291666666667   0.0   1.0
0.841666666667   0.308333333333   0.0   1.0
0.841666666667   0.325   0.0   1.0
0.841666666667   0.341666666667   0.0   1.0
0.841666666667   0.358333333333   0.0   1.0
0.841666666667   0.375   0.0   1.0
0.841666666667   0.391666666667   0.0   1.0
0.841666666667   0.408333333333   0.0   1.0
0.841666666667   0.425   0.0   1.0
0.841666666667   0.441666666667   0.0   1.0
0.841666666667   0.458333333333   0.0   1.0
0.841666666667   0.475   0.0   1.0
0.841666666667   0.491666666667   0.0   1.0
0.841666666667   0.5   0.0   1.0
0.858333333333   0.0   0.0   1.0
0.858333333333   0.00833333333333   0.0   1.0
0.858333333333   0.025   0.0   1.0
0.858333333333   0.0416666666667   0.0   1.0
0.858333333333   0.0583333333333   0.0   1.0
0.858333333333   0.075   0.0   1.0
0.858333333333   0.0916666666667   0.0   1.0
0.858333333333   0.108333333333   0.0   1.0
0.858333333333   0.125   0.0   1.0
0.858333333333   0.141666666667   0.0   1.0
0.858333333333   0.158333333333   0.0   1.0
0.858333333333   0.175   0.0   1.0
0.858333333333   0.191666666667   0.0   1.0
0.858333333333   0.208333333333   0.0   1.0
0.858333333333   0.225   0.0   1.0
0.858333333333   0.241666666667   0.0   1.0
0.858333333333   0.258333333333   0.0   1.0
0.858333333333   0.275   0.0   1.0
0.858333333333   0.291666666667   0.0   1.0
0.858333333333   0.308333333333   0.0   1.0
0.858333333333   0.325   0.0   1.0
0.858333333333   0.341666666667   0.0   1.0
0.858333333333   0.358333333333   0.0   1.0
0.858333333333   0.375   0.0   1.0
0.858333333333   0.391666666667   0.0   1.0
0.858333333333   0.408333333333   0.0   1.0
0.858333333333   0.425   0.0   1.0
0.858333333333   0.441666666667   0.0   1.0
0.858333333333   0.458333333333   0.0   1.0
0.858333333333   0.475   0.0   1.0
0.858333333333   0.491666666667   0.0   1.0
0.858333333333   0.5   0.0   1.0
0.875   0.0   0.0   1.0
0.875   0.00833333333333   0.0   1.0
0.875   0.025   0.0   1.0
0.875   0.0416666666667   0.0   1.0
0.875   0.0583333333333   0.0   1.0
0.875   0.075   0.0   1.0
0.875   0.0916666666667   0.0   1.0
0.875   0.108333333333   0.0   1.0
0.875   0.125   0.0   1.0
0.875   0.141666666667   0.0   1.0
0.875   0.158333333333   0.0   1.0
0.875   0.175   0.0   1.0
0.875   0.191666666667   0.0   1.0
0.875   0.208333333333   0.0   1.0
0.875   0.225   0.0   1.0
0.875   0.241666666667   0.0   1.0
0.875   0.258333333333   0.0   1.0
0.875   0.275   0.0   1.0
0.875   0.291666666667   0.0   1.0
0.875   0.308333333333   0.0   1.0
0.875   0.325   0.0   1.0
0.875   0.341666666667   0.0   1.0
0.875   0.358333333333   0.0   1.0
0.875   0.375   0.0   1.0
0.875   0.391666666667   0.0   1.0
0.875   0.408333333333   0.0   1.0
0.875   0.425   0.0   1.0
0.875   0.441666666667   0.0   1.0
0.875   0.458333333333   0.0   1.0
0.875   0.475   0.0   1.0
0.875   0.491666666667   0.0   1.0
0.875   0.5   0.0   1.0
0.891666666667   0.0   0.0   1.0
0.891666666667   0.00833333333333   0.0   1.0
0.891666666667   0.025   0.0   1.0
0.891666666667   0.0416666666667   0.0   1.0
0.891666666667   0.0583333333333   0.0   1.0
0.891666666667   0.075   0.0   1.0
0.891666666667   0.0916666666667   0.0   1.0
0.891666666667   0.108333333333   0.0   1.0
0.891666666667   0.125   0.0   1.0
0.891666666667   0.141666666667   0.0   1.0
0.891666666667   0.158333333333   0.0   1.0
0.891666666667   0.175   0.0   1.0
0.891666666667   0.191666666667   0.0   1.0
0.891666666667   0.208333333333   0.0   1.0
0.891666666667   0.225   0.0   1.0
0.891666666667   0.241666666667   0.0   1.0
0.891666666667   0.258333333333   0.0   1.0
0.891666666667   0.275   0.0   1.0
0.891666666667   0.291666666667   0.0   1.0
0.891666666667   0.308333333333   0.0   1.0
0.891666666667   0.325   0.0   1.0
0.891666666667   0.341666666667   0.0   1.0
0.891666666667   0.358333333333   0.0   1.0
0.891666666667   0.375   0.0   1.0
0.891666666667   0.391666666667   0.0   1.0
0.891666666667   0.408333333333   0.0   1.0
0.891666666667   0.425   0.0   1.0
0.891666666667   0.441666666667   0.0   1.0
0.891666666667   0.458333333333   0.0   1.0
0.891666666667   0.475   0.0   1.0
0.891666666667   0.491666666667   0.0   1.0
0.891666666667   0.5   0.0   1.0
0.908333333333   0.0   0.0   1.0
0.908333333333   0.00833333333333   0.0   1.0
0.908333333333   0.025   0.0   1.0
0.908333333333   0.0416666666667   0.0   1.0
0.908333333333   0.0583333333333   0.0   1.0
0.908333333333   0.075   0.0   1.0
0.908333333333   0.0916666666667   0.0   1.0
0.908333333333   0.108333333333   0.0   1.0
0.908333333333   0.125   0.0   1.0
0.908333333333   0.141666666667   0.0   1.0
0.908333333333   0.158333333333   0.0   1.0
0.908333333333   0.175   0.0   1.0
0.908333333333   0.191666666667   0.0   1.0
0.908333333333   0.208333333333   0.0   1.0
0.908333333333   0.225   0.0   1.0
0.908333333333   0.241666666667   0.0   1.0
0.908333333333   0.258333333333   0.0   1.0
0.908333333333   0.275   0.0   1.0
0.908333333333   0.291666666667   0.0   1.0
0.908333333333   0.308333333333   0.0   1.0
0.908333333333   0.325   0.0   1.0
0.908333333333   0.341666666667   0.0   1.0
0.908333333333   0.358333333333   0.0   1.0
0.908333333333   0.375   0.0   1.0
0.908333333333   0.391666666667   0.0   1.0
0.908333333333   0.408333333333   0.0   1.0
0.908333333333   0.425   0.0   1.0
0.908333333333   0.441666666667   0.0   1.0
0.908333333333   0.458333333333   0.0   1.0
0.908333333333   0.475   0.0   1.0
0.908333333333   0.491666666667   0.0   1.0
0.908333333333   0.5   0.0   1.0
0.925   0.0   0.0   1.0
0.925   0.00833333333333   0.0   1.0
0.925   0.025   0.0   1.0
0.925   0.0416666666667   0.0   1.0
0.925   0.0583333333333   0.0   1.0
0.925   0.075   0.0   1.0
0.925   0.0916666666667   0.0   1.0
0.925   0.108333333333   0.0   1.0
0.925   0.125   0.0   1.0
0.925   0.141666666667   0.0   1.0
0.925   0.158333333333   0.0   1.0
0.925   0.175   0.0   1.0
0.925   0.191666666667   0.0   1.0
0.925   0.208333333333   0.0   1.0
0.925   0.225   0.0   1.0
0.925   0.241666666667   0.0   1.0
0.925   0.258333333333   0.0   1.0
0.925   0.275   0.0   1.0
0.925   0.291666666667   0.0   1.0
0.925   0.308333333333   0.0   1.0
0.925   0.325   0.0   1.0
0.925   0.341666666667   0.0   1.0
0.925   0.358333333333   0.0   1.0
0.925   0.375   0.0   1.0
0.925   0.391666666667   0.0   1.0
0.925   0.408333333333   0.0   1.0
0.925   0.425   0.0   1.0
0.925   0.441666666667   0.0   1.0
0.925   0.458333333333   0.0   1.0
0.925   0.475   0.0   1.0
0.925   0.491666666667   0.0   1.0
0.925   0.5   0.0   1.0
0.941666666667   0.0   0.0   1.0
0.941666666667   0.00833333333333   0.0   1.0
0.941666666667   0.025   0.0   1.0
0.941666666667   0.0416666666667   0.0   1.0
0.941666666667   0.0583333333333   0.0   1.0
0.941666666667   0.075   0.0   1.0
0.941666666667   0.0916666666667   0.0   1.0
0.941666666667   0.108333333333   0.0   1.0
0.941666666667   0.125   0.0   1.0
0.941666666667   0.141666666667   0.0   1.0
0.941666666667   0.158333333333   0.0   1.0
0.941666666667   0.175   0.0   1.0
0.941666666667   0.191666666667   0.0   1.0
0.941666666667   0.208333333333   0.0   1.0
0.941666666667   0.225   0.0   1.0
0.941666666667   0.241666666667   0.0   1.0
0.941666666667   0.258333333333   0.0   1.0
0.941666666667   0.275   0.0   1.0
0.941666666667   0.291666666667   0.0   1.0
0.941666666667   0.308333333333   0.0   1.0
0.941666666667   0.325   0.0   1.0
0.941666666667   0.341666666667   0.0   1.0
0.941666666667   0.358333333333   0.0   1.0
0.941666666667   0.375   0.0   1.0
0.941666666667   0.391666666667   0.0   1.0
0.941666666667   0.408333333333   0.0   1.0
0.941666666667   0.425   0.0   1.0
0.941666666667   0.441666666667   0.0   1.0
0.941666666667   0.458333333333   0.0   1.0
0.941666666667   0.475   0.0   1.0
0.941666666667   0.491666666667   0.0   1.0
0.941666666667   0.5   0.0   1.0
0.958333333333   0.0   0.0   1.0
0.958333333333   0.00833333333333   0.0   1.0
0.958333333333   0.025   0.0   1.0
0.958333333333   0.0416666666667   0.0   1.0
0.958333333333   0.0583333333333   0.0   1.0
0.958333333333   0.075   0.0   1.0
0.958333333333   0.0916666666667   0.0   1.0
0.958333333333   0.108333333333   0.0   1.0
0.958333333333   0.125   0.0   1.0
0.958333333333   0.141666666667   0.0   1.0
0.958333333333   0.158333333333   0.0   1.0
0.958333333333   0.175   0.0   1.0
0.958333333333   0.191666666667   0.0   1.0
0.958333333333   0.208333333333   0.0   1.0
0.958333333333   0.225   0.0   1.0
0.958333333333   0.241666666667   0.0   1.0
0.958333333333   0.258333333333   0.0   1.0
0.958333333333   0.275   0.0   1.0
0.958333333333   0.291666666667   0.0   1.0
0.958333333333   0.308333333333   0.0   1.0
0.958333333333   0.325   0.0   1.0
0.958333333333   0.341666666667   0.0   1.0
0.958333333333   0.358333333333   0.0   1.0
0.958333333333   0.375   0.0   1.0
0.958333333333   0.391666666667   0.0   1.0
0.958333333333   0.408333333333   0.0   1.0
0.958333333333   0.425   0.0   1.0
0.958333333333   0.441666666667   0.0   1.0
0.958333333333   0.458333333333   0.0   1.0
0.958333333333   0.475   0.0   1.0
0.958333333333   0.491666666667   0.0   1.0
0.958333333333   0.5   0.0   1.0
0.975   0.0   0.0   1.0
0.975   0.00833333333333   0.0   1.0
0.975   0.025   0.0   1.0
0.975   0.0416666666667   0.0   1.0
0.975   0.0583333333333   0.0   1.0
0.975   0.075   0.0   1.0
0.975   0.0916666666667   0.0   1.0
0.975   0.108333333333   0.0   1.0
0.975   0.125   0.0   1.0
0.975   0.141666666667   0.0   1.0
0.975   0.158333333333   0.0   1.0
0.975   0.175   0.0   1.0
0.975   0.191666666667   0.0   1.0
0.975   0.208333333333   0.0   1.0
0.975   0.225   0.0   1.0
0.975   0.241666666667   0.0   1.0
0.975   0.258333333333   0.0   1.0
0.975   0.275   0.0   1.0
0.975   0.291666666667   0.0   1.0
0.975   0.308333333333   0.0   1.0
0.975   0.325   0.0   1.0
0.975   0.341666666667   0.0   1.0
0.975   0.358333333333   0.0   1.0
0.975   0.375   0.0   1.0
0.975   0.391666666667   0.0   1.0
0.975   0.408333333333   0.0   1.0
0.975   0.425   0.0   1.0
0.975   0.441666666667   0.0   1.0
0.975   0.458333333333   0.0   1.0
0.975   0.475   0.0   1.0
0.975   0.491666666667   0.0   1.0
0.975   0.5   0.0   1.0
0.991666666667   0.0   0.0   1.0
0.991666666667   0.00833333333333   0.0   1.0
0.991666666667   0.025   0.0   1.0
0.991666666667   0.0416666666667   0.0   1.0
0.991666666667   0.0583333333333   0.0   1.0
0.991666666667   0.075   0.0   1.0
0.991666666667   0.0916666666667   0.0   1.0
0.991666666667   0.108333333333   0.0   1.0
0.991666666667   0.125   0.0   1.0
0.991666666667   0.141666666667   0.0   1.0
0.991666666667   0.158333333333   0.0   1.0
0.991666666667   0.175   0.0   1.0
0.991666666667   0.191666666667   0.0   1.0
0.991666666667   0.208333333333   0.0   1.0
0.991666666667   0.225   0.0   1.0
0.991666666667   0.241666666667   0.0   1.0
0.991666666667   0.258333333333   0.0   1.0
0.991666666667   0.275   0.0   1.0
0.991666666667   0.291666666667   0.0   1.0
0.991666666667   0.308333333333   0.0   1.0
0.991666666667   0.325   0.0   1.0
0.991666666667   0.341666666667   0.0   1.0
0.991666666667   0.358333333333   0.0   1.0
0.991666666667   0.375   0.0   1.0
0.991666666667   0.391666666667   0.0   1.0
0.991666666667   0.408333333333   0.0   1.0
0.991666666667   0.425   0.0   1.0
0.991666666667   0.441666666667   0.0   1.0
0.991666666667   0.458333333333   0.0   1.0
0.991666666667   0.475   0.0   1.0
0.991666666667   0.491666666667   0.0   1.0
0.991666666667   0.5   0.0   1.0
1.0   0.0   0.0   1.0
1.0   0.00833333333333   0.0   1.0
1.0   0.025   0.0   1.0
1.0   0.0416666666667   0.0   1.0
1.0   0.0583333333333   0.0   1.0
1.0   0.075   0.0   1.0
1.0   0.0916666666667   0.0   1.0
1.0   0.108333333333   0.0   1.0
1.0   0.125   0.0   1.0
1.0   0.141666666667   0.0   1.0
1.0   0.158333333333   0.0   1.0
1.0   0.175   0.0   1.0
1.0   0.191666666667   0.0   1.0
1.0   0.208333333333   0.0   1.0
1.0   0.225   0.0   1.0
1.0   0.241666666667   0.0   1.0
1.0   0.258333333333   0.0   1.0
1.0   0.275   0.0   1.0
1.0   0.291666666667   0.0   1.0
1.0   0.308333333333   0.0   1.0
1.0   0.325   0.0   1.0
1.0   0.341666666667   0.0   1.0
1.0   0.358333333333   0.0   1.0
1.0   0.375   0.0   1.0
1.0   0.391666666667   0.0   1.0
1.0   0.408333333333   0.0   1.0
1.0   0.425   0.0   1.0
1.0   0.441666666667   0.0   1.0
1.0   0.458333333333   0.0   1.0
1.0   0.475   0.0   1.0
1.0   0.491666666667   0.0   1.0
1.0   0.5   0.0   1.0

 ------------------------------------------------------------------------------------------ 
Number of control points  - (u, v, t) - PATCH 1
------------------------------------------------------------------------------------------ 
62   32   0

 ------------------------------------------------------------------------------------------ 
Degree (u,v,t) - PATCH 1
------------------------------------------------------------------------------------------ 
2   2   0

 ------------------------------------------------------------------------------------------ 
KNOT VECTOR (u) - PATCH 1
------------------------------------------------------------------------------------------ 
0.0
0.0
0.0
0.0166666666667
0.0333333333333
0.05
0.0666666666667
0.0833333333333
0.1
0.116666666667
0.133333333333
0.15
0.166666666667
0.183333333333
0.2
0.216666666667
0.233333333333
0.25
0.266666666667
0.283333333333
0.3
0.316666666667
0.333333333333
0.35
0.366666666667
0.383333333333
0.4
0.416666666667
0.433333333333
0.45
0.466666666667
0.483333333333
0.5
0.516666666667
0.533333333333
0.55
0.566666666667
0.583333333333
0.6
0.616666666667
0.633333333333
0.65
0.666666666667
0.683333333333
0.7
0.716666666667
0.733333333333
0.75
0.766666666667
0.783333333333
0.8
0.816666666667
0.833333333333
0.85
0.866666666667
0.883333333333
0.9
0.916666666667
0.933333333333
0.95
0.966666666667
0.983333333333
1.0
1.0
1.0

 ------------------------------------------------------------------------------------------ 
KNOT VECTOR (v) - PATCH 1
------------------------------------------------------------------------------------------ 
0.0
0.0
0.0
0.0333333333333
0.0666666666667
0.1
0.133333333333
0.166666666667
0.2
0.233333333333
0.266666666667
0.3
0.333333333333
0.366666666667
0.4
0.433333333333
0.466666666667
0.5
0.533333333333
0.566666666667
0.6
0.633333333333
0.666666666667
0.7
0.733333333333
0.766666666667
0.8
0.833333333333
0.866666666667
0.9
0.933333333333
0.966666666667
1.0
1.0
1.0

 ------------------------------------------------------------------------------------------ 
NUMBER OF NEUMMAN BOUNDARY CONDITION - PATCH 1
------------------------------------------------------------------------------------------ 
0

 ------------------------------------------------------------------------------------------ 
POINT/CURVE INDEX    VALUES (X, Y) - PATCH 1
------------------------------------------------------------------------------------------ 

 ------------------------------------------------------------------------------------------ 
NUMBER OF DIRICHELET BOUNDARY CONDITION - PATCH 1
------------------------------------------------------------------------------------------ 
3

 ------------------------------------------------------------------------------------------ 
POINT/CURVE INDEX    (0-FREE, 1- DISPLACEMENT) VALUES (X, Y) - PATCH 1
------------------------------------------------------------------------------------------ 
CURVE 0 1 1 0.0 0.0
CURVE 1 1 1 0.0 0.0
CURVE 3 1 1 0.0 0.0

