------------------------------------------------------------------------------------------
NUMBER OF PATCHES        
------------------------------------------------------------------------------------------
0

------------------------------------------------------------------------------------------
NUMBER OF CONTROL POINTS - PATCH 0        
------------------------------------------------------------------------------------------
264

------------------------------------------------------------------------------------------
INDEX MATERIAL - PATCH 0
------------------------------------------------------------------------------------------
0 

------------------------------------------------------------------------------------------
THICKNESS - PATCH 0        
------------------------------------------------------------------------------------------
1.0
     
------------------------------------------------------------------------------------------
CONTROL POINTS COORDINATES AND WEIGHT (X,Y,Z,W) - PATCH 0
------------------------------------------------------------------------------------------
0.0   0.0   0.0   1.0
0.0   0.5   0.0   1.0
0.0   1.5   0.0   1.0
0.0   2.5   0.0   1.0
0.0   3.5   0.0   1.0
0.0   4.5   0.0   1.0
0.0   5.5   0.0   1.0
0.0   6.5   0.0   1.0
0.0   7.5   0.0   1.0
0.0   8.5   0.0   1.0
0.0   9.5   0.0   1.0
0.0   10.0   0.0   1.0
0.5   0.0   0.0   1.0
0.5   0.5   0.0   1.0
0.5   1.5   0.0   1.0
0.5   2.5   0.0   1.0
0.5   3.5   0.0   1.0
0.5   4.5   0.0   1.0
0.5   5.5   0.0   1.0
0.5   6.5   0.0   1.0
0.5   7.5   0.0   1.0
0.5   8.5   0.0   1.0
0.5   9.5   0.0   1.0
0.5   10.0   0.0   1.0
1.5   0.0   0.0   1.0
1.5   0.5   0.0   1.0
1.5   1.5   0.0   1.0
1.5   2.5   0.0   1.0
1.5   3.5   0.0   1.0
1.5   4.5   0.0   1.0
1.5   5.5   0.0   1.0
1.5   6.5   0.0   1.0
1.5   7.5   0.0   1.0
1.5   8.5   0.0   1.0
1.5   9.5   0.0   1.0
1.5   10.0   0.0   1.0
2.5   0.0   0.0   1.0
2.5   0.5   0.0   1.0
2.5   1.5   0.0   1.0
2.5   2.5   0.0   1.0
2.5   3.5   0.0   1.0
2.5   4.5   0.0   1.0
2.5   5.5   0.0   1.0
2.5   6.5   0.0   1.0
2.5   7.5   0.0   1.0
2.5   8.5   0.0   1.0
2.5   9.5   0.0   1.0
2.5   10.0   0.0   1.0
3.5   0.0   0.0   1.0
3.5   0.5   0.0   1.0
3.5   1.5   0.0   1.0
3.5   2.5   0.0   1.0
3.5   3.5   0.0   1.0
3.5   4.5   0.0   1.0
3.5   5.5   0.0   1.0
3.5   6.5   0.0   1.0
3.5   7.5   0.0   1.0
3.5   8.5   0.0   1.0
3.5   9.5   0.0   1.0
3.5   10.0   0.0   1.0
4.5   0.0   0.0   1.0
4.5   0.5   0.0   1.0
4.5   1.5   0.0   1.0
4.5   2.5   0.0   1.0
4.5   3.5   0.0   1.0
4.5   4.5   0.0   1.0
4.5   5.5   0.0   1.0
4.5   6.5   0.0   1.0
4.5   7.5   0.0   1.0
4.5   8.5   0.0   1.0
4.5   9.5   0.0   1.0
4.5   10.0   0.0   1.0
5.5   0.0   0.0   1.0
5.5   0.5   0.0   1.0
5.5   1.5   0.0   1.0
5.5   2.5   0.0   1.0
5.5   3.5   0.0   1.0
5.5   4.5   0.0   1.0
5.5   5.5   0.0   1.0
5.5   6.5   0.0   1.0
5.5   7.5   0.0   1.0
5.5   8.5   0.0   1.0
5.5   9.5   0.0   1.0
5.5   10.0   0.0   1.0
6.5   0.0   0.0   1.0
6.5   0.5   0.0   1.0
6.5   1.5   0.0   1.0
6.5   2.5   0.0   1.0
6.5   3.5   0.0   1.0
6.5   4.5   0.0   1.0
6.5   5.5   0.0   1.0
6.5   6.5   0.0   1.0
6.5   7.5   0.0   1.0
6.5   8.5   0.0   1.0
6.5   9.5   0.0   1.0
6.5   10.0   0.0   1.0
7.5   0.0   0.0   1.0
7.5   0.5   0.0   1.0
7.5   1.5   0.0   1.0
7.5   2.5   0.0   1.0
7.5   3.5   0.0   1.0
7.5   4.5   0.0   1.0
7.5   5.5   0.0   1.0
7.5   6.5   0.0   1.0
7.5   7.5   0.0   1.0
7.5   8.5   0.0   1.0
7.5   9.5   0.0   1.0
7.5   10.0   0.0   1.0
8.5   0.0   0.0   1.0
8.5   0.5   0.0   1.0
8.5   1.5   0.0   1.0
8.5   2.5   0.0   1.0
8.5   3.5   0.0   1.0
8.5   4.5   0.0   1.0
8.5   5.5   0.0   1.0
8.5   6.5   0.0   1.0
8.5   7.5   0.0   1.0
8.5   8.5   0.0   1.0
8.5   9.5   0.0   1.0
8.5   10.0   0.0   1.0
9.5   0.0   0.0   1.0
9.5   0.5   0.0   1.0
9.5   1.5   0.0   1.0
9.5   2.5   0.0   1.0
9.5   3.5   0.0   1.0
9.5   4.5   0.0   1.0
9.5   5.5   0.0   1.0
9.5   6.5   0.0   1.0
9.5   7.5   0.0   1.0
9.5   8.5   0.0   1.0
9.5   9.5   0.0   1.0
9.5   10.0   0.0   1.0
10.5   0.0   0.0   1.0
10.5   0.5   0.0   1.0
10.5   1.5   0.0   1.0
10.5   2.5   0.0   1.0
10.5   3.5   0.0   1.0
10.5   4.5   0.0   1.0
10.5   5.5   0.0   1.0
10.5   6.5   0.0   1.0
10.5   7.5   0.0   1.0
10.5   8.5   0.0   1.0
10.5   9.5   0.0   1.0
10.5   10.0   0.0   1.0
11.5   0.0   0.0   1.0
11.5   0.5   0.0   1.0
11.5   1.5   0.0   1.0
11.5   2.5   0.0   1.0
11.5   3.5   0.0   1.0
11.5   4.5   0.0   1.0
11.5   5.5   0.0   1.0
11.5   6.5   0.0   1.0
11.5   7.5   0.0   1.0
11.5   8.5   0.0   1.0
11.5   9.5   0.0   1.0
11.5   10.0   0.0   1.0
12.5   0.0   0.0   1.0
12.5   0.5   0.0   1.0
12.5   1.5   0.0   1.0
12.5   2.5   0.0   1.0
12.5   3.5   0.0   1.0
12.5   4.5   0.0   1.0
12.5   5.5   0.0   1.0
12.5   6.5   0.0   1.0
12.5   7.5   0.0   1.0
12.5   8.5   0.0   1.0
12.5   9.5   0.0   1.0
12.5   10.0   0.0   1.0
13.5   0.0   0.0   1.0
13.5   0.5   0.0   1.0
13.5   1.5   0.0   1.0
13.5   2.5   0.0   1.0
13.5   3.5   0.0   1.0
13.5   4.5   0.0   1.0
13.5   5.5   0.0   1.0
13.5   6.5   0.0   1.0
13.5   7.5   0.0   1.0
13.5   8.5   0.0   1.0
13.5   9.5   0.0   1.0
13.5   10.0   0.0   1.0
14.5   0.0   0.0   1.0
14.5   0.5   0.0   1.0
14.5   1.5   0.0   1.0
14.5   2.5   0.0   1.0
14.5   3.5   0.0   1.0
14.5   4.5   0.0   1.0
14.5   5.5   0.0   1.0
14.5   6.5   0.0   1.0
14.5   7.5   0.0   1.0
14.5   8.5   0.0   1.0
14.5   9.5   0.0   1.0
14.5   10.0   0.0   1.0
15.5   0.0   0.0   1.0
15.5   0.5   0.0   1.0
15.5   1.5   0.0   1.0
15.5   2.5   0.0   1.0
15.5   3.5   0.0   1.0
15.5   4.5   0.0   1.0
15.5   5.5   0.0   1.0
15.5   6.5   0.0   1.0
15.5   7.5   0.0   1.0
15.5   8.5   0.0   1.0
15.5   9.5   0.0   1.0
15.5   10.0   0.0   1.0
16.5   0.0   0.0   1.0
16.5   0.5   0.0   1.0
16.5   1.5   0.0   1.0
16.5   2.5   0.0   1.0
16.5   3.5   0.0   1.0
16.5   4.5   0.0   1.0
16.5   5.5   0.0   1.0
16.5   6.5   0.0   1.0
16.5   7.5   0.0   1.0
16.5   8.5   0.0   1.0
16.5   9.5   0.0   1.0
16.5   10.0   0.0   1.0
17.5   0.0   0.0   1.0
17.5   0.5   0.0   1.0
17.5   1.5   0.0   1.0
17.5   2.5   0.0   1.0
17.5   3.5   0.0   1.0
17.5   4.5   0.0   1.0
17.5   5.5   0.0   1.0
17.5   6.5   0.0   1.0
17.5   7.5   0.0   1.0
17.5   8.5   0.0   1.0
17.5   9.5   0.0   1.0
17.5   10.0   0.0   1.0
18.5   0.0   0.0   1.0
18.5   0.5   0.0   1.0
18.5   1.5   0.0   1.0
18.5   2.5   0.0   1.0
18.5   3.5   0.0   1.0
18.5   4.5   0.0   1.0
18.5   5.5   0.0   1.0
18.5   6.5   0.0   1.0
18.5   7.5   0.0   1.0
18.5   8.5   0.0   1.0
18.5   9.5   0.0   1.0
18.5   10.0   0.0   1.0
19.5   0.0   0.0   1.0
19.5   0.5   0.0   1.0
19.5   1.5   0.0   1.0
19.5   2.5   0.0   1.0
19.5   3.5   0.0   1.0
19.5   4.5   0.0   1.0
19.5   5.5   0.0   1.0
19.5   6.5   0.0   1.0
19.5   7.5   0.0   1.0
19.5   8.5   0.0   1.0
19.5   9.5   0.0   1.0
19.5   10.0   0.0   1.0
20.0   0.0   0.0   1.0
20.0   0.5   0.0   1.0
20.0   1.5   0.0   1.0
20.0   2.5   0.0   1.0
20.0   3.5   0.0   1.0
20.0   4.5   0.0   1.0
20.0   5.5   0.0   1.0
20.0   6.5   0.0   1.0
20.0   7.5   0.0   1.0
20.0   8.5   0.0   1.0
20.0   9.5   0.0   1.0
20.0   10.0   0.0   1.0

------------------------------------------------------------------------------------------
Number of control points  - (u, v, t) - PATCH 0
------------------------------------------------------------------------------------------
22 12 0

------------------------------------------------------------------------------------------
Degree (u,v,t) - PATCH 0
------------------------------------------------------------------------------------------
2 2 0

------------------------------------------------------------------------------------------
KNOT VECTOR (u) - PATCH 0
------------------------------------------------------------------------------------------
0.0000000
0.0000000
0.0000000
0.0500000
0.1000000
0.1500000
0.2000000
0.2500000
0.3000000
0.3500000
0.4000000
0.4500000
0.5000000
0.5500000
0.6000000
0.6500000
0.7000000
0.7500000
0.8000000
0.8500000
0.9000000
0.9500000
1.0000000
1.0000000
1.0000000

------------------------------------------------------------------------------------------
KNOT VECTOR (v) - PATCH 0
------------------------------------------------------------------------------------------
0.00000
0.00000
0.00000
0.10000
0.20000
0.30000
0.40000
0.50000
0.60000
0.70000
0.80000
0.90000
1.00000
1.00000
1.00000

------------------------------------------------------------------------------------------
NUMBER OF NEUMMAN BOUNDARY CONDITION
------------------------------------------------------------------------------------------
1

-----------------------------------------------------------------------------------------
CONTROL POINT INDEX    VALUES (X, Y)
------------------------------------------------------------------------------------------
CURVE 1 5000.0 0.0

------------------------------------------------------------------------------------------
NUMBER OF DIRICHELET BOUNDARY CONDITION
------------------------------------------------------------------------------------------
2

------------------------------------------------------------------------------------------
CONTROL POINT INDEX    (0-FREE, 1- DISPLACEMENT) VALUES (X, Y)
------------------------------------------------------------------------------------------
CURVE 3 1 0 0.0 0.0
POINT 0 0 1 0.0 0.0
