0.00787696 0.0203615
0.0213469 0.0340798
0.0364607 0.0489554
0.0544029 0.0671312
0.0738779 0.08638
0.0951861 0.107913
0.117469 0.129979
0.14079 0.153517
0.164407 0.176926
0.188261 0.200991
0.211751 0.224279
0.234821 0.247555
0.257012 0.269549
0.278371 0.291108
0.298672 0.311216
0.318129 0.330867
0.33663 0.34918
0.354292 0.367034
0.371153 0.383709
0.387868 0.400614
0.404601 0.41716
0.420358 0.433104
0.433057 0.445613
0.443238 0.455978
0.45579 0.468345
0.475619 0.488364
0.500454 0.513014
0.523716 0.536465
0.543163 0.555724
0.560262 0.573017
0.572771 0.58534
0.57871 0.59147
0.581919 0.594493
0.58561 0.598381
0.589524 0.602107
0.597025 0.609803
0.611308 0.623901
0.630512 0.6433
0.654118 0.666716
0.681806 0.6946
0.708628 0.721226
0.732275 0.74507
0.752412 0.765011
0.765789 0.778585
0.771042 0.783641
0.767061 0.779857
0.752126 0.764724
0.731137 0.743932
0.70881 0.721398
0.683464 0.696243
0.652167 0.664745
0.613092 0.625868
0.57068 0.583253
0.53259 0.545355
0.498416 0.510972
0.467093 0.479844
0.441506 0.454054
0.421074 0.433813
0.403383 0.415916
0.385958 0.398693
0.368091 0.380627
0.350627 0.363359
0.330139 0.342671
0.306295 0.319028
0.283023 0.295552
0.259752 0.272473
0.23741 0.249937
0.219094 0.23182
0.204822 0.217345
0.19317 0.205892
0.182922 0.195451
0.17629 0.189013
0.174975 0.187505
0.178812 0.191546
0.187843 0.200385
0.195533 0.208267
0.197712 0.210255
0.19823 0.210971
0.197815 0.210362
0.195515 0.208258
0.191296 0.203848
0.185676 0.198416
0.180143 0.192694
0.173898 0.186634
0.165539 0.17808
0.155152 0.167878
0.145744 0.158277
0.136818 0.149536
0.125704 0.13823
0.116528 0.129239
0.110251 0.122777
0.105346 0.118059
0.105472 0.117995
0.111668 0.124376
0.122593 0.135121
0.135596 0.148304
0.149776 0.162306
0.168215 0.180937
0.193 0.205535
0.223547 0.23626
0.257289 0.269828
0.290969 0.303689
0.322168 0.334712
0.353495 0.366219
0.386435 0.398985
0.416538 0.429267
0.446904 0.459463
0.480897 0.493635
0.515992 0.528563
0.551422 0.564164
0.586347 0.59893
0.620145 0.632905
0.650723 0.663315
0.675078 0.687849
0.692294 0.704903
0.702661 0.715431
0.708413 0.721021
0.711232 0.724005
0.712266 0.724877
0.70966 0.722425
0.700077 0.71268
0.685257 0.698026
0.671605 0.684216
0.658888 0.671655
0.642506 0.655123
0.624528 0.637296
0.606538 0.619147
0.592161 0.604928
0.585443 0.598054
0.583621 0.596375
0.58701 0.59961
0.594629 0.60738
0.602324 0.614917
0.606584 0.619317
0.606034 0.618629
0.601777 0.614513
0.592987 0.605575
0.578697 0.591433
0.560751 0.573349
0.541938 0.554676
0.521852 0.534449
0.498736 0.511468
0.47207 0.484663
0.440603 0.453325
0.405047 0.417635
0.369503 0.382216
0.337048 0.349617
0.306296 0.318991
0.275874 0.288439
0.243843 0.256528
0.21354 0.226104
0.190121 0.202805
0.169358 0.181918
0.150998 0.163678
0.136938 0.149504
0.124781 0.137464
0.113922 0.126483
0.103311 0.115991
0.0915245 0.104094
0.0782103 0.0908883
0.0662711 0.0788369
0.0568149 0.0694887
0.0477025 0.0602742
0.0405149 0.0531843
0.0393162 0.0518804
0.0443095 0.0569831
0.0543474 0.0669159
0.0702014 0.0828706
0.0893514 0.101929
0.108127 0.120795
0.126248 0.138824
0.146443 0.159122
0.170111 0.182704
0.19524 0.207923
0.217517 0.230118
0.236093 0.24879
0.253472 0.266078
0.267765 0.280458
0.279568 0.292182
0.289197 0.301883
0.297575 0.310179
0.307782 0.320463
0.31609 0.328692
0.322531 0.335201
0.329184 0.341779
0.335513 0.348184
0.342962 0.355557
0.351847 0.364506
0.360607 0.373206
0.371565 0.384238
0.389218 0.401825
0.412826 0.425498
0.440569 0.453187
0.471971 0.484646
0.502086 0.51471
0.527222 0.539913
0.552264 0.564901
0.579511 0.592202
0.605622 0.618265
0.629937 0.642639
0.653971 0.666627
