0 0 -0.0833333 0 10
0 1 -0.0288471 0 10
0 2 -0.104519 0 10
0 3 -0.104519 0 10
0 4 -0.0689506 0 10
0 5 -0.107888 0 10
0 6 -0.0689506 0 10
0 7 -0.0458333 0 10
0 8 -0.0148083 0 10
0 9 -0.0148083 0 10
0 10 -0.0957682 0 10
0 11 -0.00882366 0 10
0 12 -0.0622326 0 10
0 13 -0.0622326 0 10
0 14 -0.0458333 0 10
0 15 -0.0148083 0 10
0 16 -0.0148083 0 10
0 17 -0.0957682 0 10
0 18 -0.00882366 0 10
0 19 -0.0622326 0 10
0 20 -0.0622326 0 10
0 21 -0.0833333 0 10
0 22 -0.104519 0 10
0 23 -0.0288471 0 10
0 24 -0.104519 0 10
0 25 -0.0689506 0 10
0 26 -0.0689506 0 10
0 27 -0.107888 0 10
0 28 -0.0833333 0 10
0 29 -0.0288471 0 10
0 30 -0.104519 0 10
0 31 -0.104519 0 10
0 32 -0.0689506 0 10
0 33 -0.107888 0 10
0 34 -0.0689506 0 10
0 35 -0.0458333 0 10
0 36 -0.0148083 0 10
0 37 -0.0148083 0 10
0 38 -0.0957682 0 10
0 39 -0.00882366 0 10
0 40 -0.0622326 0 10
0 41 -0.0622326 0 10
0 42 -0.0458333 0 10
0 43 -0.0148083 0 10
0 44 -0.0148083 0 10
0 45 -0.0957682 0 10
0 46 -0.00882366 0 10
0 47 -0.0622326 0 10
0 48 -0.0622326 0 10
0 49 -0.133333 0 10
0 50 -0.119712 0 10
0 51 -0.119712 0 10
0 52 -0.148461 0 10
0 53 -0.116845 0 10
0 54 -0.139472 0 10
0 55 -0.139472 0 10
0 56 -0.145833 0 10
0 57 -0.149615 0 10
0 58 -0.126154 0 10
0 59 -0.149615 0 10
0 60 -0.141711 0 10
0 61 -0.141711 0 10
0 62 -0.149866 0 10
0 63 -0.145833 0 10
0 64 -0.126154 0 10
0 65 -0.149615 0 10
0 66 -0.149615 0 10
0 67 -0.141711 0 10
0 68 -0.149866 0 10
0 69 -0.141711 0 10
0 70 -0.133333 0 10
0 71 -0.119712 0 10
0 72 -0.119712 0 10
0 73 -0.148461 0 10
0 74 -0.116845 0 10
0 75 -0.139472 0 10
0 76 -0.139472 0 10
0 77 -0.133333 0 10
0 78 -0.119712 0 10
0 79 -0.119712 0 10
0 80 -0.148461 0 10
0 81 -0.116845 0 10
0 82 -0.139472 0 10
0 83 -0.139472 0 10
0 84 -0.133333 0 10
0 85 -0.148461 0 10
0 86 -0.119712 0 10
0 87 -0.119712 0 10
0 88 -0.139472 0 10
0 89 -0.116845 0 10
0 90 -0.139472 0 10
0 91 -0.145833 0 10
0 92 -0.149615 0 10
0 93 -0.149615 0 10
0 94 -0.126154 0 10
0 95 -0.149866 0 10
0 96 -0.141711 0 10
0 97 -0.141711 0 10
0 98 -0.145833 0 10
0 99 -0.149615 0 10
0 100 -0.149615 0 10
0 101 -0.126154 0 10
0 102 -0.149866 0 10
0 103 -0.141711 0 10
0 104 -0.141711 0 10
0 105 -0.0833333 0 10
0 106 -0.104519 0 10
0 107 -0.104519 0 10
0 108 -0.0288471 0 10
0 109 -0.107888 0 10
0 110 -0.0689506 0 10
0 111 -0.0689506 0 10
1 0 -0.0458333 -10 8.88178e-16
1 1 -0.0148083 -10 9.54792e-15
1 2 -0.0957682 -10 2.66454e-15
1 3 -0.0148083 -10 -1.11022e-15
1 4 -0.0622326 -10 -4.88498e-15
1 5 -0.0622326 -10 4.44089e-16
1 6 -0.00882366 -10 -3.44169e-15
1 7 -0.0833333 -10 -4.44089e-16
1 8 -0.0288471 -10 -2.22045e-15
1 9 -0.104519 -10 -2.66454e-15
1 10 -0.104519 -10 8.88178e-16
1 11 -0.0689506 -10 1.33227e-15
1 12 -0.107888 -10 0
1 13 -0.0689506 -10 1.33227e-15
1 14 -0.133333 -10 -2.66454e-15
1 15 -0.119712 -10 -8.88178e-16
1 16 -0.148461 -10 0
1 17 -0.119712 -10 1.77636e-15
1 18 -0.139472 -10 -8.88178e-16
1 19 -0.139472 -10 8.88178e-16
1 20 -0.116845 -10 -8.88178e-16
1 21 -0.145833 -10 1.77636e-15
1 22 -0.126154 -10 1.77636e-15
1 23 -0.149615 -10 0
1 24 -0.149615 -10 0
1 25 -0.141711 -10 -1.77636e-15
1 26 -0.149866 -10 0
1 27 -0.141711 -10 8.88178e-16
1 28 -0.145833 -10 0
1 29 -0.149615 -10 -3.55271e-15
1 30 -0.126154 -10 -3.55271e-15
1 31 -0.149615 -10 1.77636e-15
1 32 -0.141711 -10 0
1 33 -0.141711 -10 0
1 34 -0.149866 -10 0
1 35 -0.133333 -10 1.77636e-15
1 36 -0.148461 -10 1.77636e-15
1 37 -0.119712 -10 1.77636e-15
1 38 -0.119712 -10 1.77636e-15
1 39 -0.139472 -10 0
1 40 -0.116845 -10 0
1 41 -0.139472 -10 0
1 42 -0.0833333 -10 -3.55271e-15
1 43 -0.104519 -10 1.77636e-15
1 44 -0.0288471 -10 0
1 45 -0.104519 -10 1.77636e-15
1 46 -0.0689506 -10 0
1 47 -0.0689506 -10 0
1 48 -0.107888 -10 0
1 49 -0.0458333 -10 -2.66454e-15
1 50 -0.0148083 -10 -4.66294e-15
1 51 -0.0957682 -10 -1.77636e-15
1 52 -0.0148083 -10 -2.88658e-15
1 53 -0.0622326 -10 2.22045e-15
1 54 -0.0622326 -10 0
1 55 -0.00882366 -10 1.88738e-15
1 56 -0.0833333 -10 -2.66454e-15
1 57 -0.0288471 -10 1.77636e-15
1 58 -0.104519 -10 2.66454e-15
1 59 -0.104519 -10 -2.66454e-15
1 60 -0.0689506 -10 0
1 61 -0.107888 -10 0
1 62 -0.0689506 -10 3.10862e-15
1 63 -0.133333 -10 8.88178e-16
1 64 -0.119712 -10 1.77636e-15
1 65 -0.148461 -10 0
1 66 -0.119712 -10 2.66454e-15
1 67 -0.139472 -10 8.88178e-16
1 68 -0.139472 -10 -7.99361e-15
1 69 -0.116845 -10 0
1 70 -0.145833 -10 -1.77636e-15
1 71 -0.126154 -10 1.77636e-15
1 72 -0.149615 -10 -1.77636e-15
1 73 -0.149615 -10 -1.77636e-15
1 74 -0.141711 -10 1.77636e-15
1 75 -0.149866 -10 0
1 76 -0.141711 -10 -8.88178e-16
1 77 -0.145833 -10 -3.55271e-15
1 78 -0.149615 -10 -1.77636e-15
1 79 -0.126154 -10 -1.77636e-15
1 80 -0.149615 -10 5.32907e-15
1 81 -0.141711 -10 7.10543e-15
1 82 -0.141711 -10 1.77636e-15
1 83 -0.149866 -10 1.77636e-15
1 84 -0.0458333 -10 8.88178e-16
1 85 -0.0148083 -10 6.66134e-16
1 86 -0.0957682 -10 -8.88178e-16
1 87 -0.0148083 -10 -1.11022e-15
1 88 -0.0622326 -10 4.44089e-16
1 89 -0.0622326 -10 -1.33227e-15
1 90 -0.00882366 -10 3.66374e-15
1 91 -0.0833333 -10 -4.44089e-16
1 92 -0.0288471 -10 -3.9968e-15
1 93 -0.104519 -10 8.88178e-16
1 94 -0.104519 -10 -2.66454e-15
1 95 -0.0689506 -10 -4.44089e-16
1 96 -0.107888 -10 -3.55271e-15
1 97 -0.0689506 -10 -4.44089e-16
1 98 -0.133333 -10 8.88178e-16
1 99 -0.119712 -10 -8.88178e-16
1 100 -0.148461 -10 1.77636e-15
1 101 -0.119712 -10 -4.44089e-15
1 102 -0.139472 -10 8.88178e-16
1 103 -0.139472 -10 -8.88178e-16
1 104 -0.116845 -10 -8.88178e-16
1 105 -0.0458333 -10 8.88178e-16
1 106 -0.0148083 -10 -1.11022e-15
1 107 -0.0957682 -10 2.66454e-15
1 108 -0.0148083 -10 -4.66294e-15
1 109 -0.0622326 -10 -1.33227e-15
1 110 -0.0622326 -10 -8.43769e-15
1 111 -0.00882366 -10 3.66374e-15
2 0 -0.0458333 -10 2.93099e-14
2 1 -0.0148083 -10 4.50751e-14
2 2 -0.0957682 -10 2.04281e-14
2 3 -0.0148083 -10 2.73115e-14
2 4 -0.0622326 -10 2.35367e-14
2 5 -0.0622326 -10 2.17604e-14
2 6 -0.00882366 -10 3.20854e-14
2 7 -0.0833333 -10 2.79776e-14
2 8 -0.0288471 -10 4.04121e-14
2 9 -0.104519 -10 2.57572e-14
2 10 -0.104519 -10 2.22045e-14
2 11 -0.0689506 -10 3.68594e-14
2 12 -0.107888 -10 2.13163e-14
2 13 -0.0689506 -10 2.9754e-14
2 14 -0.133333 -10 1.86517e-14
2 15 -0.119712 -10 2.04281e-14
2 16 -0.148461 -10 1.42109e-14
2 17 -0.119712 -10 1.77636e-14
2 18 -0.139472 -10 1.68754e-14
2 19 -0.139472 -10 1.5099e-14
2 20 -0.116845 -10 2.04281e-14
2 21 -0.145833 -10 1.06581e-14
2 22 -0.126154 -10 1.42109e-14
2 23 -0.149615 -10 1.42109e-14
2 24 -0.149615 -10 3.55271e-15
2 25 -0.141711 -10 1.24345e-14
2 26 -0.149866 -10 7.10543e-15
2 27 -0.141711 -10 7.99361e-15
2 28 -0.145833 -10 0
2 29 -0.149615 -10 7.10543e-15
2 30 -0.126154 -10 -1.42109e-14
2 31 -0.149615 -10 1.77636e-15
2 32 -0.141711 -10 0
2 33 -0.141711 -10 -5.32907e-15
2 34 -0.149866 -10 5.32907e-15
2 35 -0.133333 -10 1.77636e-15
2 36 -0.148461 -10 1.24345e-14
2 37 -0.119712 -10 1.77636e-15
2 38 -0.119712 -10 -5.32907e-15
2 39 -0.139472 -10 5.32907e-15
2 40 -0.116845 -10 -5.32907e-15
2 41 -0.139472 -10 0
2 42 -0.0833333 -10 -1.06581e-14
2 43 -0.104519 -10 -1.77636e-15
2 44 -0.0288471 -10 -1.06581e-14
2 45 -0.104519 -10 -8.88178e-15
2 46 -0.0689506 -10 -7.10543e-15
2 47 -0.0689506 -10 -1.42109e-14
2 48 -0.107888 -10 -7.10543e-15
2 49 -0.0458333 -10 1.5099e-14
2 50 -0.0148083 -10 2.02061e-14
2 51 -0.0957682 -10 1.42109e-14
2 52 -0.0148083 -10 1.31006e-14
2 53 -0.0622326 -10 2.35367e-14
2 54 -0.0622326 -10 1.42109e-14
2 55 -0.00882366 -10 2.14273e-14
2 56 -0.0833333 -10 7.10543e-15
2 57 -0.0288471 -10 1.42109e-14
2 58 -0.104519 -10 1.5099e-14
2 59 -0.104519 -10 -8.88178e-16
2 60 -0.0689506 -10 1.42109e-14
2 61 -0.107888 -10 7.10543e-15
2 62 -0.0689506 -10 1.02141e-14
2 63 -0.133333 -10 8.88178e-16
2 64 -0.119712 -10 1.24345e-14
2 65 -0.148461 -10 -1.42109e-14
2 66 -0.119712 -10 2.66454e-15
2 67 -0.139472 -10 8.88178e-16
2 68 -0.139472 -10 -1.5099e-14
2 69 -0.116845 -10 6.21725e-15
2 70 -0.145833 -10 -1.77636e-15
2 71 -0.126154 -10 1.24345e-14
2 72 -0.149615 -10 -1.77636e-15
2 73 -0.149615 -10 -1.24345e-14
2 74 -0.141711 -10 8.88178e-15
2 75 -0.149866 -10 -7.10543e-15
2 76 -0.141711 -10 -8.88178e-16
2 77 -0.145833 -10 -1.06581e-14
2 78 -0.149615 -10 -5.32907e-15
2 79 -0.126154 -10 -1.24345e-14
2 80 -0.149615 -10 -8.88178e-15
2 81 -0.141711 -10 0
2 82 -0.141711 -10 -1.24345e-14
2 83 -0.149866 -10 -5.32907e-15
2 84 -0.0458333 -10 8.88178e-16
2 85 -0.0148083 -10 1.04361e-14
2 86 -0.0957682 -10 -1.15463e-14
2 87 -0.0148083 -10 -1.11022e-15
2 88 -0.0622326 -10 4.44089e-16
2 89 -0.0622326 -10 -4.88498e-15
2 90 -0.00882366 -10 1.07692e-14
2 91 -0.0833333 -10 -4.44089e-16
2 92 -0.0288471 -10 4.88498e-15
2 93 -0.104519 -10 8.88178e-16
2 94 -0.104519 -10 -1.33227e-14
2 95 -0.0689506 -10 6.66134e-15
2 96 -0.107888 -10 -1.06581e-14
2 97 -0.0689506 -10 -4.44089e-16
2 98 -0.133333 -10 -9.76996e-15
2 99 -0.119712 -10 -4.44089e-15
2 100 -0.148461 -10 -1.24345e-14
2 101 -0.119712 -10 -1.86517e-14
2 102 -0.139472 -10 -6.21725e-15
2 103 -0.139472 -10 -1.5099e-14
2 104 -0.116845 -10 -7.99361e-15
2 105 -0.0458333 -10 -9.76996e-15
2 106 -0.0148083 -10 -4.66294e-15
2 107 -0.0957682 -10 -1.15463e-14
2 108 -0.0148083 -10 -1.17684e-14
2 109 -0.0622326 -10 -8.43769e-15
2 110 -0.0622326 -10 -2.26485e-14
2 111 -0.00882366 -10 -3.44169e-15
3 0 -0.0458333 10 -4.66294e-15
3 1 -0.0148083 10 -1.44329e-15
3 2 -0.0957682 10 -1.11022e-14
3 3 -0.0148083 10 -1.44329e-15
3 4 -0.0622326 10 -6.66134e-15
3 5 -0.0622326 10 -6.66134e-15
3 6 -0.00882366 10 -8.32667e-16
3 7 -0.0833333 10 -9.32587e-15
3 8 -0.0288471 10 -2.88658e-15
3 9 -0.104519 10 -1.33227e-14
3 10 -0.104519 10 -1.33227e-14
3 11 -0.0689506 10 -7.54952e-15
3 12 -0.107888 10 -1.33227e-14
3 13 -0.0689506 10 -7.54952e-15
3 14 -0.133333 10 -1.95399e-14
3 15 -0.119712 10 -1.59872e-14
3 16 -0.148461 10 -2.66454e-14
3 17 -0.119712 10 -1.59872e-14
3 18 -0.139472 10 -2.13163e-14
3 19 -0.139472 10 -2.13163e-14
3 20 -0.116845 10 -1.5099e-14
3 21 -0.145833 10 -2.4869e-14
3 22 -0.126154 10 -1.68754e-14
3 23 -0.149615 10 -2.84217e-14
3 24 -0.149615 10 -2.84217e-14
3 25 -0.141711 10 -2.13163e-14
3 26 -0.149866 10 -2.84217e-14
3 27 -0.141711 10 -2.13163e-14
3 28 -0.145833 10 -3.37508e-14
3 29 -0.149615 10 -3.01981e-14
3 30 -0.126154 10 -3.90799e-14
3 31 -0.149615 10 -3.01981e-14
3 32 -0.141711 10 -3.37508e-14
3 33 -0.141711 10 -3.37508e-14
3 34 -0.149866 10 -2.84217e-14
3 35 -0.133333 10 -3.73035e-14
3 36 -0.148461 10 -3.19744e-14
3 37 -0.119712 10 -4.08562e-14
3 38 -0.119712 10 -4.08562e-14
3 39 -0.139472 10 -3.73035e-14
3 40 -0.116845 10 -4.26326e-14
3 41 -0.139472 10 -3.73035e-14
3 42 -0.0833333 10 -4.61853e-14
3 43 -0.104519 10 -4.44089e-14
3 44 -0.0288471 10 -5.68434e-14
3 45 -0.104519 10 -4.44089e-14
3 46 -0.0689506 10 -4.9738e-14
3 47 -0.0689506 10 -4.9738e-14
3 48 -0.107888 10 -4.26326e-14
3 49 -0.0458333 10 -4.66294e-15
3 50 -0.0148083 10 -1.44329e-15
3 51 -0.0957682 10 -1.11022e-14
3 52 -0.0148083 10 -1.44329e-15
3 53 -0.0622326 10 -6.66134e-15
3 54 -0.0622326 10 -6.66134e-15
3 55 -0.00882366 10 -8.32667e-16
3 56 -0.0833333 10 -9.32587e-15
3 57 -0.0288471 10 -2.88658e-15
3 58 -0.104519 10 -1.33227e-14
3 59 -0.104519 10 -1.33227e-14
3 60 -0.0689506 10 -7.54952e-15
3 61 -0.107888 10 -1.33227e-14
3 62 -0.0689506 10 -7.54952e-15
3 63 -0.133333 10 -1.95399e-14
3 64 -0.119712 10 -1.59872e-14
3 65 -0.148461 10 -2.66454e-14
3 66 -0.119712 10 -1.59872e-14
3 67 -0.139472 10 -2.13163e-14
3 68 -0.139472 10 -2.13163e-14
3 69 -0.116845 10 -1.5099e-14
3 70 -0.145833 10 -2.4869e-14
3 71 -0.126154 10 -1.68754e-14
3 72 -0.149615 10 -2.84217e-14
3 73 -0.149615 10 -2.84217e-14
3 74 -0.141711 10 -2.13163e-14
3 75 -0.149866 10 -2.84217e-14
3 76 -0.141711 10 -2.13163e-14
3 77 -0.145833 10 -3.37508e-14
3 78 -0.149615 10 -3.01981e-14
3 79 -0.126154 10 -3.90799e-14
3 80 -0.149615 10 -3.01981e-14
3 81 -0.141711 10 -3.37508e-14
3 82 -0.141711 10 -3.37508e-14
3 83 -0.149866 10 -2.84217e-14
3 84 -0.0458333 10 -4.66294e-15
3 85 -0.0148083 10 -1.44329e-15
3 86 -0.0957682 10 -1.11022e-14
3 87 -0.0148083 10 -1.44329e-15
3 88 -0.0622326 10 -6.66134e-15
3 89 -0.0622326 10 -6.66134e-15
3 90 -0.00882366 10 -8.32667e-16
3 91 -0.0833333 10 -9.32587e-15
3 92 -0.0288471 10 -2.88658e-15
3 93 -0.104519 10 -1.33227e-14
3 94 -0.104519 10 -1.33227e-14
3 95 -0.0689506 10 -7.54952e-15
3 96 -0.107888 10 -1.33227e-14
3 97 -0.0689506 10 -7.54952e-15
3 98 -0.133333 10 -1.95399e-14
3 99 -0.119712 10 -1.59872e-14
3 100 -0.148461 10 -2.66454e-14
3 101 -0.119712 10 -1.59872e-14
3 102 -0.139472 10 -2.13163e-14
3 103 -0.139472 10 -2.13163e-14
3 104 -0.116845 10 -1.5099e-14
3 105 -0.0458333 10 -4.66294e-15
3 106 -0.0148083 10 -1.44329e-15
3 107 -0.0957682 10 -1.11022e-14
3 108 -0.0148083 10 -1.44329e-15
3 109 -0.0622326 10 -6.66134e-15
3 110 -0.0622326 10 -6.66134e-15
3 111 -0.00882366 10 -8.32667e-16
------------------------- LOAD STEP = 1 -------------------------
Iteration = 0 (1)   x Norm = 4.532757e-03  Time (s) = 0.889000
Iteration = 1 (1)   x Norm = 3.061231e-04  Time (s) = 1.753000
Iteration = 2 (1)   x Norm = 8.270925e-05  Time (s) = 2.785000
Iteration = 3 (1)   x Norm = 2.112818e-05  Time (s) = 3.647000
Iteration = 4 (1)   x Norm = 5.406422e-06  Time (s) = 4.506000
Iteration = 5 (1)   x Norm = 1.384491e-06  Time (s) = 5.381000
Iteration = 6 (1)   x Norm = 3.547250e-07  Time (s) = 6.245000
------------------------- LOAD STEP = 2 -------------------------
Iteration = 0 (2)   x Norm = 4.468087e-03  Time (s) = 0.934000
Iteration = 1 (2)   x Norm = 3.011041e-04  Time (s) = 1.806000
Iteration = 2 (2)   x Norm = 8.115658e-05  Time (s) = 2.683000
Iteration = 3 (2)   x Norm = 2.070477e-05  Time (s) = 3.582000
Iteration = 4 (2)   x Norm = 5.291325e-06  Time (s) = 4.482000
Iteration = 5 (2)   x Norm = 1.353306e-06  Time (s) = 5.382000
Iteration = 6 (2)   x Norm = 3.462995e-07  Time (s) = 6.269000
------------------------- LOAD STEP = 3 -------------------------
Iteration = 0 (3)   x Norm = 4.405747e-03  Time (s) = 0.896000
Iteration = 1 (3)   x Norm = 2.962634e-04  Time (s) = 1.784000
Iteration = 2 (3)   x Norm = 7.966607e-05  Time (s) = 2.675000
Iteration = 3 (3)   x Norm = 2.029916e-05  Time (s) = 3.566000
Iteration = 4 (3)   x Norm = 5.181281e-06  Time (s) = 4.475000
Iteration = 5 (3)   x Norm = 1.323546e-06  Time (s) = 5.385000
Iteration = 6 (3)   x Norm = 3.382735e-07  Time (s) = 6.286000
------------------------- LOAD STEP = 4 -------------------------
Iteration = 0 (4)   x Norm = 4.345685e-03  Time (s) = 0.916000
Iteration = 1 (4)   x Norm = 2.916109e-04  Time (s) = 1.828000
Iteration = 2 (4)   x Norm = 7.823918e-05  Time (s) = 2.761000
Iteration = 3 (4)   x Norm = 1.991155e-05  Time (s) = 3.972000
Iteration = 4 (4)   x Norm = 5.076301e-06  Time (s) = 4.892000
Iteration = 5 (4)   x Norm = 1.295201e-06  Time (s) = 5.809000
Iteration = 6 (4)   x Norm = 3.306415e-07  Time (s) = 6.740000
------------------------- LOAD STEP = 5 -------------------------
Iteration = 0 (5)   x Norm = 4.287767e-03  Time (s) = 0.967000
Iteration = 1 (5)   x Norm = 2.871353e-04  Time (s) = 2.464000
Iteration = 2 (5)   x Norm = 7.687177e-05  Time (s) = 3.406000
Iteration = 3 (5)   x Norm = 1.954073e-05  Time (s) = 4.360000
Iteration = 4 (5)   x Norm = 4.976034e-06  Time (s) = 5.321000
Iteration = 5 (5)   x Norm = 1.268173e-06  Time (s) = 6.306000
Iteration = 6 (5)   x Norm = 3.233751e-07  Time (s) = 7.293000
------------------------- LOAD STEP = 6 -------------------------
Iteration = 0 (6)   x Norm = 4.231870e-03  Time (s) = 0.980000
Iteration = 1 (6)   x Norm = 2.828260e-04  Time (s) = 1.956000
Iteration = 2 (6)   x Norm = 7.556006e-05  Time (s) = 2.931000
Iteration = 3 (6)   x Norm = 1.918560e-05  Time (s) = 4.128000
Iteration = 4 (6)   x Norm = 4.880165e-06  Time (s) = 5.107000
Iteration = 5 (6)   x Norm = 1.242370e-06  Time (s) = 6.077000
Iteration = 6 (6)   x Norm = 3.164483e-07  Time (s) = 7.050000
------------------------- LOAD STEP = 7 -------------------------
Iteration = 0 (7)   x Norm = 4.177881e-03  Time (s) = 1.068000
Iteration = 1 (7)   x Norm = 2.786735e-04  Time (s) = 2.032000
Iteration = 2 (7)   x Norm = 7.430056e-05  Time (s) = 3.008000
Iteration = 3 (7)   x Norm = 1.884517e-05  Time (s) = 3.980000
Iteration = 4 (7)   x Norm = 4.788403e-06  Time (s) = 4.989000
Iteration = 5 (7)   x Norm = 1.217709e-06  Time (s) = 6.033000
Iteration = 6 (7)   x Norm = 3.098377e-07  Time (s) = 7.017000
------------------------- LOAD STEP = 8 -------------------------
Iteration = 0 (8)   x Norm = 4.125695e-03  Time (s) = 0.972000
Iteration = 1 (8)   x Norm = 2.746689e-04  Time (s) = 1.945000
Iteration = 2 (8)   x Norm = 7.309012e-05  Time (s) = 2.929000
Iteration = 3 (8)   x Norm = 1.851850e-05  Time (s) = 3.934000
Iteration = 4 (8)   x Norm = 4.700484e-06  Time (s) = 4.930000
Iteration = 5 (8)   x Norm = 1.194115e-06  Time (s) = 5.929000
Iteration = 6 (8)   x Norm = 3.035221e-07  Time (s) = 6.924000
------------------------- LOAD STEP = 9 -------------------------
Iteration = 0 (9)   x Norm = 4.075215e-03  Time (s) = 0.993000
Iteration = 1 (9)   x Norm = 2.708041e-04  Time (s) = 2.007000
Iteration = 2 (9)   x Norm = 7.192580e-05  Time (s) = 3.012000
Iteration = 3 (9)   x Norm = 1.820476e-05  Time (s) = 4.018000
Iteration = 4 (9)   x Norm = 4.616167e-06  Time (s) = 5.019000
Iteration = 5 (9)   x Norm = 1.171519e-06  Time (s) = 6.032000
Iteration = 6 (9)   x Norm = 2.974819e-07  Time (s) = 7.028000
------------------------- LOAD STEP = 10 -------------------------
Iteration = 0 (10)   x Norm = 4.026351e-03  Time (s) = 1.008000
Iteration = 1 (10)   x Norm = 2.670715e-04  Time (s) = 2.013000
Iteration = 2 (10)   x Norm = 7.080491e-05  Time (s) = 3.052000
Iteration = 3 (10)   x Norm = 1.790316e-05  Time (s) = 4.131000
Iteration = 4 (10)   x Norm = 4.535228e-06  Time (s) = 5.165000
Iteration = 5 (10)   x Norm = 1.149858e-06  Time (s) = 6.209000
Iteration = 6 (10)   x Norm = 2.916993e-07  Time (s) = 7.203000
  TOTAL (s) = 68.750000
