------------------------------------------------------------------------------------------
NUMBER OF PATCHES        
------------------------------------------------------------------------------------------
1  
  
------------------------------------------------------------------------------------------
NUMBER OF CONTROL POINTS - PATCH 0        
------------------------------------------------------------------------------------------
2000  

------------------------------------------------------------------------------------------
INDEX MATERIAL - PATCH 0
------------------------------------------------------------------------------------------
0 

------------------------------------------------------------------------------------------
THICKNESS - PATCH 0        
------------------------------------------------------------------------------------------
12.  
     
------------------------------------------------------------------------------------------
CONTROL POINTS COORDINATES AND WEIGHT (X,Y,Z,W) - PATCH 0
------------------------------------------------------------------------------------------
0.0   0.0   0.0   1.0
0.0   1.42857142857   0.0   1.0
0.0   4.28571428571   0.0   1.0
0.0   8.57142857143   0.0   1.0
0.0   12.8571428571   0.0   1.0
0.0   17.1428571429   0.0   1.0
0.0   21.4285714286   0.0   1.0
0.0   25.7142857143   0.0   1.0
0.0   28.5714285714   0.0   1.0
0.0   30.0   0.0   1.0
0.846023688663   0.0   0.0   1.0
0.846023688663   1.42857142857   0.0   1.0
0.846023688663   4.28571428571   0.0   1.0
0.846023688663   8.57142857143   0.0   1.0
0.846023688663   12.8571428571   0.0   1.0
0.846023688663   17.1428571429   0.0   1.0
0.846023688663   21.4285714286   0.0   1.0
0.846023688663   25.7142857143   0.0   1.0
0.846023688663   28.5714285714   0.0   1.0
0.846023688663   30.0   0.0   1.0
2.53807106599   0.0   0.0   1.0
2.53807106599   1.42857142857   0.0   1.0
2.53807106599   4.28571428571   0.0   1.0
2.53807106599   8.57142857143   0.0   1.0
2.53807106599   12.8571428571   0.0   1.0
2.53807106599   17.1428571429   0.0   1.0
2.53807106599   21.4285714286   0.0   1.0
2.53807106599   25.7142857143   0.0   1.0
2.53807106599   28.5714285714   0.0   1.0
2.53807106599   30.0   0.0   1.0
5.07614213198   0.0   0.0   1.0
5.07614213198   1.42857142857   0.0   1.0
5.07614213198   4.28571428571   0.0   1.0
5.07614213198   8.57142857143   0.0   1.0
5.07614213198   12.8571428571   0.0   1.0
5.07614213198   17.1428571429   0.0   1.0
5.07614213198   21.4285714286   0.0   1.0
5.07614213198   25.7142857143   0.0   1.0
5.07614213198   28.5714285714   0.0   1.0
5.07614213198   30.0   0.0   1.0
7.61421319797   0.0   0.0   1.0
7.61421319797   1.42857142857   0.0   1.0
7.61421319797   4.28571428571   0.0   1.0
7.61421319797   8.57142857143   0.0   1.0
7.61421319797   12.8571428571   0.0   1.0
7.61421319797   17.1428571429   0.0   1.0
7.61421319797   21.4285714286   0.0   1.0
7.61421319797   25.7142857143   0.0   1.0
7.61421319797   28.5714285714   0.0   1.0
7.61421319797   30.0   0.0   1.0
10.1522842640   0.0   0.0   1.0
10.1522842640   1.42857142857   0.0   1.0
10.1522842640   4.28571428571   0.0   1.0
10.1522842640   8.57142857143   0.0   1.0
10.1522842640   12.8571428571   0.0   1.0
10.1522842640   17.1428571429   0.0   1.0
10.1522842640   21.4285714286   0.0   1.0
10.1522842640   25.7142857143   0.0   1.0
10.1522842640   28.5714285714   0.0   1.0
10.1522842640   30.0   0.0   1.0
12.6903553299   0.0   0.0   1.0
12.6903553299   1.42857142857   0.0   1.0
12.6903553299   4.28571428571   0.0   1.0
12.6903553299   8.57142857143   0.0   1.0
12.6903553299   12.8571428571   0.0   1.0
12.6903553299   17.1428571429   0.0   1.0
12.6903553299   21.4285714286   0.0   1.0
12.6903553299   25.7142857143   0.0   1.0
12.6903553299   28.5714285714   0.0   1.0
12.6903553299   30.0   0.0   1.0
15.2284263959   0.0   0.0   1.0
15.2284263959   1.42857142857   0.0   1.0
15.2284263959   4.28571428571   0.0   1.0
15.2284263959   8.57142857143   0.0   1.0
15.2284263959   12.8571428571   0.0   1.0
15.2284263959   17.1428571429   0.0   1.0
15.2284263959   21.4285714286   0.0   1.0
15.2284263959   25.7142857143   0.0   1.0
15.2284263959   28.5714285714   0.0   1.0
15.2284263959   30.0   0.0   1.0
17.7664974619   0.0   0.0   1.0
17.7664974619   1.42857142857   0.0   1.0
17.7664974619   4.28571428571   0.0   1.0
17.7664974619   8.57142857143   0.0   1.0
17.7664974619   12.8571428571   0.0   1.0
17.7664974619   17.1428571429   0.0   1.0
17.7664974619   21.4285714286   0.0   1.0
17.7664974619   25.7142857143   0.0   1.0
17.7664974619   28.5714285714   0.0   1.0
17.7664974619   30.0   0.0   1.0
20.3045685279   0.0   0.0   1.0
20.3045685279   1.42857142857   0.0   1.0
20.3045685279   4.28571428571   0.0   1.0
20.3045685279   8.57142857143   0.0   1.0
20.3045685279   12.8571428571   0.0   1.0
20.3045685279   17.1428571429   0.0   1.0
20.3045685279   21.4285714286   0.0   1.0
20.3045685279   25.7142857143   0.0   1.0
20.3045685279   28.5714285714   0.0   1.0
20.3045685279   30.0   0.0   1.0
22.8426395939   0.0   0.0   1.0
22.8426395939   1.42857142857   0.0   1.0
22.8426395939   4.28571428571   0.0   1.0
22.8426395939   8.57142857143   0.0   1.0
22.8426395939   12.8571428571   0.0   1.0
22.8426395939   17.1428571429   0.0   1.0
22.8426395939   21.4285714286   0.0   1.0
22.8426395939   25.7142857143   0.0   1.0
22.8426395939   28.5714285714   0.0   1.0
22.8426395939   30.0   0.0   1.0
25.3807106599   0.0   0.0   1.0
25.3807106599   1.42857142857   0.0   1.0
25.3807106599   4.28571428571   0.0   1.0
25.3807106599   8.57142857143   0.0   1.0
25.3807106599   12.8571428571   0.0   1.0
25.3807106599   17.1428571429   0.0   1.0
25.3807106599   21.4285714286   0.0   1.0
25.3807106599   25.7142857143   0.0   1.0
25.3807106599   28.5714285714   0.0   1.0
25.3807106599   30.0   0.0   1.0
27.9187817259   0.0   0.0   1.0
27.9187817259   1.42857142857   0.0   1.0
27.9187817259   4.28571428571   0.0   1.0
27.9187817259   8.57142857143   0.0   1.0
27.9187817259   12.8571428571   0.0   1.0
27.9187817259   17.1428571429   0.0   1.0
27.9187817259   21.4285714286   0.0   1.0
27.9187817259   25.7142857143   0.0   1.0
27.9187817259   28.5714285714   0.0   1.0
27.9187817259   30.0   0.0   1.0
30.4568527919   0.0   0.0   1.0
30.4568527919   1.42857142857   0.0   1.0
30.4568527919   4.28571428571   0.0   1.0
30.4568527919   8.57142857143   0.0   1.0
30.4568527919   12.8571428571   0.0   1.0
30.4568527919   17.1428571429   0.0   1.0
30.4568527919   21.4285714286   0.0   1.0
30.4568527919   25.7142857143   0.0   1.0
30.4568527919   28.5714285714   0.0   1.0
30.4568527919   30.0   0.0   1.0
32.9949238579   0.0   0.0   1.0
32.9949238579   1.42857142857   0.0   1.0
32.9949238579   4.28571428571   0.0   1.0
32.9949238579   8.57142857143   0.0   1.0
32.9949238579   12.8571428571   0.0   1.0
32.9949238579   17.1428571429   0.0   1.0
32.9949238579   21.4285714286   0.0   1.0
32.9949238579   25.7142857143   0.0   1.0
32.9949238579   28.5714285714   0.0   1.0
32.9949238579   30.0   0.0   1.0
35.5329949239   0.0   0.0   1.0
35.5329949239   1.42857142857   0.0   1.0
35.5329949239   4.28571428571   0.0   1.0
35.5329949239   8.57142857143   0.0   1.0
35.5329949239   12.8571428571   0.0   1.0
35.5329949239   17.1428571429   0.0   1.0
35.5329949239   21.4285714286   0.0   1.0
35.5329949239   25.7142857143   0.0   1.0
35.5329949239   28.5714285714   0.0   1.0
35.5329949239   30.0   0.0   1.0
38.0710659898   0.0   0.0   1.0
38.0710659898   1.42857142857   0.0   1.0
38.0710659898   4.28571428571   0.0   1.0
38.0710659898   8.57142857143   0.0   1.0
38.0710659898   12.8571428571   0.0   1.0
38.0710659898   17.1428571429   0.0   1.0
38.0710659898   21.4285714286   0.0   1.0
38.0710659898   25.7142857143   0.0   1.0
38.0710659898   28.5714285714   0.0   1.0
38.0710659898   30.0   0.0   1.0
40.6091370558   0.0   0.0   1.0
40.6091370558   1.42857142857   0.0   1.0
40.6091370558   4.28571428571   0.0   1.0
40.6091370558   8.57142857143   0.0   1.0
40.6091370558   12.8571428571   0.0   1.0
40.6091370558   17.1428571429   0.0   1.0
40.6091370558   21.4285714286   0.0   1.0
40.6091370558   25.7142857143   0.0   1.0
40.6091370558   28.5714285714   0.0   1.0
40.6091370558   30.0   0.0   1.0
43.1472081218   0.0   0.0   1.0
43.1472081218   1.42857142857   0.0   1.0
43.1472081218   4.28571428571   0.0   1.0
43.1472081218   8.57142857143   0.0   1.0
43.1472081218   12.8571428571   0.0   1.0
43.1472081218   17.1428571429   0.0   1.0
43.1472081218   21.4285714286   0.0   1.0
43.1472081218   25.7142857143   0.0   1.0
43.1472081218   28.5714285714   0.0   1.0
43.1472081218   30.0   0.0   1.0
45.6852791878   0.0   0.0   1.0
45.6852791878   1.42857142857   0.0   1.0
45.6852791878   4.28571428571   0.0   1.0
45.6852791878   8.57142857143   0.0   1.0
45.6852791878   12.8571428571   0.0   1.0
45.6852791878   17.1428571429   0.0   1.0
45.6852791878   21.4285714286   0.0   1.0
45.6852791878   25.7142857143   0.0   1.0
45.6852791878   28.5714285714   0.0   1.0
45.6852791878   30.0   0.0   1.0
48.2233502538   0.0   0.0   1.0
48.2233502538   1.42857142857   0.0   1.0
48.2233502538   4.28571428571   0.0   1.0
48.2233502538   8.57142857143   0.0   1.0
48.2233502538   12.8571428571   0.0   1.0
48.2233502538   17.1428571429   0.0   1.0
48.2233502538   21.4285714286   0.0   1.0
48.2233502538   25.7142857143   0.0   1.0
48.2233502538   28.5714285714   0.0   1.0
48.2233502538   30.0   0.0   1.0
50.7614213198   0.0   0.0   1.0
50.7614213198   1.42857142857   0.0   1.0
50.7614213198   4.28571428571   0.0   1.0
50.7614213198   8.57142857143   0.0   1.0
50.7614213198   12.8571428571   0.0   1.0
50.7614213198   17.1428571429   0.0   1.0
50.7614213198   21.4285714286   0.0   1.0
50.7614213198   25.7142857143   0.0   1.0
50.7614213198   28.5714285714   0.0   1.0
50.7614213198   30.0   0.0   1.0
53.2994923858   0.0   0.0   1.0
53.2994923858   1.42857142857   0.0   1.0
53.2994923858   4.28571428571   0.0   1.0
53.2994923858   8.57142857143   0.0   1.0
53.2994923858   12.8571428571   0.0   1.0
53.2994923858   17.1428571429   0.0   1.0
53.2994923858   21.4285714286   0.0   1.0
53.2994923858   25.7142857143   0.0   1.0
53.2994923858   28.5714285714   0.0   1.0
53.2994923858   30.0   0.0   1.0
55.8375634518   0.0   0.0   1.0
55.8375634518   1.42857142857   0.0   1.0
55.8375634518   4.28571428571   0.0   1.0
55.8375634518   8.57142857143   0.0   1.0
55.8375634518   12.8571428571   0.0   1.0
55.8375634518   17.1428571429   0.0   1.0
55.8375634518   21.4285714286   0.0   1.0
55.8375634518   25.7142857143   0.0   1.0
55.8375634518   28.5714285714   0.0   1.0
55.8375634518   30.0   0.0   1.0
58.3756345178   0.0   0.0   1.0
58.3756345178   1.42857142857   0.0   1.0
58.3756345178   4.28571428571   0.0   1.0
58.3756345178   8.57142857143   0.0   1.0
58.3756345178   12.8571428571   0.0   1.0
58.3756345178   17.1428571429   0.0   1.0
58.3756345178   21.4285714286   0.0   1.0
58.3756345178   25.7142857143   0.0   1.0
58.3756345178   28.5714285714   0.0   1.0
58.3756345178   30.0   0.0   1.0
60.9137055838   0.0   0.0   1.0
60.9137055838   1.42857142857   0.0   1.0
60.9137055838   4.28571428571   0.0   1.0
60.9137055838   8.57142857143   0.0   1.0
60.9137055838   12.8571428571   0.0   1.0
60.9137055838   17.1428571429   0.0   1.0
60.9137055838   21.4285714286   0.0   1.0
60.9137055838   25.7142857143   0.0   1.0
60.9137055838   28.5714285714   0.0   1.0
60.9137055838   30.0   0.0   1.0
63.4517766497   0.0   0.0   1.0
63.4517766497   1.42857142857   0.0   1.0
63.4517766497   4.28571428571   0.0   1.0
63.4517766497   8.57142857143   0.0   1.0
63.4517766497   12.8571428571   0.0   1.0
63.4517766497   17.1428571429   0.0   1.0
63.4517766497   21.4285714286   0.0   1.0
63.4517766497   25.7142857143   0.0   1.0
63.4517766497   28.5714285714   0.0   1.0
63.4517766497   30.0   0.0   1.0
65.9898477157   0.0   0.0   1.0
65.9898477157   1.42857142857   0.0   1.0
65.9898477157   4.28571428571   0.0   1.0
65.9898477157   8.57142857143   0.0   1.0
65.9898477157   12.8571428571   0.0   1.0
65.9898477157   17.1428571429   0.0   1.0
65.9898477157   21.4285714286   0.0   1.0
65.9898477157   25.7142857143   0.0   1.0
65.9898477157   28.5714285714   0.0   1.0
65.9898477157   30.0   0.0   1.0
68.5279187817   0.0   0.0   1.0
68.5279187817   1.42857142857   0.0   1.0
68.5279187817   4.28571428571   0.0   1.0
68.5279187817   8.57142857143   0.0   1.0
68.5279187817   12.8571428571   0.0   1.0
68.5279187817   17.1428571429   0.0   1.0
68.5279187817   21.4285714286   0.0   1.0
68.5279187817   25.7142857143   0.0   1.0
68.5279187817   28.5714285714   0.0   1.0
68.5279187817   30.0   0.0   1.0
71.0659898477   0.0   0.0   1.0
71.0659898477   1.42857142857   0.0   1.0
71.0659898477   4.28571428571   0.0   1.0
71.0659898477   8.57142857143   0.0   1.0
71.0659898477   12.8571428571   0.0   1.0
71.0659898477   17.1428571429   0.0   1.0
71.0659898477   21.4285714286   0.0   1.0
71.0659898477   25.7142857143   0.0   1.0
71.0659898477   28.5714285714   0.0   1.0
71.0659898477   30.0   0.0   1.0
73.6040609137   0.0   0.0   1.0
73.6040609137   1.42857142857   0.0   1.0
73.6040609137   4.28571428571   0.0   1.0
73.6040609137   8.57142857143   0.0   1.0
73.6040609137   12.8571428571   0.0   1.0
73.6040609137   17.1428571429   0.0   1.0
73.6040609137   21.4285714286   0.0   1.0
73.6040609137   25.7142857143   0.0   1.0
73.6040609137   28.5714285714   0.0   1.0
73.6040609137   30.0   0.0   1.0
76.1421319797   0.0   0.0   1.0
76.1421319797   1.42857142857   0.0   1.0
76.1421319797   4.28571428571   0.0   1.0
76.1421319797   8.57142857143   0.0   1.0
76.1421319797   12.8571428571   0.0   1.0
76.1421319797   17.1428571429   0.0   1.0
76.1421319797   21.4285714286   0.0   1.0
76.1421319797   25.7142857143   0.0   1.0
76.1421319797   28.5714285714   0.0   1.0
76.1421319797   30.0   0.0   1.0
78.6802030457   0.0   0.0   1.0
78.6802030457   1.42857142857   0.0   1.0
78.6802030457   4.28571428571   0.0   1.0
78.6802030457   8.57142857143   0.0   1.0
78.6802030457   12.8571428571   0.0   1.0
78.6802030457   17.1428571429   0.0   1.0
78.6802030457   21.4285714286   0.0   1.0
78.6802030457   25.7142857143   0.0   1.0
78.6802030457   28.5714285714   0.0   1.0
78.6802030457   30.0   0.0   1.0
81.2182741117   0.0   0.0   1.0
81.2182741117   1.42857142857   0.0   1.0
81.2182741117   4.28571428571   0.0   1.0
81.2182741117   8.57142857143   0.0   1.0
81.2182741117   12.8571428571   0.0   1.0
81.2182741117   17.1428571429   0.0   1.0
81.2182741117   21.4285714286   0.0   1.0
81.2182741117   25.7142857143   0.0   1.0
81.2182741117   28.5714285714   0.0   1.0
81.2182741117   30.0   0.0   1.0
83.7563451777   0.0   0.0   1.0
83.7563451777   1.42857142857   0.0   1.0
83.7563451777   4.28571428571   0.0   1.0
83.7563451777   8.57142857143   0.0   1.0
83.7563451777   12.8571428571   0.0   1.0
83.7563451777   17.1428571429   0.0   1.0
83.7563451777   21.4285714286   0.0   1.0
83.7563451777   25.7142857143   0.0   1.0
83.7563451777   28.5714285714   0.0   1.0
83.7563451777   30.0   0.0   1.0
86.2944162437   0.0   0.0   1.0
86.2944162437   1.42857142857   0.0   1.0
86.2944162437   4.28571428571   0.0   1.0
86.2944162437   8.57142857143   0.0   1.0
86.2944162437   12.8571428571   0.0   1.0
86.2944162437   17.1428571429   0.0   1.0
86.2944162437   21.4285714286   0.0   1.0
86.2944162437   25.7142857143   0.0   1.0
86.2944162437   28.5714285714   0.0   1.0
86.2944162437   30.0   0.0   1.0
88.8324873096   0.0   0.0   1.0
88.8324873096   1.42857142857   0.0   1.0
88.8324873096   4.28571428571   0.0   1.0
88.8324873096   8.57142857143   0.0   1.0
88.8324873096   12.8571428571   0.0   1.0
88.8324873096   17.1428571429   0.0   1.0
88.8324873096   21.4285714286   0.0   1.0
88.8324873096   25.7142857143   0.0   1.0
88.8324873096   28.5714285714   0.0   1.0
88.8324873096   30.0   0.0   1.0
91.3705583756   0.0   0.0   1.0
91.3705583756   1.42857142857   0.0   1.0
91.3705583756   4.28571428571   0.0   1.0
91.3705583756   8.57142857143   0.0   1.0
91.3705583756   12.8571428571   0.0   1.0
91.3705583756   17.1428571429   0.0   1.0
91.3705583756   21.4285714286   0.0   1.0
91.3705583756   25.7142857143   0.0   1.0
91.3705583756   28.5714285714   0.0   1.0
91.3705583756   30.0   0.0   1.0
93.9086294416   0.0   0.0   1.0
93.9086294416   1.42857142857   0.0   1.0
93.9086294416   4.28571428571   0.0   1.0
93.9086294416   8.57142857143   0.0   1.0
93.9086294416   12.8571428571   0.0   1.0
93.9086294416   17.1428571429   0.0   1.0
93.9086294416   21.4285714286   0.0   1.0
93.9086294416   25.7142857143   0.0   1.0
93.9086294416   28.5714285714   0.0   1.0
93.9086294416   30.0   0.0   1.0
96.4467005076   0.0   0.0   1.0
96.4467005076   1.42857142857   0.0   1.0
96.4467005076   4.28571428571   0.0   1.0
96.4467005076   8.57142857143   0.0   1.0
96.4467005076   12.8571428571   0.0   1.0
96.4467005076   17.1428571429   0.0   1.0
96.4467005076   21.4285714286   0.0   1.0
96.4467005076   25.7142857143   0.0   1.0
96.4467005076   28.5714285714   0.0   1.0
96.4467005076   30.0   0.0   1.0
98.9847715736   0.0   0.0   1.0
98.9847715736   1.42857142857   0.0   1.0
98.9847715736   4.28571428571   0.0   1.0
98.9847715736   8.57142857143   0.0   1.0
98.9847715736   12.8571428571   0.0   1.0
98.9847715736   17.1428571429   0.0   1.0
98.9847715736   21.4285714286   0.0   1.0
98.9847715736   25.7142857143   0.0   1.0
98.9847715736   28.5714285714   0.0   1.0
98.9847715736   30.0   0.0   1.0
101.522842640   0.0   0.0   1.0
101.522842640   1.42857142857   0.0   1.0
101.522842640   4.28571428571   0.0   1.0
101.522842640   8.57142857143   0.0   1.0
101.522842640   12.8571428571   0.0   1.0
101.522842640   17.1428571429   0.0   1.0
101.522842640   21.4285714286   0.0   1.0
101.522842640   25.7142857143   0.0   1.0
101.522842640   28.5714285714   0.0   1.0
101.522842640   30.0   0.0   1.0
104.060913706   0.0   0.0   1.0
104.060913706   1.42857142857   0.0   1.0
104.060913706   4.28571428571   0.0   1.0
104.060913706   8.57142857143   0.0   1.0
104.060913706   12.8571428571   0.0   1.0
104.060913706   17.1428571429   0.0   1.0
104.060913706   21.4285714286   0.0   1.0
104.060913706   25.7142857143   0.0   1.0
104.060913706   28.5714285714   0.0   1.0
104.060913706   30.0   0.0   1.0
106.598984772   0.0   0.0   1.0
106.598984772   1.42857142857   0.0   1.0
106.598984772   4.28571428571   0.0   1.0
106.598984772   8.57142857143   0.0   1.0
106.598984772   12.8571428571   0.0   1.0
106.598984772   17.1428571429   0.0   1.0
106.598984772   21.4285714286   0.0   1.0
106.598984772   25.7142857143   0.0   1.0
106.598984772   28.5714285714   0.0   1.0
106.598984772   30.0   0.0   1.0
109.137055838   0.0   0.0   1.0
109.137055838   1.42857142857   0.0   1.0
109.137055838   4.28571428571   0.0   1.0
109.137055838   8.57142857143   0.0   1.0
109.137055838   12.8571428571   0.0   1.0
109.137055838   17.1428571429   0.0   1.0
109.137055838   21.4285714286   0.0   1.0
109.137055838   25.7142857143   0.0   1.0
109.137055838   28.5714285714   0.0   1.0
109.137055838   30.0   0.0   1.0
111.675126904   0.0   0.0   1.0
111.675126904   1.42857142857   0.0   1.0
111.675126904   4.28571428571   0.0   1.0
111.675126904   8.57142857143   0.0   1.0
111.675126904   12.8571428571   0.0   1.0
111.675126904   17.1428571429   0.0   1.0
111.675126904   21.4285714286   0.0   1.0
111.675126904   25.7142857143   0.0   1.0
111.675126904   28.5714285714   0.0   1.0
111.675126904   30.0   0.0   1.0
114.213197970   0.0   0.0   1.0
114.213197970   1.42857142857   0.0   1.0
114.213197970   4.28571428571   0.0   1.0
114.213197970   8.57142857143   0.0   1.0
114.213197970   12.8571428571   0.0   1.0
114.213197970   17.1428571429   0.0   1.0
114.213197970   21.4285714286   0.0   1.0
114.213197970   25.7142857143   0.0   1.0
114.213197970   28.5714285714   0.0   1.0
114.213197970   30.0   0.0   1.0
116.751269036   0.0   0.0   1.0
116.751269036   1.42857142857   0.0   1.0
116.751269036   4.28571428571   0.0   1.0
116.751269036   8.57142857143   0.0   1.0
116.751269036   12.8571428571   0.0   1.0
116.751269036   17.1428571429   0.0   1.0
116.751269036   21.4285714286   0.0   1.0
116.751269036   25.7142857143   0.0   1.0
116.751269036   28.5714285714   0.0   1.0
116.751269036   30.0   0.0   1.0
119.289340102   0.0   0.0   1.0
119.289340102   1.42857142857   0.0   1.0
119.289340102   4.28571428571   0.0   1.0
119.289340102   8.57142857143   0.0   1.0
119.289340102   12.8571428571   0.0   1.0
119.289340102   17.1428571429   0.0   1.0
119.289340102   21.4285714286   0.0   1.0
119.289340102   25.7142857143   0.0   1.0
119.289340102   28.5714285714   0.0   1.0
119.289340102   30.0   0.0   1.0
121.827411168   0.0   0.0   1.0
121.827411168   1.42857142857   0.0   1.0
121.827411168   4.28571428571   0.0   1.0
121.827411168   8.57142857143   0.0   1.0
121.827411168   12.8571428571   0.0   1.0
121.827411168   17.1428571429   0.0   1.0
121.827411168   21.4285714286   0.0   1.0
121.827411168   25.7142857143   0.0   1.0
121.827411168   28.5714285714   0.0   1.0
121.827411168   30.0   0.0   1.0
124.365482234   0.0   0.0   1.0
124.365482234   1.42857142857   0.0   1.0
124.365482234   4.28571428571   0.0   1.0
124.365482234   8.57142857143   0.0   1.0
124.365482234   12.8571428571   0.0   1.0
124.365482234   17.1428571429   0.0   1.0
124.365482234   21.4285714286   0.0   1.0
124.365482234   25.7142857143   0.0   1.0
124.365482234   28.5714285714   0.0   1.0
124.365482234   30.0   0.0   1.0
126.903553299   0.0   0.0   1.0
126.903553299   1.42857142857   0.0   1.0
126.903553299   4.28571428571   0.0   1.0
126.903553299   8.57142857143   0.0   1.0
126.903553299   12.8571428571   0.0   1.0
126.903553299   17.1428571429   0.0   1.0
126.903553299   21.4285714286   0.0   1.0
126.903553299   25.7142857143   0.0   1.0
126.903553299   28.5714285714   0.0   1.0
126.903553299   30.0   0.0   1.0
129.441624365   0.0   0.0   1.0
129.441624365   1.42857142857   0.0   1.0
129.441624365   4.28571428571   0.0   1.0
129.441624365   8.57142857143   0.0   1.0
129.441624365   12.8571428571   0.0   1.0
129.441624365   17.1428571429   0.0   1.0
129.441624365   21.4285714286   0.0   1.0
129.441624365   25.7142857143   0.0   1.0
129.441624365   28.5714285714   0.0   1.0
129.441624365   30.0   0.0   1.0
131.979695431   0.0   0.0   1.0
131.979695431   1.42857142857   0.0   1.0
131.979695431   4.28571428571   0.0   1.0
131.979695431   8.57142857143   0.0   1.0
131.979695431   12.8571428571   0.0   1.0
131.979695431   17.1428571429   0.0   1.0
131.979695431   21.4285714286   0.0   1.0
131.979695431   25.7142857143   0.0   1.0
131.979695431   28.5714285714   0.0   1.0
131.979695431   30.0   0.0   1.0
134.517766497   0.0   0.0   1.0
134.517766497   1.42857142857   0.0   1.0
134.517766497   4.28571428571   0.0   1.0
134.517766497   8.57142857143   0.0   1.0
134.517766497   12.8571428571   0.0   1.0
134.517766497   17.1428571429   0.0   1.0
134.517766497   21.4285714286   0.0   1.0
134.517766497   25.7142857143   0.0   1.0
134.517766497   28.5714285714   0.0   1.0
134.517766497   30.0   0.0   1.0
137.055837563   0.0   0.0   1.0
137.055837563   1.42857142857   0.0   1.0
137.055837563   4.28571428571   0.0   1.0
137.055837563   8.57142857143   0.0   1.0
137.055837563   12.8571428571   0.0   1.0
137.055837563   17.1428571429   0.0   1.0
137.055837563   21.4285714286   0.0   1.0
137.055837563   25.7142857143   0.0   1.0
137.055837563   28.5714285714   0.0   1.0
137.055837563   30.0   0.0   1.0
139.593908629   0.0   0.0   1.0
139.593908629   1.42857142857   0.0   1.0
139.593908629   4.28571428571   0.0   1.0
139.593908629   8.57142857143   0.0   1.0
139.593908629   12.8571428571   0.0   1.0
139.593908629   17.1428571429   0.0   1.0
139.593908629   21.4285714286   0.0   1.0
139.593908629   25.7142857143   0.0   1.0
139.593908629   28.5714285714   0.0   1.0
139.593908629   30.0   0.0   1.0
142.131979695   0.0   0.0   1.0
142.131979695   1.42857142857   0.0   1.0
142.131979695   4.28571428571   0.0   1.0
142.131979695   8.57142857143   0.0   1.0
142.131979695   12.8571428571   0.0   1.0
142.131979695   17.1428571429   0.0   1.0
142.131979695   21.4285714286   0.0   1.0
142.131979695   25.7142857143   0.0   1.0
142.131979695   28.5714285714   0.0   1.0
142.131979695   30.0   0.0   1.0
144.670050761   0.0   0.0   1.0
144.670050761   1.42857142857   0.0   1.0
144.670050761   4.28571428571   0.0   1.0
144.670050761   8.57142857143   0.0   1.0
144.670050761   12.8571428571   0.0   1.0
144.670050761   17.1428571429   0.0   1.0
144.670050761   21.4285714286   0.0   1.0
144.670050761   25.7142857143   0.0   1.0
144.670050761   28.5714285714   0.0   1.0
144.670050761   30.0   0.0   1.0
147.208121827   0.0   0.0   1.0
147.208121827   1.42857142857   0.0   1.0
147.208121827   4.28571428571   0.0   1.0
147.208121827   8.57142857143   0.0   1.0
147.208121827   12.8571428571   0.0   1.0
147.208121827   17.1428571429   0.0   1.0
147.208121827   21.4285714286   0.0   1.0
147.208121827   25.7142857143   0.0   1.0
147.208121827   28.5714285714   0.0   1.0
147.208121827   30.0   0.0   1.0
149.746192893   0.0   0.0   1.0
149.746192893   1.42857142857   0.0   1.0
149.746192893   4.28571428571   0.0   1.0
149.746192893   8.57142857143   0.0   1.0
149.746192893   12.8571428571   0.0   1.0
149.746192893   17.1428571429   0.0   1.0
149.746192893   21.4285714286   0.0   1.0
149.746192893   25.7142857143   0.0   1.0
149.746192893   28.5714285714   0.0   1.0
149.746192893   30.0   0.0   1.0
152.284263959   0.0   0.0   1.0
152.284263959   1.42857142857   0.0   1.0
152.284263959   4.28571428571   0.0   1.0
152.284263959   8.57142857143   0.0   1.0
152.284263959   12.8571428571   0.0   1.0
152.284263959   17.1428571429   0.0   1.0
152.284263959   21.4285714286   0.0   1.0
152.284263959   25.7142857143   0.0   1.0
152.284263959   28.5714285714   0.0   1.0
152.284263959   30.0   0.0   1.0
154.822335025   0.0   0.0   1.0
154.822335025   1.42857142857   0.0   1.0
154.822335025   4.28571428571   0.0   1.0
154.822335025   8.57142857143   0.0   1.0
154.822335025   12.8571428571   0.0   1.0
154.822335025   17.1428571429   0.0   1.0
154.822335025   21.4285714286   0.0   1.0
154.822335025   25.7142857143   0.0   1.0
154.822335025   28.5714285714   0.0   1.0
154.822335025   30.0   0.0   1.0
157.360406091   0.0   0.0   1.0
157.360406091   1.42857142857   0.0   1.0
157.360406091   4.28571428571   0.0   1.0
157.360406091   8.57142857143   0.0   1.0
157.360406091   12.8571428571   0.0   1.0
157.360406091   17.1428571429   0.0   1.0
157.360406091   21.4285714286   0.0   1.0
157.360406091   25.7142857143   0.0   1.0
157.360406091   28.5714285714   0.0   1.0
157.360406091   30.0   0.0   1.0
159.898477157   0.0   0.0   1.0
159.898477157   1.42857142857   0.0   1.0
159.898477157   4.28571428571   0.0   1.0
159.898477157   8.57142857143   0.0   1.0
159.898477157   12.8571428571   0.0   1.0
159.898477157   17.1428571429   0.0   1.0
159.898477157   21.4285714286   0.0   1.0
159.898477157   25.7142857143   0.0   1.0
159.898477157   28.5714285714   0.0   1.0
159.898477157   30.0   0.0   1.0
162.436548223   0.0   0.0   1.0
162.436548223   1.42857142857   0.0   1.0
162.436548223   4.28571428571   0.0   1.0
162.436548223   8.57142857143   0.0   1.0
162.436548223   12.8571428571   0.0   1.0
162.436548223   17.1428571429   0.0   1.0
162.436548223   21.4285714286   0.0   1.0
162.436548223   25.7142857143   0.0   1.0
162.436548223   28.5714285714   0.0   1.0
162.436548223   30.0   0.0   1.0
164.974619289   0.0   0.0   1.0
164.974619289   1.42857142857   0.0   1.0
164.974619289   4.28571428571   0.0   1.0
164.974619289   8.57142857143   0.0   1.0
164.974619289   12.8571428571   0.0   1.0
164.974619289   17.1428571429   0.0   1.0
164.974619289   21.4285714286   0.0   1.0
164.974619289   25.7142857143   0.0   1.0
164.974619289   28.5714285714   0.0   1.0
164.974619289   30.0   0.0   1.0
167.512690355   0.0   0.0   1.0
167.512690355   1.42857142857   0.0   1.0
167.512690355   4.28571428571   0.0   1.0
167.512690355   8.57142857143   0.0   1.0
167.512690355   12.8571428571   0.0   1.0
167.512690355   17.1428571429   0.0   1.0
167.512690355   21.4285714286   0.0   1.0
167.512690355   25.7142857143   0.0   1.0
167.512690355   28.5714285714   0.0   1.0
167.512690355   30.0   0.0   1.0
170.050761421   0.0   0.0   1.0
170.050761421   1.42857142857   0.0   1.0
170.050761421   4.28571428571   0.0   1.0
170.050761421   8.57142857143   0.0   1.0
170.050761421   12.8571428571   0.0   1.0
170.050761421   17.1428571429   0.0   1.0
170.050761421   21.4285714286   0.0   1.0
170.050761421   25.7142857143   0.0   1.0
170.050761421   28.5714285714   0.0   1.0
170.050761421   30.0   0.0   1.0
172.588832487   0.0   0.0   1.0
172.588832487   1.42857142857   0.0   1.0
172.588832487   4.28571428571   0.0   1.0
172.588832487   8.57142857143   0.0   1.0
172.588832487   12.8571428571   0.0   1.0
172.588832487   17.1428571429   0.0   1.0
172.588832487   21.4285714286   0.0   1.0
172.588832487   25.7142857143   0.0   1.0
172.588832487   28.5714285714   0.0   1.0
172.588832487   30.0   0.0   1.0
175.126903553   0.0   0.0   1.0
175.126903553   1.42857142857   0.0   1.0
175.126903553   4.28571428571   0.0   1.0
175.126903553   8.57142857143   0.0   1.0
175.126903553   12.8571428571   0.0   1.0
175.126903553   17.1428571429   0.0   1.0
175.126903553   21.4285714286   0.0   1.0
175.126903553   25.7142857143   0.0   1.0
175.126903553   28.5714285714   0.0   1.0
175.126903553   30.0   0.0   1.0
177.664974619   0.0   0.0   1.0
177.664974619   1.42857142857   0.0   1.0
177.664974619   4.28571428571   0.0   1.0
177.664974619   8.57142857143   0.0   1.0
177.664974619   12.8571428571   0.0   1.0
177.664974619   17.1428571429   0.0   1.0
177.664974619   21.4285714286   0.0   1.0
177.664974619   25.7142857143   0.0   1.0
177.664974619   28.5714285714   0.0   1.0
177.664974619   30.0   0.0   1.0
180.203045685   0.0   0.0   1.0
180.203045685   1.42857142857   0.0   1.0
180.203045685   4.28571428571   0.0   1.0
180.203045685   8.57142857143   0.0   1.0
180.203045685   12.8571428571   0.0   1.0
180.203045685   17.1428571429   0.0   1.0
180.203045685   21.4285714286   0.0   1.0
180.203045685   25.7142857143   0.0   1.0
180.203045685   28.5714285714   0.0   1.0
180.203045685   30.0   0.0   1.0
182.741116751   0.0   0.0   1.0
182.741116751   1.42857142857   0.0   1.0
182.741116751   4.28571428571   0.0   1.0
182.741116751   8.57142857143   0.0   1.0
182.741116751   12.8571428571   0.0   1.0
182.741116751   17.1428571429   0.0   1.0
182.741116751   21.4285714286   0.0   1.0
182.741116751   25.7142857143   0.0   1.0
182.741116751   28.5714285714   0.0   1.0
182.741116751   30.0   0.0   1.0
185.279187817   0.0   0.0   1.0
185.279187817   1.42857142857   0.0   1.0
185.279187817   4.28571428571   0.0   1.0
185.279187817   8.57142857143   0.0   1.0
185.279187817   12.8571428571   0.0   1.0
185.279187817   17.1428571429   0.0   1.0
185.279187817   21.4285714286   0.0   1.0
185.279187817   25.7142857143   0.0   1.0
185.279187817   28.5714285714   0.0   1.0
185.279187817   30.0   0.0   1.0
187.817258883   0.0   0.0   1.0
187.817258883   1.42857142857   0.0   1.0
187.817258883   4.28571428571   0.0   1.0
187.817258883   8.57142857143   0.0   1.0
187.817258883   12.8571428571   0.0   1.0
187.817258883   17.1428571429   0.0   1.0
187.817258883   21.4285714286   0.0   1.0
187.817258883   25.7142857143   0.0   1.0
187.817258883   28.5714285714   0.0   1.0
187.817258883   30.0   0.0   1.0
190.355329949   0.0   0.0   1.0
190.355329949   1.42857142857   0.0   1.0
190.355329949   4.28571428571   0.0   1.0
190.355329949   8.57142857143   0.0   1.0
190.355329949   12.8571428571   0.0   1.0
190.355329949   17.1428571429   0.0   1.0
190.355329949   21.4285714286   0.0   1.0
190.355329949   25.7142857143   0.0   1.0
190.355329949   28.5714285714   0.0   1.0
190.355329949   30.0   0.0   1.0
192.893401015   0.0   0.0   1.0
192.893401015   1.42857142857   0.0   1.0
192.893401015   4.28571428571   0.0   1.0
192.893401015   8.57142857143   0.0   1.0
192.893401015   12.8571428571   0.0   1.0
192.893401015   17.1428571429   0.0   1.0
192.893401015   21.4285714286   0.0   1.0
192.893401015   25.7142857143   0.0   1.0
192.893401015   28.5714285714   0.0   1.0
192.893401015   30.0   0.0   1.0
195.431472081   0.0   0.0   1.0
195.431472081   1.42857142857   0.0   1.0
195.431472081   4.28571428571   0.0   1.0
195.431472081   8.57142857143   0.0   1.0
195.431472081   12.8571428571   0.0   1.0
195.431472081   17.1428571429   0.0   1.0
195.431472081   21.4285714286   0.0   1.0
195.431472081   25.7142857143   0.0   1.0
195.431472081   28.5714285714   0.0   1.0
195.431472081   30.0   0.0   1.0
197.969543147   0.0   0.0   1.0
197.969543147   1.42857142857   0.0   1.0
197.969543147   4.28571428571   0.0   1.0
197.969543147   8.57142857143   0.0   1.0
197.969543147   12.8571428571   0.0   1.0
197.969543147   17.1428571429   0.0   1.0
197.969543147   21.4285714286   0.0   1.0
197.969543147   25.7142857143   0.0   1.0
197.969543147   28.5714285714   0.0   1.0
197.969543147   30.0   0.0   1.0
200.507614213   0.0   0.0   1.0
200.507614213   1.42857142857   0.0   1.0
200.507614213   4.28571428571   0.0   1.0
200.507614213   8.57142857143   0.0   1.0
200.507614213   12.8571428571   0.0   1.0
200.507614213   17.1428571429   0.0   1.0
200.507614213   21.4285714286   0.0   1.0
200.507614213   25.7142857143   0.0   1.0
200.507614213   28.5714285714   0.0   1.0
200.507614213   30.0   0.0   1.0
203.045685279   0.0   0.0   1.0
203.045685279   1.42857142857   0.0   1.0
203.045685279   4.28571428571   0.0   1.0
203.045685279   8.57142857143   0.0   1.0
203.045685279   12.8571428571   0.0   1.0
203.045685279   17.1428571429   0.0   1.0
203.045685279   21.4285714286   0.0   1.0
203.045685279   25.7142857143   0.0   1.0
203.045685279   28.5714285714   0.0   1.0
203.045685279   30.0   0.0   1.0
205.583756345   0.0   0.0   1.0
205.583756345   1.42857142857   0.0   1.0
205.583756345   4.28571428571   0.0   1.0
205.583756345   8.57142857143   0.0   1.0
205.583756345   12.8571428571   0.0   1.0
205.583756345   17.1428571429   0.0   1.0
205.583756345   21.4285714286   0.0   1.0
205.583756345   25.7142857143   0.0   1.0
205.583756345   28.5714285714   0.0   1.0
205.583756345   30.0   0.0   1.0
208.121827411   0.0   0.0   1.0
208.121827411   1.42857142857   0.0   1.0
208.121827411   4.28571428571   0.0   1.0
208.121827411   8.57142857143   0.0   1.0
208.121827411   12.8571428571   0.0   1.0
208.121827411   17.1428571429   0.0   1.0
208.121827411   21.4285714286   0.0   1.0
208.121827411   25.7142857143   0.0   1.0
208.121827411   28.5714285714   0.0   1.0
208.121827411   30.0   0.0   1.0
210.659898477   0.0   0.0   1.0
210.659898477   1.42857142857   0.0   1.0
210.659898477   4.28571428571   0.0   1.0
210.659898477   8.57142857143   0.0   1.0
210.659898477   12.8571428571   0.0   1.0
210.659898477   17.1428571429   0.0   1.0
210.659898477   21.4285714286   0.0   1.0
210.659898477   25.7142857143   0.0   1.0
210.659898477   28.5714285714   0.0   1.0
210.659898477   30.0   0.0   1.0
213.197969543   0.0   0.0   1.0
213.197969543   1.42857142857   0.0   1.0
213.197969543   4.28571428571   0.0   1.0
213.197969543   8.57142857143   0.0   1.0
213.197969543   12.8571428571   0.0   1.0
213.197969543   17.1428571429   0.0   1.0
213.197969543   21.4285714286   0.0   1.0
213.197969543   25.7142857143   0.0   1.0
213.197969543   28.5714285714   0.0   1.0
213.197969543   30.0   0.0   1.0
215.736040609   0.0   0.0   1.0
215.736040609   1.42857142857   0.0   1.0
215.736040609   4.28571428571   0.0   1.0
215.736040609   8.57142857143   0.0   1.0
215.736040609   12.8571428571   0.0   1.0
215.736040609   17.1428571429   0.0   1.0
215.736040609   21.4285714286   0.0   1.0
215.736040609   25.7142857143   0.0   1.0
215.736040609   28.5714285714   0.0   1.0
215.736040609   30.0   0.0   1.0
218.274111675   0.0   0.0   1.0
218.274111675   1.42857142857   0.0   1.0
218.274111675   4.28571428571   0.0   1.0
218.274111675   8.57142857143   0.0   1.0
218.274111675   12.8571428571   0.0   1.0
218.274111675   17.1428571429   0.0   1.0
218.274111675   21.4285714286   0.0   1.0
218.274111675   25.7142857143   0.0   1.0
218.274111675   28.5714285714   0.0   1.0
218.274111675   30.0   0.0   1.0
220.812182741   0.0   0.0   1.0
220.812182741   1.42857142857   0.0   1.0
220.812182741   4.28571428571   0.0   1.0
220.812182741   8.57142857143   0.0   1.0
220.812182741   12.8571428571   0.0   1.0
220.812182741   17.1428571429   0.0   1.0
220.812182741   21.4285714286   0.0   1.0
220.812182741   25.7142857143   0.0   1.0
220.812182741   28.5714285714   0.0   1.0
220.812182741   30.0   0.0   1.0
223.350253807   0.0   0.0   1.0
223.350253807   1.42857142857   0.0   1.0
223.350253807   4.28571428571   0.0   1.0
223.350253807   8.57142857143   0.0   1.0
223.350253807   12.8571428571   0.0   1.0
223.350253807   17.1428571429   0.0   1.0
223.350253807   21.4285714286   0.0   1.0
223.350253807   25.7142857143   0.0   1.0
223.350253807   28.5714285714   0.0   1.0
223.350253807   30.0   0.0   1.0
225.888324873   0.0   0.0   1.0
225.888324873   1.42857142857   0.0   1.0
225.888324873   4.28571428571   0.0   1.0
225.888324873   8.57142857143   0.0   1.0
225.888324873   12.8571428571   0.0   1.0
225.888324873   17.1428571429   0.0   1.0
225.888324873   21.4285714286   0.0   1.0
225.888324873   25.7142857143   0.0   1.0
225.888324873   28.5714285714   0.0   1.0
225.888324873   30.0   0.0   1.0
228.426395939   0.0   0.0   1.0
228.426395939   1.42857142857   0.0   1.0
228.426395939   4.28571428571   0.0   1.0
228.426395939   8.57142857143   0.0   1.0
228.426395939   12.8571428571   0.0   1.0
228.426395939   17.1428571429   0.0   1.0
228.426395939   21.4285714286   0.0   1.0
228.426395939   25.7142857143   0.0   1.0
228.426395939   28.5714285714   0.0   1.0
228.426395939   30.0   0.0   1.0
230.964467005   0.0   0.0   1.0
230.964467005   1.42857142857   0.0   1.0
230.964467005   4.28571428571   0.0   1.0
230.964467005   8.57142857143   0.0   1.0
230.964467005   12.8571428571   0.0   1.0
230.964467005   17.1428571429   0.0   1.0
230.964467005   21.4285714286   0.0   1.0
230.964467005   25.7142857143   0.0   1.0
230.964467005   28.5714285714   0.0   1.0
230.964467005   30.0   0.0   1.0
233.502538071   0.0   0.0   1.0
233.502538071   1.42857142857   0.0   1.0
233.502538071   4.28571428571   0.0   1.0
233.502538071   8.57142857143   0.0   1.0
233.502538071   12.8571428571   0.0   1.0
233.502538071   17.1428571429   0.0   1.0
233.502538071   21.4285714286   0.0   1.0
233.502538071   25.7142857143   0.0   1.0
233.502538071   28.5714285714   0.0   1.0
233.502538071   30.0   0.0   1.0
236.040609137   0.0   0.0   1.0
236.040609137   1.42857142857   0.0   1.0
236.040609137   4.28571428571   0.0   1.0
236.040609137   8.57142857143   0.0   1.0
236.040609137   12.8571428571   0.0   1.0
236.040609137   17.1428571429   0.0   1.0
236.040609137   21.4285714286   0.0   1.0
236.040609137   25.7142857143   0.0   1.0
236.040609137   28.5714285714   0.0   1.0
236.040609137   30.0   0.0   1.0
238.578680203   0.0   0.0   1.0
238.578680203   1.42857142857   0.0   1.0
238.578680203   4.28571428571   0.0   1.0
238.578680203   8.57142857143   0.0   1.0
238.578680203   12.8571428571   0.0   1.0
238.578680203   17.1428571429   0.0   1.0
238.578680203   21.4285714286   0.0   1.0
238.578680203   25.7142857143   0.0   1.0
238.578680203   28.5714285714   0.0   1.0
238.578680203   30.0   0.0   1.0
241.116751269   0.0   0.0   1.0
241.116751269   1.42857142857   0.0   1.0
241.116751269   4.28571428571   0.0   1.0
241.116751269   8.57142857143   0.0   1.0
241.116751269   12.8571428571   0.0   1.0
241.116751269   17.1428571429   0.0   1.0
241.116751269   21.4285714286   0.0   1.0
241.116751269   25.7142857143   0.0   1.0
241.116751269   28.5714285714   0.0   1.0
241.116751269   30.0   0.0   1.0
243.654822335   0.0   0.0   1.0
243.654822335   1.42857142857   0.0   1.0
243.654822335   4.28571428571   0.0   1.0
243.654822335   8.57142857143   0.0   1.0
243.654822335   12.8571428571   0.0   1.0
243.654822335   17.1428571429   0.0   1.0
243.654822335   21.4285714286   0.0   1.0
243.654822335   25.7142857143   0.0   1.0
243.654822335   28.5714285714   0.0   1.0
243.654822335   30.0   0.0   1.0
246.192893401   0.0   0.0   1.0
246.192893401   1.42857142857   0.0   1.0
246.192893401   4.28571428571   0.0   1.0
246.192893401   8.57142857143   0.0   1.0
246.192893401   12.8571428571   0.0   1.0
246.192893401   17.1428571429   0.0   1.0
246.192893401   21.4285714286   0.0   1.0
246.192893401   25.7142857143   0.0   1.0
246.192893401   28.5714285714   0.0   1.0
246.192893401   30.0   0.0   1.0
248.730964467   0.0   0.0   1.0
248.730964467   1.42857142857   0.0   1.0
248.730964467   4.28571428571   0.0   1.0
248.730964467   8.57142857143   0.0   1.0
248.730964467   12.8571428571   0.0   1.0
248.730964467   17.1428571429   0.0   1.0
248.730964467   21.4285714286   0.0   1.0
248.730964467   25.7142857143   0.0   1.0
248.730964467   28.5714285714   0.0   1.0
248.730964467   30.0   0.0   1.0
251.269035533   0.0   0.0   1.0
251.269035533   1.42857142857   0.0   1.0
251.269035533   4.28571428571   0.0   1.0
251.269035533   8.57142857143   0.0   1.0
251.269035533   12.8571428571   0.0   1.0
251.269035533   17.1428571429   0.0   1.0
251.269035533   21.4285714286   0.0   1.0
251.269035533   25.7142857143   0.0   1.0
251.269035533   28.5714285714   0.0   1.0
251.269035533   30.0   0.0   1.0
253.807106599   0.0   0.0   1.0
253.807106599   1.42857142857   0.0   1.0
253.807106599   4.28571428571   0.0   1.0
253.807106599   8.57142857143   0.0   1.0
253.807106599   12.8571428571   0.0   1.0
253.807106599   17.1428571429   0.0   1.0
253.807106599   21.4285714286   0.0   1.0
253.807106599   25.7142857143   0.0   1.0
253.807106599   28.5714285714   0.0   1.0
253.807106599   30.0   0.0   1.0
256.345177665   0.0   0.0   1.0
256.345177665   1.42857142857   0.0   1.0
256.345177665   4.28571428571   0.0   1.0
256.345177665   8.57142857143   0.0   1.0
256.345177665   12.8571428571   0.0   1.0
256.345177665   17.1428571429   0.0   1.0
256.345177665   21.4285714286   0.0   1.0
256.345177665   25.7142857143   0.0   1.0
256.345177665   28.5714285714   0.0   1.0
256.345177665   30.0   0.0   1.0
258.883248731   0.0   0.0   1.0
258.883248731   1.42857142857   0.0   1.0
258.883248731   4.28571428571   0.0   1.0
258.883248731   8.57142857143   0.0   1.0
258.883248731   12.8571428571   0.0   1.0
258.883248731   17.1428571429   0.0   1.0
258.883248731   21.4285714286   0.0   1.0
258.883248731   25.7142857143   0.0   1.0
258.883248731   28.5714285714   0.0   1.0
258.883248731   30.0   0.0   1.0
261.421319797   0.0   0.0   1.0
261.421319797   1.42857142857   0.0   1.0
261.421319797   4.28571428571   0.0   1.0
261.421319797   8.57142857143   0.0   1.0
261.421319797   12.8571428571   0.0   1.0
261.421319797   17.1428571429   0.0   1.0
261.421319797   21.4285714286   0.0   1.0
261.421319797   25.7142857143   0.0   1.0
261.421319797   28.5714285714   0.0   1.0
261.421319797   30.0   0.0   1.0
263.959390863   0.0   0.0   1.0
263.959390863   1.42857142857   0.0   1.0
263.959390863   4.28571428571   0.0   1.0
263.959390863   8.57142857143   0.0   1.0
263.959390863   12.8571428571   0.0   1.0
263.959390863   17.1428571429   0.0   1.0
263.959390863   21.4285714286   0.0   1.0
263.959390863   25.7142857143   0.0   1.0
263.959390863   28.5714285714   0.0   1.0
263.959390863   30.0   0.0   1.0
266.497461929   0.0   0.0   1.0
266.497461929   1.42857142857   0.0   1.0
266.497461929   4.28571428571   0.0   1.0
266.497461929   8.57142857143   0.0   1.0
266.497461929   12.8571428571   0.0   1.0
266.497461929   17.1428571429   0.0   1.0
266.497461929   21.4285714286   0.0   1.0
266.497461929   25.7142857143   0.0   1.0
266.497461929   28.5714285714   0.0   1.0
266.497461929   30.0   0.0   1.0
269.035532995   0.0   0.0   1.0
269.035532995   1.42857142857   0.0   1.0
269.035532995   4.28571428571   0.0   1.0
269.035532995   8.57142857143   0.0   1.0
269.035532995   12.8571428571   0.0   1.0
269.035532995   17.1428571429   0.0   1.0
269.035532995   21.4285714286   0.0   1.0
269.035532995   25.7142857143   0.0   1.0
269.035532995   28.5714285714   0.0   1.0
269.035532995   30.0   0.0   1.0
271.573604061   0.0   0.0   1.0
271.573604061   1.42857142857   0.0   1.0
271.573604061   4.28571428571   0.0   1.0
271.573604061   8.57142857143   0.0   1.0
271.573604061   12.8571428571   0.0   1.0
271.573604061   17.1428571429   0.0   1.0
271.573604061   21.4285714286   0.0   1.0
271.573604061   25.7142857143   0.0   1.0
271.573604061   28.5714285714   0.0   1.0
271.573604061   30.0   0.0   1.0
274.111675127   0.0   0.0   1.0
274.111675127   1.42857142857   0.0   1.0
274.111675127   4.28571428571   0.0   1.0
274.111675127   8.57142857143   0.0   1.0
274.111675127   12.8571428571   0.0   1.0
274.111675127   17.1428571429   0.0   1.0
274.111675127   21.4285714286   0.0   1.0
274.111675127   25.7142857143   0.0   1.0
274.111675127   28.5714285714   0.0   1.0
274.111675127   30.0   0.0   1.0
276.649746193   0.0   0.0   1.0
276.649746193   1.42857142857   0.0   1.0
276.649746193   4.28571428571   0.0   1.0
276.649746193   8.57142857143   0.0   1.0
276.649746193   12.8571428571   0.0   1.0
276.649746193   17.1428571429   0.0   1.0
276.649746193   21.4285714286   0.0   1.0
276.649746193   25.7142857143   0.0   1.0
276.649746193   28.5714285714   0.0   1.0
276.649746193   30.0   0.0   1.0
279.187817259   0.0   0.0   1.0
279.187817259   1.42857142857   0.0   1.0
279.187817259   4.28571428571   0.0   1.0
279.187817259   8.57142857143   0.0   1.0
279.187817259   12.8571428571   0.0   1.0
279.187817259   17.1428571429   0.0   1.0
279.187817259   21.4285714286   0.0   1.0
279.187817259   25.7142857143   0.0   1.0
279.187817259   28.5714285714   0.0   1.0
279.187817259   30.0   0.0   1.0
281.725888325   0.0   0.0   1.0
281.725888325   1.42857142857   0.0   1.0
281.725888325   4.28571428571   0.0   1.0
281.725888325   8.57142857143   0.0   1.0
281.725888325   12.8571428571   0.0   1.0
281.725888325   17.1428571429   0.0   1.0
281.725888325   21.4285714286   0.0   1.0
281.725888325   25.7142857143   0.0   1.0
281.725888325   28.5714285714   0.0   1.0
281.725888325   30.0   0.0   1.0
284.263959391   0.0   0.0   1.0
284.263959391   1.42857142857   0.0   1.0
284.263959391   4.28571428571   0.0   1.0
284.263959391   8.57142857143   0.0   1.0
284.263959391   12.8571428571   0.0   1.0
284.263959391   17.1428571429   0.0   1.0
284.263959391   21.4285714286   0.0   1.0
284.263959391   25.7142857143   0.0   1.0
284.263959391   28.5714285714   0.0   1.0
284.263959391   30.0   0.0   1.0
286.802030457   0.0   0.0   1.0
286.802030457   1.42857142857   0.0   1.0
286.802030457   4.28571428571   0.0   1.0
286.802030457   8.57142857143   0.0   1.0
286.802030457   12.8571428571   0.0   1.0
286.802030457   17.1428571429   0.0   1.0
286.802030457   21.4285714286   0.0   1.0
286.802030457   25.7142857143   0.0   1.0
286.802030457   28.5714285714   0.0   1.0
286.802030457   30.0   0.0   1.0
289.340101523   0.0   0.0   1.0
289.340101523   1.42857142857   0.0   1.0
289.340101523   4.28571428571   0.0   1.0
289.340101523   8.57142857143   0.0   1.0
289.340101523   12.8571428571   0.0   1.0
289.340101523   17.1428571429   0.0   1.0
289.340101523   21.4285714286   0.0   1.0
289.340101523   25.7142857143   0.0   1.0
289.340101523   28.5714285714   0.0   1.0
289.340101523   30.0   0.0   1.0
291.878172589   0.0   0.0   1.0
291.878172589   1.42857142857   0.0   1.0
291.878172589   4.28571428571   0.0   1.0
291.878172589   8.57142857143   0.0   1.0
291.878172589   12.8571428571   0.0   1.0
291.878172589   17.1428571429   0.0   1.0
291.878172589   21.4285714286   0.0   1.0
291.878172589   25.7142857143   0.0   1.0
291.878172589   28.5714285714   0.0   1.0
291.878172589   30.0   0.0   1.0
294.416243655   0.0   0.0   1.0
294.416243655   1.42857142857   0.0   1.0
294.416243655   4.28571428571   0.0   1.0
294.416243655   8.57142857143   0.0   1.0
294.416243655   12.8571428571   0.0   1.0
294.416243655   17.1428571429   0.0   1.0
294.416243655   21.4285714286   0.0   1.0
294.416243655   25.7142857143   0.0   1.0
294.416243655   28.5714285714   0.0   1.0
294.416243655   30.0   0.0   1.0
296.954314721   0.0   0.0   1.0
296.954314721   1.42857142857   0.0   1.0
296.954314721   4.28571428571   0.0   1.0
296.954314721   8.57142857143   0.0   1.0
296.954314721   12.8571428571   0.0   1.0
296.954314721   17.1428571429   0.0   1.0
296.954314721   21.4285714286   0.0   1.0
296.954314721   25.7142857143   0.0   1.0
296.954314721   28.5714285714   0.0   1.0
296.954314721   30.0   0.0   1.0
299.492385787   0.0   0.0   1.0
299.492385787   1.42857142857   0.0   1.0
299.492385787   4.28571428571   0.0   1.0
299.492385787   8.57142857143   0.0   1.0
299.492385787   12.8571428571   0.0   1.0
299.492385787   17.1428571429   0.0   1.0
299.492385787   21.4285714286   0.0   1.0
299.492385787   25.7142857143   0.0   1.0
299.492385787   28.5714285714   0.0   1.0
299.492385787   30.0   0.0   1.0
302.030456853   0.0   0.0   1.0
302.030456853   1.42857142857   0.0   1.0
302.030456853   4.28571428571   0.0   1.0
302.030456853   8.57142857143   0.0   1.0
302.030456853   12.8571428571   0.0   1.0
302.030456853   17.1428571429   0.0   1.0
302.030456853   21.4285714286   0.0   1.0
302.030456853   25.7142857143   0.0   1.0
302.030456853   28.5714285714   0.0   1.0
302.030456853   30.0   0.0   1.0
304.568527919   0.0   0.0   1.0
304.568527919   1.42857142857   0.0   1.0
304.568527919   4.28571428571   0.0   1.0
304.568527919   8.57142857143   0.0   1.0
304.568527919   12.8571428571   0.0   1.0
304.568527919   17.1428571429   0.0   1.0
304.568527919   21.4285714286   0.0   1.0
304.568527919   25.7142857143   0.0   1.0
304.568527919   28.5714285714   0.0   1.0
304.568527919   30.0   0.0   1.0
307.106598985   0.0   0.0   1.0
307.106598985   1.42857142857   0.0   1.0
307.106598985   4.28571428571   0.0   1.0
307.106598985   8.57142857143   0.0   1.0
307.106598985   12.8571428571   0.0   1.0
307.106598985   17.1428571429   0.0   1.0
307.106598985   21.4285714286   0.0   1.0
307.106598985   25.7142857143   0.0   1.0
307.106598985   28.5714285714   0.0   1.0
307.106598985   30.0   0.0   1.0
309.644670051   0.0   0.0   1.0
309.644670051   1.42857142857   0.0   1.0
309.644670051   4.28571428571   0.0   1.0
309.644670051   8.57142857143   0.0   1.0
309.644670051   12.8571428571   0.0   1.0
309.644670051   17.1428571429   0.0   1.0
309.644670051   21.4285714286   0.0   1.0
309.644670051   25.7142857143   0.0   1.0
309.644670051   28.5714285714   0.0   1.0
309.644670051   30.0   0.0   1.0
312.182741117   0.0   0.0   1.0
312.182741117   1.42857142857   0.0   1.0
312.182741117   4.28571428571   0.0   1.0
312.182741117   8.57142857143   0.0   1.0
312.182741117   12.8571428571   0.0   1.0
312.182741117   17.1428571429   0.0   1.0
312.182741117   21.4285714286   0.0   1.0
312.182741117   25.7142857143   0.0   1.0
312.182741117   28.5714285714   0.0   1.0
312.182741117   30.0   0.0   1.0
314.720812183   0.0   0.0   1.0
314.720812183   1.42857142857   0.0   1.0
314.720812183   4.28571428571   0.0   1.0
314.720812183   8.57142857143   0.0   1.0
314.720812183   12.8571428571   0.0   1.0
314.720812183   17.1428571429   0.0   1.0
314.720812183   21.4285714286   0.0   1.0
314.720812183   25.7142857143   0.0   1.0
314.720812183   28.5714285714   0.0   1.0
314.720812183   30.0   0.0   1.0
317.258883249   0.0   0.0   1.0
317.258883249   1.42857142857   0.0   1.0
317.258883249   4.28571428571   0.0   1.0
317.258883249   8.57142857143   0.0   1.0
317.258883249   12.8571428571   0.0   1.0
317.258883249   17.1428571429   0.0   1.0
317.258883249   21.4285714286   0.0   1.0
317.258883249   25.7142857143   0.0   1.0
317.258883249   28.5714285714   0.0   1.0
317.258883249   30.0   0.0   1.0
319.796954315   0.0   0.0   1.0
319.796954315   1.42857142857   0.0   1.0
319.796954315   4.28571428571   0.0   1.0
319.796954315   8.57142857143   0.0   1.0
319.796954315   12.8571428571   0.0   1.0
319.796954315   17.1428571429   0.0   1.0
319.796954315   21.4285714286   0.0   1.0
319.796954315   25.7142857143   0.0   1.0
319.796954315   28.5714285714   0.0   1.0
319.796954315   30.0   0.0   1.0
322.335025381   0.0   0.0   1.0
322.335025381   1.42857142857   0.0   1.0
322.335025381   4.28571428571   0.0   1.0
322.335025381   8.57142857143   0.0   1.0
322.335025381   12.8571428571   0.0   1.0
322.335025381   17.1428571429   0.0   1.0
322.335025381   21.4285714286   0.0   1.0
322.335025381   25.7142857143   0.0   1.0
322.335025381   28.5714285714   0.0   1.0
322.335025381   30.0   0.0   1.0
324.873096447   0.0   0.0   1.0
324.873096447   1.42857142857   0.0   1.0
324.873096447   4.28571428571   0.0   1.0
324.873096447   8.57142857143   0.0   1.0
324.873096447   12.8571428571   0.0   1.0
324.873096447   17.1428571429   0.0   1.0
324.873096447   21.4285714286   0.0   1.0
324.873096447   25.7142857143   0.0   1.0
324.873096447   28.5714285714   0.0   1.0
324.873096447   30.0   0.0   1.0
327.411167513   0.0   0.0   1.0
327.411167513   1.42857142857   0.0   1.0
327.411167513   4.28571428571   0.0   1.0
327.411167513   8.57142857143   0.0   1.0
327.411167513   12.8571428571   0.0   1.0
327.411167513   17.1428571429   0.0   1.0
327.411167513   21.4285714286   0.0   1.0
327.411167513   25.7142857143   0.0   1.0
327.411167513   28.5714285714   0.0   1.0
327.411167513   30.0   0.0   1.0
329.949238579   0.0   0.0   1.0
329.949238579   1.42857142857   0.0   1.0
329.949238579   4.28571428571   0.0   1.0
329.949238579   8.57142857143   0.0   1.0
329.949238579   12.8571428571   0.0   1.0
329.949238579   17.1428571429   0.0   1.0
329.949238579   21.4285714286   0.0   1.0
329.949238579   25.7142857143   0.0   1.0
329.949238579   28.5714285714   0.0   1.0
329.949238579   30.0   0.0   1.0
332.487309645   0.0   0.0   1.0
332.487309645   1.42857142857   0.0   1.0
332.487309645   4.28571428571   0.0   1.0
332.487309645   8.57142857143   0.0   1.0
332.487309645   12.8571428571   0.0   1.0
332.487309645   17.1428571429   0.0   1.0
332.487309645   21.4285714286   0.0   1.0
332.487309645   25.7142857143   0.0   1.0
332.487309645   28.5714285714   0.0   1.0
332.487309645   30.0   0.0   1.0
335.025380711   0.0   0.0   1.0
335.025380711   1.42857142857   0.0   1.0
335.025380711   4.28571428571   0.0   1.0
335.025380711   8.57142857143   0.0   1.0
335.025380711   12.8571428571   0.0   1.0
335.025380711   17.1428571429   0.0   1.0
335.025380711   21.4285714286   0.0   1.0
335.025380711   25.7142857143   0.0   1.0
335.025380711   28.5714285714   0.0   1.0
335.025380711   30.0   0.0   1.0
337.563451777   0.0   0.0   1.0
337.563451777   1.42857142857   0.0   1.0
337.563451777   4.28571428571   0.0   1.0
337.563451777   8.57142857143   0.0   1.0
337.563451777   12.8571428571   0.0   1.0
337.563451777   17.1428571429   0.0   1.0
337.563451777   21.4285714286   0.0   1.0
337.563451777   25.7142857143   0.0   1.0
337.563451777   28.5714285714   0.0   1.0
337.563451777   30.0   0.0   1.0
340.101522843   0.0   0.0   1.0
340.101522843   1.42857142857   0.0   1.0
340.101522843   4.28571428571   0.0   1.0
340.101522843   8.57142857143   0.0   1.0
340.101522843   12.8571428571   0.0   1.0
340.101522843   17.1428571429   0.0   1.0
340.101522843   21.4285714286   0.0   1.0
340.101522843   25.7142857143   0.0   1.0
340.101522843   28.5714285714   0.0   1.0
340.101522843   30.0   0.0   1.0
342.639593909   0.0   0.0   1.0
342.639593909   1.42857142857   0.0   1.0
342.639593909   4.28571428571   0.0   1.0
342.639593909   8.57142857143   0.0   1.0
342.639593909   12.8571428571   0.0   1.0
342.639593909   17.1428571429   0.0   1.0
342.639593909   21.4285714286   0.0   1.0
342.639593909   25.7142857143   0.0   1.0
342.639593909   28.5714285714   0.0   1.0
342.639593909   30.0   0.0   1.0
345.177664975   0.0   0.0   1.0
345.177664975   1.42857142857   0.0   1.0
345.177664975   4.28571428571   0.0   1.0
345.177664975   8.57142857143   0.0   1.0
345.177664975   12.8571428571   0.0   1.0
345.177664975   17.1428571429   0.0   1.0
345.177664975   21.4285714286   0.0   1.0
345.177664975   25.7142857143   0.0   1.0
345.177664975   28.5714285714   0.0   1.0
345.177664975   30.0   0.0   1.0
347.715736041   0.0   0.0   1.0
347.715736041   1.42857142857   0.0   1.0
347.715736041   4.28571428571   0.0   1.0
347.715736041   8.57142857143   0.0   1.0
347.715736041   12.8571428571   0.0   1.0
347.715736041   17.1428571429   0.0   1.0
347.715736041   21.4285714286   0.0   1.0
347.715736041   25.7142857143   0.0   1.0
347.715736041   28.5714285714   0.0   1.0
347.715736041   30.0   0.0   1.0
350.253807107   0.0   0.0   1.0
350.253807107   1.42857142857   0.0   1.0
350.253807107   4.28571428571   0.0   1.0
350.253807107   8.57142857143   0.0   1.0
350.253807107   12.8571428571   0.0   1.0
350.253807107   17.1428571429   0.0   1.0
350.253807107   21.4285714286   0.0   1.0
350.253807107   25.7142857143   0.0   1.0
350.253807107   28.5714285714   0.0   1.0
350.253807107   30.0   0.0   1.0
352.791878173   0.0   0.0   1.0
352.791878173   1.42857142857   0.0   1.0
352.791878173   4.28571428571   0.0   1.0
352.791878173   8.57142857143   0.0   1.0
352.791878173   12.8571428571   0.0   1.0
352.791878173   17.1428571429   0.0   1.0
352.791878173   21.4285714286   0.0   1.0
352.791878173   25.7142857143   0.0   1.0
352.791878173   28.5714285714   0.0   1.0
352.791878173   30.0   0.0   1.0
355.329949239   0.0   0.0   1.0
355.329949239   1.42857142857   0.0   1.0
355.329949239   4.28571428571   0.0   1.0
355.329949239   8.57142857143   0.0   1.0
355.329949239   12.8571428571   0.0   1.0
355.329949239   17.1428571429   0.0   1.0
355.329949239   21.4285714286   0.0   1.0
355.329949239   25.7142857143   0.0   1.0
355.329949239   28.5714285714   0.0   1.0
355.329949239   30.0   0.0   1.0
357.868020305   0.0   0.0   1.0
357.868020305   1.42857142857   0.0   1.0
357.868020305   4.28571428571   0.0   1.0
357.868020305   8.57142857143   0.0   1.0
357.868020305   12.8571428571   0.0   1.0
357.868020305   17.1428571429   0.0   1.0
357.868020305   21.4285714286   0.0   1.0
357.868020305   25.7142857143   0.0   1.0
357.868020305   28.5714285714   0.0   1.0
357.868020305   30.0   0.0   1.0
360.406091371   0.0   0.0   1.0
360.406091371   1.42857142857   0.0   1.0
360.406091371   4.28571428571   0.0   1.0
360.406091371   8.57142857143   0.0   1.0
360.406091371   12.8571428571   0.0   1.0
360.406091371   17.1428571429   0.0   1.0
360.406091371   21.4285714286   0.0   1.0
360.406091371   25.7142857143   0.0   1.0
360.406091371   28.5714285714   0.0   1.0
360.406091371   30.0   0.0   1.0
362.944162437   0.0   0.0   1.0
362.944162437   1.42857142857   0.0   1.0
362.944162437   4.28571428571   0.0   1.0
362.944162437   8.57142857143   0.0   1.0
362.944162437   12.8571428571   0.0   1.0
362.944162437   17.1428571429   0.0   1.0
362.944162437   21.4285714286   0.0   1.0
362.944162437   25.7142857143   0.0   1.0
362.944162437   28.5714285714   0.0   1.0
362.944162437   30.0   0.0   1.0
365.482233503   0.0   0.0   1.0
365.482233503   1.42857142857   0.0   1.0
365.482233503   4.28571428571   0.0   1.0
365.482233503   8.57142857143   0.0   1.0
365.482233503   12.8571428571   0.0   1.0
365.482233503   17.1428571429   0.0   1.0
365.482233503   21.4285714286   0.0   1.0
365.482233503   25.7142857143   0.0   1.0
365.482233503   28.5714285714   0.0   1.0
365.482233503   30.0   0.0   1.0
368.020304569   0.0   0.0   1.0
368.020304569   1.42857142857   0.0   1.0
368.020304569   4.28571428571   0.0   1.0
368.020304569   8.57142857143   0.0   1.0
368.020304569   12.8571428571   0.0   1.0
368.020304569   17.1428571429   0.0   1.0
368.020304569   21.4285714286   0.0   1.0
368.020304569   25.7142857143   0.0   1.0
368.020304569   28.5714285714   0.0   1.0
368.020304569   30.0   0.0   1.0
370.558375635   0.0   0.0   1.0
370.558375635   1.42857142857   0.0   1.0
370.558375635   4.28571428571   0.0   1.0
370.558375635   8.57142857143   0.0   1.0
370.558375635   12.8571428571   0.0   1.0
370.558375635   17.1428571429   0.0   1.0
370.558375635   21.4285714286   0.0   1.0
370.558375635   25.7142857143   0.0   1.0
370.558375635   28.5714285714   0.0   1.0
370.558375635   30.0   0.0   1.0
373.096446701   0.0   0.0   1.0
373.096446701   1.42857142857   0.0   1.0
373.096446701   4.28571428571   0.0   1.0
373.096446701   8.57142857143   0.0   1.0
373.096446701   12.8571428571   0.0   1.0
373.096446701   17.1428571429   0.0   1.0
373.096446701   21.4285714286   0.0   1.0
373.096446701   25.7142857143   0.0   1.0
373.096446701   28.5714285714   0.0   1.0
373.096446701   30.0   0.0   1.0
375.634517766   0.0   0.0   1.0
375.634517766   1.42857142857   0.0   1.0
375.634517766   4.28571428571   0.0   1.0
375.634517766   8.57142857143   0.0   1.0
375.634517766   12.8571428571   0.0   1.0
375.634517766   17.1428571429   0.0   1.0
375.634517766   21.4285714286   0.0   1.0
375.634517766   25.7142857143   0.0   1.0
375.634517766   28.5714285714   0.0   1.0
375.634517766   30.0   0.0   1.0
378.172588832   0.0   0.0   1.0
378.172588832   1.42857142857   0.0   1.0
378.172588832   4.28571428571   0.0   1.0
378.172588832   8.57142857143   0.0   1.0
378.172588832   12.8571428571   0.0   1.0
378.172588832   17.1428571429   0.0   1.0
378.172588832   21.4285714286   0.0   1.0
378.172588832   25.7142857143   0.0   1.0
378.172588832   28.5714285714   0.0   1.0
378.172588832   30.0   0.0   1.0
380.710659898   0.0   0.0   1.0
380.710659898   1.42857142857   0.0   1.0
380.710659898   4.28571428571   0.0   1.0
380.710659898   8.57142857143   0.0   1.0
380.710659898   12.8571428571   0.0   1.0
380.710659898   17.1428571429   0.0   1.0
380.710659898   21.4285714286   0.0   1.0
380.710659898   25.7142857143   0.0   1.0
380.710659898   28.5714285714   0.0   1.0
380.710659898   30.0   0.0   1.0
383.248730964   0.0   0.0   1.0
383.248730964   1.42857142857   0.0   1.0
383.248730964   4.28571428571   0.0   1.0
383.248730964   8.57142857143   0.0   1.0
383.248730964   12.8571428571   0.0   1.0
383.248730964   17.1428571429   0.0   1.0
383.248730964   21.4285714286   0.0   1.0
383.248730964   25.7142857143   0.0   1.0
383.248730964   28.5714285714   0.0   1.0
383.248730964   30.0   0.0   1.0
385.786802030   0.0   0.0   1.0
385.786802030   1.42857142857   0.0   1.0
385.786802030   4.28571428571   0.0   1.0
385.786802030   8.57142857143   0.0   1.0
385.786802030   12.8571428571   0.0   1.0
385.786802030   17.1428571429   0.0   1.0
385.786802030   21.4285714286   0.0   1.0
385.786802030   25.7142857143   0.0   1.0
385.786802030   28.5714285714   0.0   1.0
385.786802030   30.0   0.0   1.0
388.324873096   0.0   0.0   1.0
388.324873096   1.42857142857   0.0   1.0
388.324873096   4.28571428571   0.0   1.0
388.324873096   8.57142857143   0.0   1.0
388.324873096   12.8571428571   0.0   1.0
388.324873096   17.1428571429   0.0   1.0
388.324873096   21.4285714286   0.0   1.0
388.324873096   25.7142857143   0.0   1.0
388.324873096   28.5714285714   0.0   1.0
388.324873096   30.0   0.0   1.0
390.862944162   0.0   0.0   1.0
390.862944162   1.42857142857   0.0   1.0
390.862944162   4.28571428571   0.0   1.0
390.862944162   8.57142857143   0.0   1.0
390.862944162   12.8571428571   0.0   1.0
390.862944162   17.1428571429   0.0   1.0
390.862944162   21.4285714286   0.0   1.0
390.862944162   25.7142857143   0.0   1.0
390.862944162   28.5714285714   0.0   1.0
390.862944162   30.0   0.0   1.0
393.401015228   0.0   0.0   1.0
393.401015228   1.42857142857   0.0   1.0
393.401015228   4.28571428571   0.0   1.0
393.401015228   8.57142857143   0.0   1.0
393.401015228   12.8571428571   0.0   1.0
393.401015228   17.1428571429   0.0   1.0
393.401015228   21.4285714286   0.0   1.0
393.401015228   25.7142857143   0.0   1.0
393.401015228   28.5714285714   0.0   1.0
393.401015228   30.0   0.0   1.0
395.939086294   0.0   0.0   1.0
395.939086294   1.42857142857   0.0   1.0
395.939086294   4.28571428571   0.0   1.0
395.939086294   8.57142857143   0.0   1.0
395.939086294   12.8571428571   0.0   1.0
395.939086294   17.1428571429   0.0   1.0
395.939086294   21.4285714286   0.0   1.0
395.939086294   25.7142857143   0.0   1.0
395.939086294   28.5714285714   0.0   1.0
395.939086294   30.0   0.0   1.0
398.477157360   0.0   0.0   1.0
398.477157360   1.42857142857   0.0   1.0
398.477157360   4.28571428571   0.0   1.0
398.477157360   8.57142857143   0.0   1.0
398.477157360   12.8571428571   0.0   1.0
398.477157360   17.1428571429   0.0   1.0
398.477157360   21.4285714286   0.0   1.0
398.477157360   25.7142857143   0.0   1.0
398.477157360   28.5714285714   0.0   1.0
398.477157360   30.0   0.0   1.0
401.015228426   0.0   0.0   1.0
401.015228426   1.42857142857   0.0   1.0
401.015228426   4.28571428571   0.0   1.0
401.015228426   8.57142857143   0.0   1.0
401.015228426   12.8571428571   0.0   1.0
401.015228426   17.1428571429   0.0   1.0
401.015228426   21.4285714286   0.0   1.0
401.015228426   25.7142857143   0.0   1.0
401.015228426   28.5714285714   0.0   1.0
401.015228426   30.0   0.0   1.0
403.553299492   0.0   0.0   1.0
403.553299492   1.42857142857   0.0   1.0
403.553299492   4.28571428571   0.0   1.0
403.553299492   8.57142857143   0.0   1.0
403.553299492   12.8571428571   0.0   1.0
403.553299492   17.1428571429   0.0   1.0
403.553299492   21.4285714286   0.0   1.0
403.553299492   25.7142857143   0.0   1.0
403.553299492   28.5714285714   0.0   1.0
403.553299492   30.0   0.0   1.0
406.091370558   0.0   0.0   1.0
406.091370558   1.42857142857   0.0   1.0
406.091370558   4.28571428571   0.0   1.0
406.091370558   8.57142857143   0.0   1.0
406.091370558   12.8571428571   0.0   1.0
406.091370558   17.1428571429   0.0   1.0
406.091370558   21.4285714286   0.0   1.0
406.091370558   25.7142857143   0.0   1.0
406.091370558   28.5714285714   0.0   1.0
406.091370558   30.0   0.0   1.0
408.629441624   0.0   0.0   1.0
408.629441624   1.42857142857   0.0   1.0
408.629441624   4.28571428571   0.0   1.0
408.629441624   8.57142857143   0.0   1.0
408.629441624   12.8571428571   0.0   1.0
408.629441624   17.1428571429   0.0   1.0
408.629441624   21.4285714286   0.0   1.0
408.629441624   25.7142857143   0.0   1.0
408.629441624   28.5714285714   0.0   1.0
408.629441624   30.0   0.0   1.0
411.167512690   0.0   0.0   1.0
411.167512690   1.42857142857   0.0   1.0
411.167512690   4.28571428571   0.0   1.0
411.167512690   8.57142857143   0.0   1.0
411.167512690   12.8571428571   0.0   1.0
411.167512690   17.1428571429   0.0   1.0
411.167512690   21.4285714286   0.0   1.0
411.167512690   25.7142857143   0.0   1.0
411.167512690   28.5714285714   0.0   1.0
411.167512690   30.0   0.0   1.0
413.705583756   0.0   0.0   1.0
413.705583756   1.42857142857   0.0   1.0
413.705583756   4.28571428571   0.0   1.0
413.705583756   8.57142857143   0.0   1.0
413.705583756   12.8571428571   0.0   1.0
413.705583756   17.1428571429   0.0   1.0
413.705583756   21.4285714286   0.0   1.0
413.705583756   25.7142857143   0.0   1.0
413.705583756   28.5714285714   0.0   1.0
413.705583756   30.0   0.0   1.0
416.243654822   0.0   0.0   1.0
416.243654822   1.42857142857   0.0   1.0
416.243654822   4.28571428571   0.0   1.0
416.243654822   8.57142857143   0.0   1.0
416.243654822   12.8571428571   0.0   1.0
416.243654822   17.1428571429   0.0   1.0
416.243654822   21.4285714286   0.0   1.0
416.243654822   25.7142857143   0.0   1.0
416.243654822   28.5714285714   0.0   1.0
416.243654822   30.0   0.0   1.0
418.781725888   0.0   0.0   1.0
418.781725888   1.42857142857   0.0   1.0
418.781725888   4.28571428571   0.0   1.0
418.781725888   8.57142857143   0.0   1.0
418.781725888   12.8571428571   0.0   1.0
418.781725888   17.1428571429   0.0   1.0
418.781725888   21.4285714286   0.0   1.0
418.781725888   25.7142857143   0.0   1.0
418.781725888   28.5714285714   0.0   1.0
418.781725888   30.0   0.0   1.0
421.319796954   0.0   0.0   1.0
421.319796954   1.42857142857   0.0   1.0
421.319796954   4.28571428571   0.0   1.0
421.319796954   8.57142857143   0.0   1.0
421.319796954   12.8571428571   0.0   1.0
421.319796954   17.1428571429   0.0   1.0
421.319796954   21.4285714286   0.0   1.0
421.319796954   25.7142857143   0.0   1.0
421.319796954   28.5714285714   0.0   1.0
421.319796954   30.0   0.0   1.0
423.857868020   0.0   0.0   1.0
423.857868020   1.42857142857   0.0   1.0
423.857868020   4.28571428571   0.0   1.0
423.857868020   8.57142857143   0.0   1.0
423.857868020   12.8571428571   0.0   1.0
423.857868020   17.1428571429   0.0   1.0
423.857868020   21.4285714286   0.0   1.0
423.857868020   25.7142857143   0.0   1.0
423.857868020   28.5714285714   0.0   1.0
423.857868020   30.0   0.0   1.0
426.395939086   0.0   0.0   1.0
426.395939086   1.42857142857   0.0   1.0
426.395939086   4.28571428571   0.0   1.0
426.395939086   8.57142857143   0.0   1.0
426.395939086   12.8571428571   0.0   1.0
426.395939086   17.1428571429   0.0   1.0
426.395939086   21.4285714286   0.0   1.0
426.395939086   25.7142857143   0.0   1.0
426.395939086   28.5714285714   0.0   1.0
426.395939086   30.0   0.0   1.0
428.934010152   0.0   0.0   1.0
428.934010152   1.42857142857   0.0   1.0
428.934010152   4.28571428571   0.0   1.0
428.934010152   8.57142857143   0.0   1.0
428.934010152   12.8571428571   0.0   1.0
428.934010152   17.1428571429   0.0   1.0
428.934010152   21.4285714286   0.0   1.0
428.934010152   25.7142857143   0.0   1.0
428.934010152   28.5714285714   0.0   1.0
428.934010152   30.0   0.0   1.0
431.472081218   0.0   0.0   1.0
431.472081218   1.42857142857   0.0   1.0
431.472081218   4.28571428571   0.0   1.0
431.472081218   8.57142857143   0.0   1.0
431.472081218   12.8571428571   0.0   1.0
431.472081218   17.1428571429   0.0   1.0
431.472081218   21.4285714286   0.0   1.0
431.472081218   25.7142857143   0.0   1.0
431.472081218   28.5714285714   0.0   1.0
431.472081218   30.0   0.0   1.0
434.010152284   0.0   0.0   1.0
434.010152284   1.42857142857   0.0   1.0
434.010152284   4.28571428571   0.0   1.0
434.010152284   8.57142857143   0.0   1.0
434.010152284   12.8571428571   0.0   1.0
434.010152284   17.1428571429   0.0   1.0
434.010152284   21.4285714286   0.0   1.0
434.010152284   25.7142857143   0.0   1.0
434.010152284   28.5714285714   0.0   1.0
434.010152284   30.0   0.0   1.0
436.548223350   0.0   0.0   1.0
436.548223350   1.42857142857   0.0   1.0
436.548223350   4.28571428571   0.0   1.0
436.548223350   8.57142857143   0.0   1.0
436.548223350   12.8571428571   0.0   1.0
436.548223350   17.1428571429   0.0   1.0
436.548223350   21.4285714286   0.0   1.0
436.548223350   25.7142857143   0.0   1.0
436.548223350   28.5714285714   0.0   1.0
436.548223350   30.0   0.0   1.0
439.086294416   0.0   0.0   1.0
439.086294416   1.42857142857   0.0   1.0
439.086294416   4.28571428571   0.0   1.0
439.086294416   8.57142857143   0.0   1.0
439.086294416   12.8571428571   0.0   1.0
439.086294416   17.1428571429   0.0   1.0
439.086294416   21.4285714286   0.0   1.0
439.086294416   25.7142857143   0.0   1.0
439.086294416   28.5714285714   0.0   1.0
439.086294416   30.0   0.0   1.0
441.624365482   0.0   0.0   1.0
441.624365482   1.42857142857   0.0   1.0
441.624365482   4.28571428571   0.0   1.0
441.624365482   8.57142857143   0.0   1.0
441.624365482   12.8571428571   0.0   1.0
441.624365482   17.1428571429   0.0   1.0
441.624365482   21.4285714286   0.0   1.0
441.624365482   25.7142857143   0.0   1.0
441.624365482   28.5714285714   0.0   1.0
441.624365482   30.0   0.0   1.0
444.162436548   0.0   0.0   1.0
444.162436548   1.42857142857   0.0   1.0
444.162436548   4.28571428571   0.0   1.0
444.162436548   8.57142857143   0.0   1.0
444.162436548   12.8571428571   0.0   1.0
444.162436548   17.1428571429   0.0   1.0
444.162436548   21.4285714286   0.0   1.0
444.162436548   25.7142857143   0.0   1.0
444.162436548   28.5714285714   0.0   1.0
444.162436548   30.0   0.0   1.0
446.700507614   0.0   0.0   1.0
446.700507614   1.42857142857   0.0   1.0
446.700507614   4.28571428571   0.0   1.0
446.700507614   8.57142857143   0.0   1.0
446.700507614   12.8571428571   0.0   1.0
446.700507614   17.1428571429   0.0   1.0
446.700507614   21.4285714286   0.0   1.0
446.700507614   25.7142857143   0.0   1.0
446.700507614   28.5714285714   0.0   1.0
446.700507614   30.0   0.0   1.0
449.238578680   0.0   0.0   1.0
449.238578680   1.42857142857   0.0   1.0
449.238578680   4.28571428571   0.0   1.0
449.238578680   8.57142857143   0.0   1.0
449.238578680   12.8571428571   0.0   1.0
449.238578680   17.1428571429   0.0   1.0
449.238578680   21.4285714286   0.0   1.0
449.238578680   25.7142857143   0.0   1.0
449.238578680   28.5714285714   0.0   1.0
449.238578680   30.0   0.0   1.0
451.776649746   0.0   0.0   1.0
451.776649746   1.42857142857   0.0   1.0
451.776649746   4.28571428571   0.0   1.0
451.776649746   8.57142857143   0.0   1.0
451.776649746   12.8571428571   0.0   1.0
451.776649746   17.1428571429   0.0   1.0
451.776649746   21.4285714286   0.0   1.0
451.776649746   25.7142857143   0.0   1.0
451.776649746   28.5714285714   0.0   1.0
451.776649746   30.0   0.0   1.0
454.314720812   0.0   0.0   1.0
454.314720812   1.42857142857   0.0   1.0
454.314720812   4.28571428571   0.0   1.0
454.314720812   8.57142857143   0.0   1.0
454.314720812   12.8571428571   0.0   1.0
454.314720812   17.1428571429   0.0   1.0
454.314720812   21.4285714286   0.0   1.0
454.314720812   25.7142857143   0.0   1.0
454.314720812   28.5714285714   0.0   1.0
454.314720812   30.0   0.0   1.0
456.852791878   0.0   0.0   1.0
456.852791878   1.42857142857   0.0   1.0
456.852791878   4.28571428571   0.0   1.0
456.852791878   8.57142857143   0.0   1.0
456.852791878   12.8571428571   0.0   1.0
456.852791878   17.1428571429   0.0   1.0
456.852791878   21.4285714286   0.0   1.0
456.852791878   25.7142857143   0.0   1.0
456.852791878   28.5714285714   0.0   1.0
456.852791878   30.0   0.0   1.0
459.390862944   0.0   0.0   1.0
459.390862944   1.42857142857   0.0   1.0
459.390862944   4.28571428571   0.0   1.0
459.390862944   8.57142857143   0.0   1.0
459.390862944   12.8571428571   0.0   1.0
459.390862944   17.1428571429   0.0   1.0
459.390862944   21.4285714286   0.0   1.0
459.390862944   25.7142857143   0.0   1.0
459.390862944   28.5714285714   0.0   1.0
459.390862944   30.0   0.0   1.0
461.928934010   0.0   0.0   1.0
461.928934010   1.42857142857   0.0   1.0
461.928934010   4.28571428571   0.0   1.0
461.928934010   8.57142857143   0.0   1.0
461.928934010   12.8571428571   0.0   1.0
461.928934010   17.1428571429   0.0   1.0
461.928934010   21.4285714286   0.0   1.0
461.928934010   25.7142857143   0.0   1.0
461.928934010   28.5714285714   0.0   1.0
461.928934010   30.0   0.0   1.0
464.467005076   0.0   0.0   1.0
464.467005076   1.42857142857   0.0   1.0
464.467005076   4.28571428571   0.0   1.0
464.467005076   8.57142857143   0.0   1.0
464.467005076   12.8571428571   0.0   1.0
464.467005076   17.1428571429   0.0   1.0
464.467005076   21.4285714286   0.0   1.0
464.467005076   25.7142857143   0.0   1.0
464.467005076   28.5714285714   0.0   1.0
464.467005076   30.0   0.0   1.0
467.005076142   0.0   0.0   1.0
467.005076142   1.42857142857   0.0   1.0
467.005076142   4.28571428571   0.0   1.0
467.005076142   8.57142857143   0.0   1.0
467.005076142   12.8571428571   0.0   1.0
467.005076142   17.1428571429   0.0   1.0
467.005076142   21.4285714286   0.0   1.0
467.005076142   25.7142857143   0.0   1.0
467.005076142   28.5714285714   0.0   1.0
467.005076142   30.0   0.0   1.0
469.543147208   0.0   0.0   1.0
469.543147208   1.42857142857   0.0   1.0
469.543147208   4.28571428571   0.0   1.0
469.543147208   8.57142857143   0.0   1.0
469.543147208   12.8571428571   0.0   1.0
469.543147208   17.1428571429   0.0   1.0
469.543147208   21.4285714286   0.0   1.0
469.543147208   25.7142857143   0.0   1.0
469.543147208   28.5714285714   0.0   1.0
469.543147208   30.0   0.0   1.0
472.081218274   0.0   0.0   1.0
472.081218274   1.42857142857   0.0   1.0
472.081218274   4.28571428571   0.0   1.0
472.081218274   8.57142857143   0.0   1.0
472.081218274   12.8571428571   0.0   1.0
472.081218274   17.1428571429   0.0   1.0
472.081218274   21.4285714286   0.0   1.0
472.081218274   25.7142857143   0.0   1.0
472.081218274   28.5714285714   0.0   1.0
472.081218274   30.0   0.0   1.0
474.619289340   0.0   0.0   1.0
474.619289340   1.42857142857   0.0   1.0
474.619289340   4.28571428571   0.0   1.0
474.619289340   8.57142857143   0.0   1.0
474.619289340   12.8571428571   0.0   1.0
474.619289340   17.1428571429   0.0   1.0
474.619289340   21.4285714286   0.0   1.0
474.619289340   25.7142857143   0.0   1.0
474.619289340   28.5714285714   0.0   1.0
474.619289340   30.0   0.0   1.0
477.157360406   0.0   0.0   1.0
477.157360406   1.42857142857   0.0   1.0
477.157360406   4.28571428571   0.0   1.0
477.157360406   8.57142857143   0.0   1.0
477.157360406   12.8571428571   0.0   1.0
477.157360406   17.1428571429   0.0   1.0
477.157360406   21.4285714286   0.0   1.0
477.157360406   25.7142857143   0.0   1.0
477.157360406   28.5714285714   0.0   1.0
477.157360406   30.0   0.0   1.0
479.695431472   0.0   0.0   1.0
479.695431472   1.42857142857   0.0   1.0
479.695431472   4.28571428571   0.0   1.0
479.695431472   8.57142857143   0.0   1.0
479.695431472   12.8571428571   0.0   1.0
479.695431472   17.1428571429   0.0   1.0
479.695431472   21.4285714286   0.0   1.0
479.695431472   25.7142857143   0.0   1.0
479.695431472   28.5714285714   0.0   1.0
479.695431472   30.0   0.0   1.0
482.233502538   0.0   0.0   1.0
482.233502538   1.42857142857   0.0   1.0
482.233502538   4.28571428571   0.0   1.0
482.233502538   8.57142857143   0.0   1.0
482.233502538   12.8571428571   0.0   1.0
482.233502538   17.1428571429   0.0   1.0
482.233502538   21.4285714286   0.0   1.0
482.233502538   25.7142857143   0.0   1.0
482.233502538   28.5714285714   0.0   1.0
482.233502538   30.0   0.0   1.0
484.771573604   0.0   0.0   1.0
484.771573604   1.42857142857   0.0   1.0
484.771573604   4.28571428571   0.0   1.0
484.771573604   8.57142857143   0.0   1.0
484.771573604   12.8571428571   0.0   1.0
484.771573604   17.1428571429   0.0   1.0
484.771573604   21.4285714286   0.0   1.0
484.771573604   25.7142857143   0.0   1.0
484.771573604   28.5714285714   0.0   1.0
484.771573604   30.0   0.0   1.0
487.309644670   0.0   0.0   1.0
487.309644670   1.42857142857   0.0   1.0
487.309644670   4.28571428571   0.0   1.0
487.309644670   8.57142857143   0.0   1.0
487.309644670   12.8571428571   0.0   1.0
487.309644670   17.1428571429   0.0   1.0
487.309644670   21.4285714286   0.0   1.0
487.309644670   25.7142857143   0.0   1.0
487.309644670   28.5714285714   0.0   1.0
487.309644670   30.0   0.0   1.0
489.847715736   0.0   0.0   1.0
489.847715736   1.42857142857   0.0   1.0
489.847715736   4.28571428571   0.0   1.0
489.847715736   8.57142857143   0.0   1.0
489.847715736   12.8571428571   0.0   1.0
489.847715736   17.1428571429   0.0   1.0
489.847715736   21.4285714286   0.0   1.0
489.847715736   25.7142857143   0.0   1.0
489.847715736   28.5714285714   0.0   1.0
489.847715736   30.0   0.0   1.0
492.385786802   0.0   0.0   1.0
492.385786802   1.42857142857   0.0   1.0
492.385786802   4.28571428571   0.0   1.0
492.385786802   8.57142857143   0.0   1.0
492.385786802   12.8571428571   0.0   1.0
492.385786802   17.1428571429   0.0   1.0
492.385786802   21.4285714286   0.0   1.0
492.385786802   25.7142857143   0.0   1.0
492.385786802   28.5714285714   0.0   1.0
492.385786802   30.0   0.0   1.0
494.923857868   0.0   0.0   1.0
494.923857868   1.42857142857   0.0   1.0
494.923857868   4.28571428571   0.0   1.0
494.923857868   8.57142857143   0.0   1.0
494.923857868   12.8571428571   0.0   1.0
494.923857868   17.1428571429   0.0   1.0
494.923857868   21.4285714286   0.0   1.0
494.923857868   25.7142857143   0.0   1.0
494.923857868   28.5714285714   0.0   1.0
494.923857868   30.0   0.0   1.0
497.461928934   0.0   0.0   1.0
497.461928934   1.42857142857   0.0   1.0
497.461928934   4.28571428571   0.0   1.0
497.461928934   8.57142857143   0.0   1.0
497.461928934   12.8571428571   0.0   1.0
497.461928934   17.1428571429   0.0   1.0
497.461928934   21.4285714286   0.0   1.0
497.461928934   25.7142857143   0.0   1.0
497.461928934   28.5714285714   0.0   1.0
497.461928934   30.0   0.0   1.0
499.153976311   0.0   0.0   1.0
499.153976311   1.42857142857   0.0   1.0
499.153976311   4.28571428571   0.0   1.0
499.153976311   8.57142857143   0.0   1.0
499.153976311   12.8571428571   0.0   1.0
499.153976311   17.1428571429   0.0   1.0
499.153976311   21.4285714286   0.0   1.0
499.153976311   25.7142857143   0.0   1.0
499.153976311   28.5714285714   0.0   1.0
499.153976311   30.0   0.0   1.0
500.0   0.0   0.0   1.0
500.0   1.42857142857   0.0   1.0
500.0   4.28571428571   0.0   1.0
500.0   8.57142857143   0.0   1.0
500.0   12.8571428571   0.0   1.0
500.0   17.1428571429   0.0   1.0
500.0   21.4285714286   0.0   1.0
500.0   25.7142857143   0.0   1.0
500.0   28.5714285714   0.0   1.0
500.0   30.0   0.0   1.0

------------------------------------------------------------------------------------------
Number of control points  - (u, v, t) - PATCH 0
------------------------------------------------------------------------------------------
200 10 0

------------------------------------------------------------------------------------------
Degree (u,v,t) - PATCH 0
------------------------------------------------------------------------------------------
3 3 0

------------------------------------------------------------------------------------------
KNOT VECTOR (u) - PATCH 0
------------------------------------------------------------------------------------------
0.00000000000000
0.00000000000000
0.00000000000000
0.0
0.00507614213198
0.01015228426396
0.01522842639594
0.02030456852800
0.02538071065980
0.03045685279180
0.03553299492380
0.04060913705580
0.04568527918780
0.05076142131980
0.05583756345180
0.06091370558380
0.06598984771580
0.07106598984780
0.07614213197960
0.08121827411160
0.08629441624360
0.09137055837560
0.09644670050760
0.10152284263960
0.10659898477160
0.11167512690360
0.11675126903560
0.12182741116760
0.12690355329940
0.13197969543140
0.13705583756340
0.14213197969540
0.14720812182740
0.15228426395940
0.15736040609140
0.16243654822340
0.16751269035540
0.17258883248740
0.17766497461920
0.18274111675120
0.18781725888320
0.19289340101520
0.19796954314720
0.20304568528000
0.20812182741200
0.21319796954400
0.21827411167600
0.22335025380800
0.22842639594000
0.23350253807200
0.23857868020400
0.24365482233600
0.24873096446800
0.25380710659800
0.25888324873000
0.26395939086200
0.26903553299400
0.27411167512600
0.27918781725800
0.28426395939000
0.28934010152200
0.29441624365400
0.29949238578600
0.30456852791800
0.30964467005000
0.31472081218200
0.31979695431400
0.32487309644600
0.32994923857800
0.33502538071000
0.34010152284200
0.34517766497400
0.35025380710600
0.35532994923800
0.36040609137000
0.36548223350200
0.37055837563400
0.37563451776600
0.38071065989800
0.38578680203000
0.39086294416200
0.39593908629400
0.40101522842600
0.40609137055800
0.41116751269000
0.41624365482200
0.42131979695400
0.42639593908600
0.43147208121800
0.43654822335000
0.44162436548200
0.44670050761400
0.45177664974600
0.45685279187800
0.46192893401000
0.46700507614200
0.47208121827400
0.47715736040600
0.48223350253800
0.48730964467000
0.49238578680200
0.49746192893400
0.50253807106600
0.50761421319800
0.51269035533000
0.51776649746200
0.52284263959400
0.52791878172600
0.53299492385800
0.53807106599000
0.54314720812200
0.54822335025400
0.55329949238600
0.55837563451800
0.56345177665000
0.56852791878200
0.57360406091400
0.57868020304600
0.58375634517800
0.58883248731000
0.59390862944200
0.59898477157400
0.60406091370600
0.60913705583800
0.61421319797000
0.61928934010200
0.62436548223400
0.62944162436600
0.63451776649800
0.63959390863000
0.64467005076200
0.64974619289400
0.65482233502600
0.65989847715800
0.66497461929000
0.67005076142200
0.67512690355400
0.68020304568600
0.68527918781800
0.69035532995000
0.69543147208200
0.70050761421400
0.70558375634600
0.71065989847800
0.71573604061000
0.72081218274200
0.72588832487400
0.73096446700600
0.73604060913800
0.74111675127000
0.74619289340200
0.75126903553200
0.75634517766400
0.76142131979600
0.76649746192800
0.77157360406000
0.77664974619200
0.78172588832400
0.78680203045600
0.79187817258800
0.79695431472000
0.80203045685200
0.80710659898400
0.81218274111600
0.81725888324800
0.82233502538000
0.82741116751200
0.83248730964400
0.83756345177600
0.84263959390800
0.84771573604000
0.85279187817200
0.85786802030400
0.86294416243600
0.86802030456800
0.87309644670000
0.87817258883200
0.88324873096400
0.88832487309600
0.89340101522800
0.89847715736000
0.90355329949200
0.90862944162400
0.91370558375600
0.91878172588800
0.92385786802000
0.92893401015200
0.93401015228400
0.93908629441600
0.94416243654800
0.94923857868000
0.95431472081200
0.95939086294400
0.96446700507600
0.96954314720800
0.97461928934000
0.97969543147200
0.98477157360400
0.98984771573600
0.99492385786800
1.00000000000000
1.00000000000000
1.00000000000000
1.0

------------------------------------------------------------------------------------------
KNOT VECTOR (v) - PATCH 0
------------------------------------------------------------------------------------------
0.000000000000000
0.000000000000000
0.000000000000000
0.0
0.142857142857000
0.285714285714333
0.428571428570000
0.571428571430000
0.714285714286667
0.857142857143333
1.000000000000000
1.000000000000000
1.000000000000000
1.0

------------------------------------------------------------------------------------------
NUMBER OF NEUMMAN BOUNDARY CONDITION
------------------------------------------------------------------------------------------
0

------------------------------------------------------------------------------------------
CONTROL POINT INDEX    VALUES (X, Y)
------------------------------------------------------------------------------------------

------------------------------------------------------------------------------------------
NUMBER OF DIRICHELET BOUNDARY CONDITION
------------------------------------------------------------------------------------------
0

------------------------------------------------------------------------------------------
CONTROL POINT INDEX    (0-FREE, 1- DISPLACEMENT) VALUES (X, Y)
------------------------------------------------------------------------------------------

