------------------------------------------------------------------------------------------
NUMBER OF PATCHES        
------------------------------------------------------------------------------------------
0

------------------------------------------------------------------------------------------
NUMBER OF CONTROL POINTS - PATCH 0        
------------------------------------------------------------------------------------------
208

------------------------------------------------------------------------------------------
INDEX MATERIAL - PATCH 0
------------------------------------------------------------------------------------------
0 

------------------------------------------------------------------------------------------
THICKNESS - PATCH 0        
------------------------------------------------------------------------------------------
1.0
     
------------------------------------------------------------------------------------------
CONTROL POINTS COORDINATES AND WEIGHT (X,Y,Z,W) - PATCH 0
------------------------------------------------------------------------------------------
0.0   0.0   0.0   1.0
0.0   0.03125   0.0   1.0
0.0   0.09375   0.0   1.0
0.0   0.125   0.0   1.0
0.101   0.0   0.0   1.0
0.101   0.03125   0.0   1.0
0.101   0.09375   0.0   1.0
0.101   0.125   0.0   1.0
0.303   0.0   0.0   1.0
0.303   0.03125   0.0   1.0
0.303   0.09375   0.0   1.0
0.303   0.125   0.0   1.0
0.505   0.0   0.0   1.0
0.505   0.03125   0.0   1.0
0.505   0.09375   0.0   1.0
0.505   0.125   0.0   1.0
0.707   0.0   0.0   1.0
0.707   0.03125   0.0   1.0
0.707   0.09375   0.0   1.0
0.707   0.125   0.0   1.0
0.909   0.0   0.0   1.0
0.909   0.03125   0.0   1.0
0.909   0.09375   0.0   1.0
0.909   0.125   0.0   1.0
1.111   0.0   0.0   1.0
1.111   0.03125   0.0   1.0
1.111   0.09375   0.0   1.0
1.111   0.125   0.0   1.0
1.313   0.0   0.0   1.0
1.313   0.03125   0.0   1.0
1.313   0.09375   0.0   1.0
1.313   0.125   0.0   1.0
1.515   0.0   0.0   1.0
1.515   0.03125   0.0   1.0
1.515   0.09375   0.0   1.0
1.515   0.125   0.0   1.0
1.717   0.0   0.0   1.0
1.717   0.03125   0.0   1.0
1.717   0.09375   0.0   1.0
1.717   0.125   0.0   1.0
1.919   0.0   0.0   1.0
1.919   0.03125   0.0   1.0
1.919   0.09375   0.0   1.0
1.919   0.125   0.0   1.0
2.121   0.0   0.0   1.0
2.121   0.03125   0.0   1.0
2.121   0.09375   0.0   1.0
2.121   0.125   0.0   1.0
2.323   0.0   0.0   1.0
2.323   0.03125   0.0   1.0
2.323   0.09375   0.0   1.0
2.323   0.125   0.0   1.0
2.525   0.0   0.0   1.0
2.525   0.03125   0.0   1.0
2.525   0.09375   0.0   1.0
2.525   0.125   0.0   1.0
2.727   0.0   0.0   1.0
2.727   0.03125   0.0   1.0
2.727   0.09375   0.0   1.0
2.727   0.125   0.0   1.0
2.929   0.0   0.0   1.0
2.929   0.03125   0.0   1.0
2.929   0.09375   0.0   1.0
2.929   0.125   0.0   1.0
3.131   0.0   0.0   1.0
3.131   0.03125   0.0   1.0
3.131   0.09375   0.0   1.0
3.131   0.125   0.0   1.0
3.333   0.0   0.0   1.0
3.333   0.03125   0.0   1.0
3.333   0.09375   0.0   1.0
3.333   0.125   0.0   1.0
3.535   0.0   0.0   1.0
3.535   0.03125   0.0   1.0
3.535   0.09375   0.0   1.0
3.535   0.125   0.0   1.0
3.737   0.0   0.0   1.0
3.737   0.03125   0.0   1.0
3.737   0.09375   0.0   1.0
3.737   0.125   0.0   1.0
3.939   0.0   0.0   1.0
3.939   0.03125   0.0   1.0
3.939   0.09375   0.0   1.0
3.939   0.125   0.0   1.0
4.141   0.0   0.0   1.0
4.141   0.03125   0.0   1.0
4.141   0.09375   0.0   1.0
4.141   0.125   0.0   1.0
4.343   0.0   0.0   1.0
4.343   0.03125   0.0   1.0
4.343   0.09375   0.0   1.0
4.343   0.125   0.0   1.0
4.545   0.0   0.0   1.0
4.545   0.03125   0.0   1.0
4.545   0.09375   0.0   1.0
4.545   0.125   0.0   1.0
4.747   0.0   0.0   1.0
4.747   0.03125   0.0   1.0
4.747   0.09375   0.0   1.0
4.747   0.125   0.0   1.0
4.949   0.0   0.0   1.0
4.949   0.03125   0.0   1.0
4.949   0.09375   0.0   1.0
4.949   0.125   0.0   1.0
5.151   0.0   0.0   1.0
5.151   0.03125   0.0   1.0
5.151   0.09375   0.0   1.0
5.151   0.125   0.0   1.0
5.353   0.0   0.0   1.0
5.353   0.03125   0.0   1.0
5.353   0.09375   0.0   1.0
5.353   0.125   0.0   1.0
5.555   0.0   0.0   1.0
5.555   0.03125   0.0   1.0
5.555   0.09375   0.0   1.0
5.555   0.125   0.0   1.0
5.757   0.0   0.0   1.0
5.757   0.03125   0.0   1.0
5.757   0.09375   0.0   1.0
5.757   0.125   0.0   1.0
5.959   0.0   0.0   1.0
5.959   0.03125   0.0   1.0
5.959   0.09375   0.0   1.0
5.959   0.125   0.0   1.0
6.161   0.0   0.0   1.0
6.161   0.03125   0.0   1.0
6.161   0.09375   0.0   1.0
6.161   0.125   0.0   1.0
6.363   0.0   0.0   1.0
6.363   0.03125   0.0   1.0
6.363   0.09375   0.0   1.0
6.363   0.125   0.0   1.0
6.565   0.0   0.0   1.0
6.565   0.03125   0.0   1.0
6.565   0.09375   0.0   1.0
6.565   0.125   0.0   1.0
6.767   0.0   0.0   1.0
6.767   0.03125   0.0   1.0
6.767   0.09375   0.0   1.0
6.767   0.125   0.0   1.0
6.969   0.0   0.0   1.0
6.969   0.03125   0.0   1.0
6.969   0.09375   0.0   1.0
6.969   0.125   0.0   1.0
7.171   0.0   0.0   1.0
7.171   0.03125   0.0   1.0
7.171   0.09375   0.0   1.0
7.171   0.125   0.0   1.0
7.373   0.0   0.0   1.0
7.373   0.03125   0.0   1.0
7.373   0.09375   0.0   1.0
7.373   0.125   0.0   1.0
7.575   0.0   0.0   1.0
7.575   0.03125   0.0   1.0
7.575   0.09375   0.0   1.0
7.575   0.125   0.0   1.0
7.777   0.0   0.0   1.0
7.777   0.03125   0.0   1.0
7.777   0.09375   0.0   1.0
7.777   0.125   0.0   1.0
7.979   0.0   0.0   1.0
7.979   0.03125   0.0   1.0
7.979   0.09375   0.0   1.0
7.979   0.125   0.0   1.0
8.181   0.0   0.0   1.0
8.181   0.03125   0.0   1.0
8.181   0.09375   0.0   1.0
8.181   0.125   0.0   1.0
8.383   0.0   0.0   1.0
8.383   0.03125   0.0   1.0
8.383   0.09375   0.0   1.0
8.383   0.125   0.0   1.0
8.585   0.0   0.0   1.0
8.585   0.03125   0.0   1.0
8.585   0.09375   0.0   1.0
8.585   0.125   0.0   1.0
8.787   0.0   0.0   1.0
8.787   0.03125   0.0   1.0
8.787   0.09375   0.0   1.0
8.787   0.125   0.0   1.0
8.989   0.0   0.0   1.0
8.989   0.03125   0.0   1.0
8.989   0.09375   0.0   1.0
8.989   0.125   0.0   1.0
9.191   0.0   0.0   1.0
9.191   0.03125   0.0   1.0
9.191   0.09375   0.0   1.0
9.191   0.125   0.0   1.0
9.393   0.0   0.0   1.0
9.393   0.03125   0.0   1.0
9.393   0.09375   0.0   1.0
9.393   0.125   0.0   1.0
9.595   0.0   0.0   1.0
9.595   0.03125   0.0   1.0
9.595   0.09375   0.0   1.0
9.595   0.125   0.0   1.0
9.797   0.0   0.0   1.0
9.797   0.03125   0.0   1.0
9.797   0.09375   0.0   1.0
9.797   0.125   0.0   1.0
9.999   0.0   0.0   1.0
9.999   0.03125   0.0   1.0
9.999   0.09375   0.0   1.0
9.999   0.125   0.0   1.0
10.1   0.0   0.0   1.0
10.1   0.03125   0.0   1.0
10.1   0.09375   0.0   1.0
10.1   0.125   0.0   1.0

------------------------------------------------------------------------------------------
Number of control points  - (u, v, t) - PATCH 0
------------------------------------------------------------------------------------------
52 4 0

------------------------------------------------------------------------------------------
Degree (u,v,t) - PATCH 0
------------------------------------------------------------------------------------------
2 2 0

------------------------------------------------------------------------------------------
KNOT VECTOR (u) - PATCH 0
------------------------------------------------------------------------------------------
0.00000000
0.00000000
0.00000000
0.02000000
0.04000000
0.06000000
0.08000000
0.10000000
0.12000000
0.14000000
0.16000000
0.18000000
0.20000000
0.22000000
0.24000000
0.26000000
0.28000000
0.30000000
0.32000000
0.34000000
0.36000000
0.38000000
0.40000000
0.42000000
0.44000000
0.46000000
0.48000000
0.50000000
0.52000000
0.54000000
0.56000000
0.58000000
0.60000000
0.62000000
0.64000000
0.66000000
0.68000000
0.70000000
0.72000000
0.74000000
0.76000000
0.78000000
0.80000000
0.82000000
0.84000000
0.86000000
0.88000000
0.90000000
0.92000000
0.94000000
0.96000000
0.98000000
1.00000000
1.00000000
1.00000000

------------------------------------------------------------------------------------------
KNOT VECTOR (v) - PATCH 0
------------------------------------------------------------------------------------------
0.0000000000000
0.0000000000000
0.0000000000000
0.5
1.0000000000000
1.0000000000000
1.0000000000000

------------------------------------------------------------------------------------------
NUMBER OF NEUMMAN BOUNDARY CONDITION
------------------------------------------------------------------------------------------
0

-----------------------------------------------------------------------------------------
CONTROL POINT INDEX    VALUES (X, Y)
------------------------------------------------------------------------------------------

------------------------------------------------------------------------------------------
NUMBER OF DIRICHELET BOUNDARY CONDITION
------------------------------------------------------------------------------------------
1

------------------------------------------------------------------------------------------
CONTROL POINT INDEX    (0-FREE, 1- DISPLACEMENT) VALUES (X, Y)
------------------------------------------------------------------------------------------
CURVE 3 1 1 0.0 0.0
