------------------------------------------------------------------------------------------
NUMBER OF PATCHES        
------------------------------------------------------------------------------------------
1

------------------------------------------------------------------------------------------
NUMBER OF CONTROL POINTS - PATCH 0        
------------------------------------------------------------------------------------------
108

------------------------------------------------------------------------------------------
INDEX MATERIAL - PATCH 0
------------------------------------------------------------------------------------------
0 

------------------------------------------------------------------------------------------
THICKNESS - PATCH 0        
------------------------------------------------------------------------------------------
1.0
     
------------------------------------------------------------------------------------------
CONTROL POINTS COORDINATES AND WEIGHT (X,Y,Z,W) - PATCH 0
------------------------------------------------------------------------------------------
0.0   0.0   0.0   1.0
0.0   0.03125   0.0   1.0
0.0   0.09375   0.0   1.0
0.0   0.125   0.0   1.0
0.202   0.0   0.0   1.0
0.202   0.03125   0.0   1.0
0.202   0.09375   0.0   1.0
0.202   0.125   0.0   1.0
0.606   0.0   0.0   1.0
0.606   0.03125   0.0   1.0
0.606   0.09375   0.0   1.0
0.606   0.125   0.0   1.0
1.01   0.0   0.0   1.0
1.01   0.03125   0.0   1.0
1.01   0.09375   0.0   1.0
1.01   0.125   0.0   1.0
1.414   0.0   0.0   1.0
1.414   0.03125   0.0   1.0
1.414   0.09375   0.0   1.0
1.414   0.125   0.0   1.0
1.818   0.0   0.0   1.0
1.818   0.03125   0.0   1.0
1.818   0.09375   0.0   1.0
1.818   0.125   0.0   1.0
2.222   0.0   0.0   1.0
2.222   0.03125   0.0   1.0
2.222   0.09375   0.0   1.0
2.222   0.125   0.0   1.0
2.626   0.0   0.0   1.0
2.626   0.03125   0.0   1.0
2.626   0.09375   0.0   1.0
2.626   0.125   0.0   1.0
3.03   0.0   0.0   1.0
3.03   0.03125   0.0   1.0
3.03   0.09375   0.0   1.0
3.03   0.125   0.0   1.0
3.434   0.0   0.0   1.0
3.434   0.03125   0.0   1.0
3.434   0.09375   0.0   1.0
3.434   0.125   0.0   1.0
3.838   0.0   0.0   1.0
3.838   0.03125   0.0   1.0
3.838   0.09375   0.0   1.0
3.838   0.125   0.0   1.0
4.242   0.0   0.0   1.0
4.242   0.03125   0.0   1.0
4.242   0.09375   0.0   1.0
4.242   0.125   0.0   1.0
4.646   0.0   0.0   1.0
4.646   0.03125   0.0   1.0
4.646   0.09375   0.0   1.0
4.646   0.125   0.0   1.0
5.05   0.0   0.0   1.0
5.05   0.03125   0.0   1.0
5.05   0.09375   0.0   1.0
5.05   0.125   0.0   1.0
5.454   0.0   0.0   1.0
5.454   0.03125   0.0   1.0
5.454   0.09375   0.0   1.0
5.454   0.125   0.0   1.0
5.858   0.0   0.0   1.0
5.858   0.03125   0.0   1.0
5.858   0.09375   0.0   1.0
5.858   0.125   0.0   1.0
6.262   0.0   0.0   1.0
6.262   0.03125   0.0   1.0
6.262   0.09375   0.0   1.0
6.262   0.125   0.0   1.0
6.666   0.0   0.0   1.0
6.666   0.03125   0.0   1.0
6.666   0.09375   0.0   1.0
6.666   0.125   0.0   1.0
7.07   0.0   0.0   1.0
7.07   0.03125   0.0   1.0
7.07   0.09375   0.0   1.0
7.07   0.125   0.0   1.0
7.474   0.0   0.0   1.0
7.474   0.03125   0.0   1.0
7.474   0.09375   0.0   1.0
7.474   0.125   0.0   1.0
7.878   0.0   0.0   1.0
7.878   0.03125   0.0   1.0
7.878   0.09375   0.0   1.0
7.878   0.125   0.0   1.0
8.282   0.0   0.0   1.0
8.282   0.03125   0.0   1.0
8.282   0.09375   0.0   1.0
8.282   0.125   0.0   1.0
8.686   0.0   0.0   1.0
8.686   0.03125   0.0   1.0
8.686   0.09375   0.0   1.0
8.686   0.125   0.0   1.0
9.09   0.0   0.0   1.0
9.09   0.03125   0.0   1.0
9.09   0.09375   0.0   1.0
9.09   0.125   0.0   1.0
9.494   0.0   0.0   1.0
9.494   0.03125   0.0   1.0
9.494   0.09375   0.0   1.0
9.494   0.125   0.0   1.0
9.898   0.0   0.0   1.0
9.898   0.03125   0.0   1.0
9.898   0.09375   0.0   1.0
9.898   0.125   0.0   1.0
10.1   0.0   0.0   1.0
10.1   0.03125   0.0   1.0
10.1   0.09375   0.0   1.0
10.1   0.125   0.0   1.0

------------------------------------------------------------------------------------------
Number of control points  - (u, v, t) - PATCH 0
------------------------------------------------------------------------------------------
27 4 0

------------------------------------------------------------------------------------------
Degree (u,v,t) - PATCH 0
------------------------------------------------------------------------------------------
2 2 0

------------------------------------------------------------------------------------------
KNOT VECTOR (u) - PATCH 0
------------------------------------------------------------------------------------------
0.0000000000
0.0000000000
0.0000000000
0.0400000000
0.0800000000
0.1200000000
0.1600000000
0.2000000000
0.2400000000
0.2800000000
0.3200000000
0.3600000000
0.4000000000
0.4400000000
0.4800000000
0.5200000000
0.5600000000
0.6000000000
0.6400000000
0.6800000000
0.7200000000
0.7600000000
0.8000000000
0.8400000000
0.8800000000
0.9200000000
0.9600000000
1.0000000000
1.0000000000
1.0000000000

------------------------------------------------------------------------------------------
KNOT VECTOR (v) - PATCH 0
------------------------------------------------------------------------------------------
0.0000000000000
0.0000000000000
0.0000000000000
0.5
1.0000000000000
1.0000000000000
1.0000000000000

------------------------------------------------------------------------------------------
NUMBER OF NEUMMAN BOUNDARY CONDITION
------------------------------------------------------------------------------------------
0

-----------------------------------------------------------------------------------------
CONTROL POINT INDEX    VALUES (X, Y)
------------------------------------------------------------------------------------------

------------------------------------------------------------------------------------------
NUMBER OF DIRICHELET BOUNDARY CONDITION
------------------------------------------------------------------------------------------
1

------------------------------------------------------------------------------------------
CONTROL POINT INDEX    (0-FREE, 1- DISPLACEMENT) VALUES (X, Y)
------------------------------------------------------------------------------------------
CURVE 3 1 1 0.0 0.0