------------------------------------------------------------------------------------------
NUMBER OF PATCHES        
------------------------------------------------------------------------------------------
1  
  
------------------------------------------------------------------------------------------
NUMBER OF CONTROL POINTS - PATCH 0        
------------------------------------------------------------------------------------------
64  

------------------------------------------------------------------------------------------
INDEX MATERIAL - PATCH 0
------------------------------------------------------------------------------------------
0 

------------------------------------------------------------------------------------------
THICKNESS - PATCH 0        
------------------------------------------------------------------------------------------
1.  
     
------------------------------------------------------------------------------------------
CONTROL POINTS COORDINATES AND WEIGHT (X,Y,Z,W) - PATCH 0
------------------------------------------------------------------------------------------
-6.0   0.0   0.0   1.0
-6.0   0.0   0.0   1.0
-6.0   0.0   0.0   1.0
-6.0   0.0   0.0   1.0
-6.0   0.0   0.0   1.0
-6.0   0.0   0.0   1.0
-6.0   0.0   0.0   1.0
-6.0   0.0   0.0   1.0
-5.8   0.0   0.0   1.0
-5.80444444444   0.0177777777778   0.0   1.0
-5.81333333333   0.0533333333333   0.0   1.0
-5.82666666667   0.106666666667   0.0   1.0
-5.84   0.16   0.0   1.0
-5.85333333333   0.213333333333   0.0   1.0
-5.86222222222   0.248888888889   0.0   1.0
-5.86666666667   0.266666666667   0.0   1.0
-5.4   0.0   0.0   1.0
-5.41333333333   0.0533333333333   0.0   1.0
-5.44   0.16   0.0   1.0
-5.48   0.32   0.0   1.0
-5.52   0.48   0.0   1.0
-5.56   0.64   0.0   1.0
-5.58666666667   0.746666666667   0.0   1.0
-5.6   0.8   0.0   1.0
-4.8   0.0   0.0   1.0
-4.82666666667   0.106666666667   0.0   1.0
-4.88   0.32   0.0   1.0
-4.96   0.64   0.0   1.0
-5.04   0.96   0.0   1.0
-5.12   1.28   0.0   1.0
-5.17333333333   1.49333333333   0.0   1.0
-5.2   1.6   0.0   1.0
-4.2   0.0   0.0   1.0
-4.24   0.16   0.0   1.0
-4.32   0.48   0.0   1.0
-4.44   0.96   0.0   1.0
-4.56   1.44   0.0   1.0
-4.68   1.92   0.0   1.0
-4.76   2.24   0.0   1.0
-4.8   2.4   0.0   1.0
-3.6   0.0   0.0   1.0
-3.65333333333   0.213333333333   0.0   1.0
-3.76   0.64   0.0   1.0
-3.92   1.28   0.0   1.0
-4.08   1.92   0.0   1.0
-4.24   2.56   0.0   1.0
-4.34666666667   2.98666666667   0.0   1.0
-4.4   3.2   0.0   1.0
-3.2   0.0   0.0   1.0
-3.26222222222   0.248888888889   0.0   1.0
-3.38666666667   0.746666666667   0.0   1.0
-3.57333333333   1.49333333333   0.0   1.0
-3.76   2.24   0.0   1.0
-3.94666666667   2.98666666667   0.0   1.0
-4.07111111111   3.48444444444   0.0   1.0
-4.13333333333   3.73333333333   0.0   1.0
-3.0   0.0   0.0   1.0
-3.06666666667   0.266666666667   0.0   1.0
-3.2   0.8   0.0   1.0
-3.4   1.6   0.0   1.0
-3.6   2.4   0.0   1.0
-3.8   3.2   0.0   1.0
-3.93333333333   3.73333333333   0.0   1.0
-4.0   4.0   0.0   1.0

------------------------------------------------------------------------------------------
Number of control points  - (u, v, t) - PATCH 0
------------------------------------------------------------------------------------------
8 8 0

------------------------------------------------------------------------------------------
Degree (u,v,t) - PATCH 0
------------------------------------------------------------------------------------------
3 3 0

------------------------------------------------------------------------------------------
KNOT VECTOR (u) - PATCH 0
------------------------------------------------------------------------------------------
0.0
0.0
0.0
0.0
0.2
0.4
0.6
0.8
1.0
1.0
1.0
1.0

------------------------------------------------------------------------------------------
KNOT VECTOR (v) - PATCH 0
------------------------------------------------------------------------------------------
0.0
0.0
0.0
0.0
0.2
0.4
0.6
0.8
1.0
1.0
1.0
1.0

------------------------------------------------------------------------------------------
NUMBER OF NEUMMAN BOUNDARY CONDITION
------------------------------------------------------------------------------------------
0

-----------------------------------------------------------------------------------------
CONTROL POINT INDEX    VALUES (X, Y)
------------------------------------------------------------------------------------------

------------------------------------------------------------------------------------------
NUMBER OF DIRICHELET BOUNDARY CONDITION
------------------------------------------------------------------------------------------
0

------------------------------------------------------------------------------------------
CONTROL POINT INDEX    (0-FREE, 1- DISPLACEMENT) VALUES (X, Y)
------------------------------------------------------------------------------------------

