------------------------------------------------------------------------------------------
NUMBER OF PATCHES        
------------------------------------------------------------------------------------------
1  
  
------------------------------------------------------------------------------------------
NUMBER OF CONTROL POINTS - PATCH 0        
------------------------------------------------------------------------------------------
400  

------------------------------------------------------------------------------------------
INDEX MATERIAL - PATCH 0
------------------------------------------------------------------------------------------
0 

------------------------------------------------------------------------------------------
THICKNESS - PATCH 0        
------------------------------------------------------------------------------------------
1.  
     
------------------------------------------------------------------------------------------
CONTROL POINTS COORDINATES AND WEIGHT (X,Y,Z,W) - PATCH 0
------------------------------------------------------------------------------------------
0.0   -0.3   0.0   1.0
0.0   -0.3   0.0   1.0
0.0   -0.3   0.0   1.0
0.0   -0.3   0.0   1.0
0.0   -0.3   0.0   1.0
0.0   -0.3   0.0   1.0
0.0   -0.3   0.0   1.0
0.0   -0.3   0.0   1.0
0.0   -0.3   0.0   1.0
0.0   -0.3   0.0   1.0
0.0   -0.3   0.0   1.0
0.0   -0.3   0.0   1.0
0.0   -0.3   0.0   1.0
0.0   -0.3   0.0   1.0
0.0   -0.3   0.0   1.0
0.0   -0.3   0.0   1.0
0.0   -0.3   0.0   1.0
0.0   -0.3   0.0   1.0
0.0   -0.3   0.0   1.0
0.0   -0.3   0.0   1.0
0.0   -0.288235294118   0.0   1.0
0.00115340253749   -0.288350634371   0.0   1.0
0.00346020761246   -0.288581314879   0.0   1.0
0.00692041522491   -0.28892733564   0.0   1.0
0.0103806228374   -0.289273356401   0.0   1.0
0.0138408304498   -0.289619377163   0.0   1.0
0.0173010380623   -0.289965397924   0.0   1.0
0.0207612456747   -0.290311418685   0.0   1.0
0.0242214532872   -0.290657439446   0.0   1.0
0.0276816608997   -0.291003460208   0.0   1.0
0.0311418685121   -0.291349480969   0.0   1.0
0.0346020761246   -0.29169550173   0.0   1.0
0.038062283737   -0.292041522491   0.0   1.0
0.0415224913495   -0.292387543253   0.0   1.0
0.0449826989619   -0.292733564014   0.0   1.0
0.0484429065744   -0.293079584775   0.0   1.0
0.0519031141869   -0.293425605536   0.0   1.0
0.0553633217993   -0.293771626298   0.0   1.0
0.0576701268743   -0.294002306805   0.0   1.0
0.0588235294118   -0.294117647059   0.0   1.0
0.0   -0.264705882353   0.0   1.0
0.00346020761246   -0.265051903114   0.0   1.0
0.0103806228374   -0.265743944637   0.0   1.0
0.0207612456747   -0.26678200692   0.0   1.0
0.0311418685121   -0.267820069204   0.0   1.0
0.0415224913495   -0.268858131488   0.0   1.0
0.0519031141869   -0.269896193772   0.0   1.0
0.0622837370242   -0.270934256055   0.0   1.0
0.0726643598616   -0.271972318339   0.0   1.0
0.083044982699   -0.273010380623   0.0   1.0
0.0934256055363   -0.274048442907   0.0   1.0
0.103806228374   -0.27508650519   0.0   1.0
0.114186851211   -0.276124567474   0.0   1.0
0.124567474048   -0.277162629758   0.0   1.0
0.134948096886   -0.278200692042   0.0   1.0
0.145328719723   -0.279238754325   0.0   1.0
0.155709342561   -0.280276816609   0.0   1.0
0.166089965398   -0.281314878893   0.0   1.0
0.173010380623   -0.282006920415   0.0   1.0
0.176470588235   -0.282352941176   0.0   1.0
0.0   -0.229411764706   0.0   1.0
0.00692041522491   -0.230103806228   0.0   1.0
0.0207612456747   -0.231487889273   0.0   1.0
0.0415224913495   -0.233564013841   0.0   1.0
0.0622837370242   -0.235640138408   0.0   1.0
0.083044982699   -0.237716262976   0.0   1.0
0.103806228374   -0.239792387543   0.0   1.0
0.124567474048   -0.241868512111   0.0   1.0
0.145328719723   -0.243944636678   0.0   1.0
0.166089965398   -0.246020761246   0.0   1.0
0.186851211073   -0.248096885813   0.0   1.0
0.207612456747   -0.250173010381   0.0   1.0
0.228373702422   -0.252249134948   0.0   1.0
0.249134948097   -0.254325259516   0.0   1.0
0.269896193772   -0.256401384083   0.0   1.0
0.290657439446   -0.258477508651   0.0   1.0
0.311418685121   -0.260553633218   0.0   1.0
0.332179930796   -0.262629757785   0.0   1.0
0.346020761246   -0.26401384083   0.0   1.0
0.352941176471   -0.264705882353   0.0   1.0
0.0   -0.194117647059   0.0   1.0
0.0103806228374   -0.195155709343   0.0   1.0
0.0311418685121   -0.19723183391   0.0   1.0
0.0622837370242   -0.200346020761   0.0   1.0
0.0934256055363   -0.203460207612   0.0   1.0
0.124567474048   -0.206574394464   0.0   1.0
0.155709342561   -0.209688581315   0.0   1.0
0.186851211073   -0.212802768166   0.0   1.0
0.217993079585   -0.215916955017   0.0   1.0
0.249134948097   -0.219031141869   0.0   1.0
0.280276816609   -0.22214532872   0.0   1.0
0.311418685121   -0.225259515571   0.0   1.0
0.342560553633   -0.228373702422   0.0   1.0
0.373702422145   -0.231487889273   0.0   1.0
0.404844290657   -0.234602076125   0.0   1.0
0.43598615917   -0.237716262976   0.0   1.0
0.467128027682   -0.240830449827   0.0   1.0
0.498269896194   -0.243944636678   0.0   1.0
0.519031141869   -0.246020761246   0.0   1.0
0.529411764706   -0.247058823529   0.0   1.0
0.0   -0.158823529412   0.0   1.0
0.0138408304498   -0.160207612457   0.0   1.0
0.0415224913495   -0.162975778547   0.0   1.0
0.083044982699   -0.167128027682   0.0   1.0
0.124567474048   -0.171280276817   0.0   1.0
0.166089965398   -0.175432525952   0.0   1.0
0.207612456747   -0.179584775087   0.0   1.0
0.249134948097   -0.183737024221   0.0   1.0
0.290657439446   -0.187889273356   0.0   1.0
0.332179930796   -0.192041522491   0.0   1.0
0.373702422145   -0.196193771626   0.0   1.0
0.415224913495   -0.200346020761   0.0   1.0
0.456747404844   -0.204498269896   0.0   1.0
0.498269896194   -0.208650519031   0.0   1.0
0.539792387543   -0.212802768166   0.0   1.0
0.581314878893   -0.216955017301   0.0   1.0
0.622837370242   -0.221107266436   0.0   1.0
0.664359861592   -0.225259515571   0.0   1.0
0.692041522491   -0.228027681661   0.0   1.0
0.705882352941   -0.229411764706   0.0   1.0
0.0   -0.123529411765   0.0   1.0
0.0173010380623   -0.125259515571   0.0   1.0
0.0519031141869   -0.128719723183   0.0   1.0
0.103806228374   -0.133910034602   0.0   1.0
0.155709342561   -0.139100346021   0.0   1.0
0.207612456747   -0.144290657439   0.0   1.0
0.259515570934   -0.149480968858   0.0   1.0
0.311418685121   -0.154671280277   0.0   1.0
0.363321799308   -0.159861591696   0.0   1.0
0.415224913495   -0.165051903114   0.0   1.0
0.467128027682   -0.170242214533   0.0   1.0
0.519031141869   -0.175432525952   0.0   1.0
0.570934256055   -0.18062283737   0.0   1.0
0.622837370242   -0.185813148789   0.0   1.0
0.674740484429   -0.191003460208   0.0   1.0
0.726643598616   -0.196193771626   0.0   1.0
0.778546712803   -0.201384083045   0.0   1.0
0.83044982699   -0.206574394464   0.0   1.0
0.865051903114   -0.210034602076   0.0   1.0
0.882352941176   -0.211764705882   0.0   1.0
0.0   -0.0882352941176   0.0   1.0
0.0207612456747   -0.0903114186851   0.0   1.0
0.0622837370242   -0.0944636678201   0.0   1.0
0.124567474048   -0.100692041522   0.0   1.0
0.186851211073   -0.106920415225   0.0   1.0
0.249134948097   -0.113148788927   0.0   1.0
0.311418685121   -0.11937716263   0.0   1.0
0.373702422145   -0.125605536332   0.0   1.0
0.43598615917   -0.131833910035   0.0   1.0
0.498269896194   -0.138062283737   0.0   1.0
0.560553633218   -0.144290657439   0.0   1.0
0.622837370242   -0.150519031142   0.0   1.0
0.685121107266   -0.156747404844   0.0   1.0
0.747404844291   -0.162975778547   0.0   1.0
0.809688581315   -0.169204152249   0.0   1.0
0.871972318339   -0.175432525952   0.0   1.0
0.934256055363   -0.181660899654   0.0   1.0
0.996539792388   -0.187889273356   0.0   1.0
1.03806228374   -0.192041522491   0.0   1.0
1.05882352941   -0.194117647059   0.0   1.0
0.0   -0.0529411764706   0.0   1.0
0.0242214532872   -0.0553633217993   0.0   1.0
0.0726643598616   -0.0602076124567   0.0   1.0
0.145328719723   -0.0674740484429   0.0   1.0
0.217993079585   -0.0747404844291   0.0   1.0
0.290657439446   -0.0820069204152   0.0   1.0
0.363321799308   -0.0892733564014   0.0   1.0
0.43598615917   -0.0965397923875   0.0   1.0
0.508650519031   -0.103806228374   0.0   1.0
0.581314878893   -0.11107266436   0.0   1.0
0.653979238754   -0.118339100346   0.0   1.0
0.726643598616   -0.125605536332   0.0   1.0
0.799307958478   -0.132871972318   0.0   1.0
0.871972318339   -0.140138408304   0.0   1.0
0.944636678201   -0.147404844291   0.0   1.0
1.01730103806   -0.154671280277   0.0   1.0
1.08996539792   -0.161937716263   0.0   1.0
1.16262975779   -0.169204152249   0.0   1.0
1.21107266436   -0.174048442907   0.0   1.0
1.23529411765   -0.176470588235   0.0   1.0
0.0   -0.0176470588235   0.0   1.0
0.0276816608997   -0.0204152249135   0.0   1.0
0.083044982699   -0.0259515570934   0.0   1.0
0.166089965398   -0.0342560553633   0.0   1.0
0.249134948097   -0.0425605536332   0.0   1.0
0.332179930796   -0.0508650519031   0.0   1.0
0.415224913495   -0.059169550173   0.0   1.0
0.498269896194   -0.0674740484429   0.0   1.0
0.581314878893   -0.0757785467128   0.0   1.0
0.664359861592   -0.0840830449827   0.0   1.0
0.747404844291   -0.0923875432526   0.0   1.0
0.83044982699   -0.100692041522   0.0   1.0
0.913494809689   -0.108996539792   0.0   1.0
0.996539792388   -0.117301038062   0.0   1.0
1.07958477509   -0.125605536332   0.0   1.0
1.16262975779   -0.133910034602   0.0   1.0
1.24567474048   -0.142214532872   0.0   1.0
1.32871972318   -0.150519031142   0.0   1.0
1.38408304498   -0.156055363322   0.0   1.0
1.41176470588   -0.158823529412   0.0   1.0
0.0   0.0176470588235   0.0   1.0
0.0311418685121   0.0145328719723   0.0   1.0
0.0934256055363   0.0083044982699   0.0   1.0
0.186851211073   -0.00103806228374   0.0   1.0
0.280276816609   -0.0103806228374   0.0   1.0
0.373702422145   -0.019723183391   0.0   1.0
0.467128027682   -0.0290657439446   0.0   1.0
0.560553633218   -0.0384083044983   0.0   1.0
0.653979238754   -0.0477508650519   0.0   1.0
0.747404844291   -0.0570934256055   0.0   1.0
0.840830449827   -0.0664359861592   0.0   1.0
0.934256055363   -0.0757785467128   0.0   1.0
1.0276816609   -0.0851211072664   0.0   1.0
1.12110726644   -0.0944636678201   0.0   1.0
1.21453287197   -0.103806228374   0.0   1.0
1.30795847751   -0.113148788927   0.0   1.0
1.40138408304   -0.122491349481   0.0   1.0
1.49480968858   -0.131833910035   0.0   1.0
1.55709342561   -0.138062283737   0.0   1.0
1.58823529412   -0.141176470588   0.0   1.0
0.0   0.0529411764706   0.0   1.0
0.0346020761246   0.0494809688581   0.0   1.0
0.103806228374   0.0425605536332   0.0   1.0
0.207612456747   0.0321799307958   0.0   1.0
0.311418685121   0.0217993079585   0.0   1.0
0.415224913495   0.0114186851211   0.0   1.0
0.519031141869   0.00103806228374   0.0   1.0
0.622837370242   -0.00934256055363   0.0   1.0
0.726643598616   -0.019723183391   0.0   1.0
0.83044982699   -0.0301038062284   0.0   1.0
0.934256055363   -0.0404844290657   0.0   1.0
1.03806228374   -0.0508650519031   0.0   1.0
1.14186851211   -0.0612456747405   0.0   1.0
1.24567474048   -0.0716262975779   0.0   1.0
1.34948096886   -0.0820069204152   0.0   1.0
1.45328719723   -0.0923875432526   0.0   1.0
1.55709342561   -0.10276816609   0.0   1.0
1.66089965398   -0.113148788927   0.0   1.0
1.73010380623   -0.120069204152   0.0   1.0
1.76470588235   -0.123529411765   0.0   1.0
0.0   0.0882352941176   0.0   1.0
0.038062283737   0.0844290657439   0.0   1.0
0.114186851211   0.0768166089965   0.0   1.0
0.228373702422   0.0653979238754   0.0   1.0
0.342560553633   0.0539792387543   0.0   1.0
0.456747404844   0.0425605536332   0.0   1.0
0.570934256055   0.0311418685121   0.0   1.0
0.685121107266   0.019723183391   0.0   1.0
0.799307958478   0.0083044982699   0.0   1.0
0.913494809689   -0.00311418685121   0.0   1.0
1.0276816609   -0.0145328719723   0.0   1.0
1.14186851211   -0.0259515570934   0.0   1.0
1.25605536332   -0.0373702422145   0.0   1.0
1.37024221453   -0.0487889273356   0.0   1.0
1.48442906574   -0.0602076124567   0.0   1.0
1.59861591696   -0.0716262975779   0.0   1.0
1.71280276817   -0.083044982699   0.0   1.0
1.82698961938   -0.0944636678201   0.0   1.0
1.90311418685   -0.102076124567   0.0   1.0
1.94117647059   -0.105882352941   0.0   1.0
0.0   0.123529411765   0.0   1.0
0.0415224913495   0.11937716263   0.0   1.0
0.124567474048   0.11107266436   0.0   1.0
0.249134948097   0.098615916955   0.0   1.0
0.373702422145   0.0861591695502   0.0   1.0
0.498269896194   0.0737024221453   0.0   1.0
0.622837370242   0.0612456747405   0.0   1.0
0.747404844291   0.0487889273356   0.0   1.0
0.871972318339   0.0363321799308   0.0   1.0
0.996539792388   0.023875432526   0.0   1.0
1.12110726644   0.0114186851211   0.0   1.0
1.24567474048   -0.00103806228374   0.0   1.0
1.37024221453   -0.0134948096886   0.0   1.0
1.49480968858   -0.0259515570934   0.0   1.0
1.61937716263   -0.0384083044983   0.0   1.0
1.74394463668   -0.0508650519031   0.0   1.0
1.86851211073   -0.063321799308   0.0   1.0
1.99307958478   -0.0757785467128   0.0   1.0
2.07612456747   -0.0840830449827   0.0   1.0
2.11764705882   -0.0882352941176   0.0   1.0
0.0   0.158823529412   0.0   1.0
0.0449826989619   0.154325259516   0.0   1.0
0.134948096886   0.145328719723   0.0   1.0
0.269896193772   0.131833910035   0.0   1.0
0.404844290657   0.118339100346   0.0   1.0
0.539792387543   0.104844290657   0.0   1.0
0.674740484429   0.0913494809689   0.0   1.0
0.809688581315   0.0778546712803   0.0   1.0
0.944636678201   0.0643598615917   0.0   1.0
1.07958477509   0.0508650519031   0.0   1.0
1.21453287197   0.0373702422145   0.0   1.0
1.34948096886   0.023875432526   0.0   1.0
1.48442906574   0.0103806228374   0.0   1.0
1.61937716263   -0.00311418685121   0.0   1.0
1.75432525952   -0.0166089965398   0.0   1.0
1.88927335640   -0.0301038062284   0.0   1.0
2.02422145329   -0.043598615917   0.0   1.0
2.15916955017   -0.0570934256055   0.0   1.0
2.24913494810   -0.0660899653979   0.0   1.0
2.29411764706   -0.0705882352941   0.0   1.0
0.0   0.194117647059   0.0   1.0
0.0484429065744   0.189273356401   0.0   1.0
0.145328719723   0.179584775087   0.0   1.0
0.290657439446   0.165051903114   0.0   1.0
0.43598615917   0.150519031142   0.0   1.0
0.581314878893   0.13598615917   0.0   1.0
0.726643598616   0.121453287197   0.0   1.0
0.871972318339   0.106920415225   0.0   1.0
1.01730103806   0.0923875432526   0.0   1.0
1.16262975779   0.0778546712803   0.0   1.0
1.30795847751   0.063321799308   0.0   1.0
1.45328719723   0.0487889273356   0.0   1.0
1.59861591696   0.0342560553633   0.0   1.0
1.74394463668   0.019723183391   0.0   1.0
1.88927335640   0.00519031141869   0.0   1.0
2.03460207612   -0.00934256055363   0.0   1.0
2.17993079585   -0.023875432526   0.0   1.0
2.32525951557   -0.0384083044983   0.0   1.0
2.42214532872   -0.0480968858131   0.0   1.0
2.47058823529   -0.0529411764706   0.0   1.0
0.0   0.229411764706   0.0   1.0
0.0519031141869   0.224221453287   0.0   1.0
0.155709342561   0.21384083045   0.0   1.0
0.311418685121   0.198269896194   0.0   1.0
0.467128027682   0.182698961938   0.0   1.0
0.622837370242   0.167128027682   0.0   1.0
0.778546712803   0.151557093426   0.0   1.0
0.934256055363   0.13598615917   0.0   1.0
1.08996539792   0.120415224913   0.0   1.0
1.24567474048   0.104844290657   0.0   1.0
1.40138408304   0.0892733564014   0.0   1.0
1.55709342561   0.0737024221453   0.0   1.0
1.71280276817   0.0581314878893   0.0   1.0
1.86851211073   0.0425605536332   0.0   1.0
2.02422145329   0.0269896193772   0.0   1.0
2.17993079585   0.0114186851211   0.0   1.0
2.33564013841   -0.00415224913495   0.0   1.0
2.49134948097   -0.019723183391   0.0   1.0
2.59515570934   -0.0301038062284   0.0   1.0
2.64705882353   -0.0352941176471   0.0   1.0
0.0   0.264705882353   0.0   1.0
0.0553633217993   0.259169550173   0.0   1.0
0.166089965398   0.248096885813   0.0   1.0
0.332179930796   0.231487889273   0.0   1.0
0.498269896194   0.214878892734   0.0   1.0
0.664359861592   0.198269896194   0.0   1.0
0.83044982699   0.181660899654   0.0   1.0
0.996539792388   0.165051903114   0.0   1.0
1.16262975779   0.148442906574   0.0   1.0
1.32871972318   0.131833910035   0.0   1.0
1.49480968858   0.115224913495   0.0   1.0
1.66089965398   0.098615916955   0.0   1.0
1.82698961938   0.0820069204152   0.0   1.0
1.99307958478   0.0653979238754   0.0   1.0
2.15916955017   0.0487889273356   0.0   1.0
2.32525951557   0.0321799307958   0.0   1.0
2.49134948097   0.0155709342561   0.0   1.0
2.65743944637   -0.00103806228374   0.0   1.0
2.76816608997   -0.0121107266436   0.0   1.0
2.82352941176   -0.0176470588235   0.0   1.0
0.0   0.288235294118   0.0   1.0
0.0576701268743   0.28246828143   0.0   1.0
0.173010380623   0.270934256055   0.0   1.0
0.346020761246   0.253633217993   0.0   1.0
0.519031141869   0.236332179931   0.0   1.0
0.692041522491   0.219031141869   0.0   1.0
0.865051903114   0.201730103806   0.0   1.0
1.03806228374   0.184429065744   0.0   1.0
1.21107266436   0.167128027682   0.0   1.0
1.38408304498   0.149826989619   0.0   1.0
1.55709342561   0.132525951557   0.0   1.0
1.73010380623   0.115224913495   0.0   1.0
1.90311418685   0.0979238754325   0.0   1.0
2.07612456747   0.0806228373702   0.0   1.0
2.24913494810   0.063321799308   0.0   1.0
2.42214532872   0.0460207612457   0.0   1.0
2.59515570934   0.0287197231834   0.0   1.0
2.76816608997   0.0114186851211   0.0   1.0
2.88350634371   -0.000115340253749   0.0   1.0
2.94117647059   -0.00588235294118   0.0   1.0
0.0   0.3   0.0   1.0
0.0588235294118   0.294117647059   0.0   1.0
0.176470588235   0.282352941176   0.0   1.0
0.352941176471   0.264705882353   0.0   1.0
0.529411764706   0.247058823529   0.0   1.0
0.705882352941   0.229411764706   0.0   1.0
0.882352941176   0.211764705882   0.0   1.0
1.05882352941   0.194117647059   0.0   1.0
1.23529411765   0.176470588235   0.0   1.0
1.41176470588   0.158823529412   0.0   1.0
1.58823529412   0.141176470588   0.0   1.0
1.76470588235   0.123529411765   0.0   1.0
1.94117647059   0.105882352941   0.0   1.0
2.11764705882   0.0882352941176   0.0   1.0
2.29411764706   0.0705882352941   0.0   1.0
2.47058823529   0.0529411764706   0.0   1.0
2.64705882353   0.0352941176471   0.0   1.0
2.82352941176   0.0176470588235   0.0   1.0
2.94117647059   0.00588235294118   0.0   1.0
3.0   0.0   0.0   1.0

------------------------------------------------------------------------------------------
Number of control points  - (u, v, t) - PATCH 0
------------------------------------------------------------------------------------------
20 20 0

------------------------------------------------------------------------------------------
Degree (u,v,t) - PATCH 0
------------------------------------------------------------------------------------------
3 3 0

------------------------------------------------------------------------------------------
KNOT VECTOR (u) - PATCH 0
------------------------------------------------------------------------------------------
0.000000000000000
0.000000000000000
0.000000000000000
0.000000000000000
0.058823529411765
0.117647058823529
0.176470588235294
0.235294117647059
0.294117647058823
0.352941176470588
0.411764705882353
0.470588235294118
0.529411764705882
0.588235294117647
0.647058823529412
0.705882352941176
0.764705882352941
0.823529411764706
0.882352941176471
0.941176470588235
1.000000000000000
1.000000000000000
1.000000000000000
1.000000000000000

------------------------------------------------------------------------------------------
KNOT VECTOR (v) - PATCH 0
------------------------------------------------------------------------------------------
0.000000000000000
0.000000000000000
0.000000000000000
0.000000000000000
0.058823529411765
0.117647058823529
0.176470588235294
0.235294117647059
0.294117647058823
0.352941176470588
0.411764705882353
0.470588235294118
0.529411764705882
0.588235294117647
0.647058823529412
0.705882352941176
0.764705882352941
0.823529411764706
0.882352941176471
0.941176470588235
1.000000000000000
1.000000000000000
1.000000000000000
1.000000000000000

------------------------------------------------------------------------------------------
NUMBER OF NEUMMAN BOUNDARY CONDITION
------------------------------------------------------------------------------------------
1

-----------------------------------------------------------------------------------------
CONTROL POINT INDEX    VALUES (X, Y)
------------------------------------------------------------------------------------------
399 0.0 -150000.0

------------------------------------------------------------------------------------------
NUMBER OF DIRICHELET BOUNDARY CONDITION
------------------------------------------------------------------------------------------
0

------------------------------------------------------------------------------------------
CONTROL POINT INDEX    (0-FREE, 1- DISPLACEMENT) VALUES (X, Y)
------------------------------------------------------------------------------------------

