------------------------------------------------------------------------------------------
NUMBER OF PATCHES        
------------------------------------------------------------------------------------------
4  
  
------------------------------------------------------------------------------------------
NUMBER OF CONTROL POINTS - PATCH 0        
------------------------------------------------------------------------------------------
400  

------------------------------------------------------------------------------------------
INDEX MATERIAL - PATCH 0
------------------------------------------------------------------------------------------
0 

------------------------------------------------------------------------------------------
THICKNESS - PATCH 0        
------------------------------------------------------------------------------------------
1.  
     
------------------------------------------------------------------------------------------
CONTROL POINTS COORDINATES AND WEIGHT (X,Y,Z,W) - PATCH 0
------------------------------------------------------------------------------------------
0.0   0.0   0.0   1.0
0.0   0.302318643841   0.0   1.0
0.0   0.898304734705   0.0   1.0
0.0   1.78480308529   0.0   1.0
0.0   2.66734981576   0.0   1.0
0.0   3.54786831378   0.0   1.0
0.0   4.42722878971   0.0   1.0
0.0   5.30558421971   0.0   1.0
0.0   6.18312112755   0.0   1.0
0.0   7.06111878549   0.0   1.0
0.0   7.93886559115   0.0   1.0
0.0   8.81653628494   0.0   1.0
0.0   9.69453539647   0.0   1.0
0.0   10.5728593670   0.0   1.0
0.0   11.4520989503   0.0   1.0
0.0   12.3326213481   0.0   1.0
0.0   13.2151573067   0.0   1.0
0.0   14.101601492   0.0   1.0
0.0   14.6976581435   0.0   1.0
0.0   15.0   0.0   1.0
0.143423611659   0.119743644323   0.0   1.0
0.14269209193   0.417012638725   0.0   1.0
0.141530894539   1.00326882337   0.0   1.0
0.140264654736   1.87549911715   0.0   1.0
0.139306607232   2.74394908938   0.0   1.0
0.1385751156   3.61045952698   0.0   1.0
0.138025576515   4.47586295989   0.0   1.0
0.137630706156   5.34030427862   0.0   1.0
0.13737474278   6.20396135627   0.0   1.0
0.137249699679   7.06806231997   0.0   1.0
0.137249650606   7.93192264435   0.0   1.0
0.13737517772   8.79570946212   0.0   1.0
0.137630487456   9.65981062600   0.0   1.0
0.138025353425   10.5242217197   0.0   1.0
0.138575164434   11.3895089947   0.0   1.0
0.139306789005   12.2560231724   0.0   1.0
0.140264838971   13.1244628014   0.0   1.0
0.141531787334   13.9966410024   0.0   1.0
0.14269242075   14.5829650232   0.0   1.0
0.143423611659   14.8802563557   0.0   1.0
0.430270834978   0.35923093297   0.0   1.0
0.42807627579   0.646400628492   0.0   1.0
0.424592683617   1.21319700069   0.0   1.0
0.420793964207   2.05689118086   0.0   1.0
0.417919821696   2.89714763661   0.0   1.0
0.415725346801   3.73564195337   0.0   1.0
0.414076729545   4.57313130025   0.0   1.0
0.412892118469   5.40974439643   0.0   1.0
0.412124228339   6.24564181369   0.0   1.0
0.411749099037   7.08194938894   0.0   1.0
0.411748951819   7.91803675074   0.0   1.0
0.412125533161   8.75405581648   0.0   1.0
0.412891462367   9.59036108508   0.0   1.0
0.414076060275   10.4269464250   0.0   1.0
0.415725493302   11.2643290833   0.0   1.0
0.417920367014   12.1028268210   0.0   1.0
0.420794516912   12.9430737908   0.0   1.0
0.424595362003   13.7867200232   0.0   1.0
0.428077262249   14.3535787826   0.0   1.0
0.430270834978   14.6407690670   0.0   1.0
0.860541669956   0.718461865941   0.0   1.0
0.85615255158   0.990482613143   0.0   1.0
0.849185367233   1.52808926668   0.0   1.0
0.841587928415   2.32897927642   0.0   1.0
0.835839643392   3.12694545747   0.0   1.0
0.831450693603   3.92341559297   0.0   1.0
0.82815345909   4.71903381080   0.0   1.0
0.825784236937   5.51390457314   0.0   1.0
0.824248456677   6.30816249983   0.0   1.0
0.823498198074   7.10277999238   0.0   1.0
0.823497903638   7.89720791034   0.0   1.0
0.824251066322   8.69157534802   0.0   1.0
0.825782924734   9.4861867737   0.0   1.0
0.82815212055   10.2810334830   0.0   1.0
0.831450986605   11.0765592164   0.0   1.0
0.835840734029   11.8730322939   0.0   1.0
0.841589033824   12.6709902750   0.0   1.0
0.849190724006   13.4718385544   0.0   1.0
0.856154524499   14.0094994217   0.0   1.0
0.860541669956   14.2815381341   0.0   1.0
1.29081250493   1.07769279891   0.0   1.0
1.28422882737   1.33456459779   0.0   1.0
1.27377805085   1.84298153266   0.0   1.0
1.26238189262   2.60106737198   0.0   1.0
1.25375946509   3.35674327833   0.0   1.0
1.24717604040   4.11118923257   0.0   1.0
1.24223018863   4.86493632134   0.0   1.0
1.23867635541   5.61806474985   0.0   1.0
1.23637268502   6.37068318597   0.0   1.0
1.23524729711   7.12361059583   0.0   1.0
1.23524685546   7.87637906993   0.0   1.0
1.23637659948   8.62909487956   0.0   1.0
1.23867438710   9.38201246232   0.0   1.0
1.24222818082   10.1351205410   0.0   1.0
1.24717647991   10.8887893494   0.0   1.0
1.25376110104   11.6432377669   0.0   1.0
1.26238355074   12.3989067591   0.0   1.0
1.27378608601   13.1569570855   0.0   1.0
1.28423178675   13.6654200608   0.0   1.0
1.29081250493   13.9223072011   0.0   1.0
1.72108333991   1.43692373188   0.0   1.0
1.71230510316   1.67864658244   0.0   1.0
1.69837073447   2.15787379865   0.0   1.0
1.68317585683   2.87315546754   0.0   1.0
1.67167928678   3.58654109918   0.0   1.0
1.66290138721   4.29896287217   0.0   1.0
1.65630691818   5.01083883189   0.0   1.0
1.65156847387   5.72222492656   0.0   1.0
1.64849691335   6.43320387211   0.0   1.0
1.64699639615   7.14444119928   0.0   1.0
1.64699580728   7.85555022953   0.0   1.0
1.64850213264   8.56661441109   0.0   1.0
1.65156584947   9.27783815093   0.0   1.0
1.65630424110   9.989207599   0.0   1.0
1.66290197321   10.7010194824   0.0   1.0
1.67168146806   11.4134432398   0.0   1.0
1.68317806765   12.1268232432   0.0   1.0
1.69838144801   12.8420756167   0.0   1.0
1.71230904900   13.3213406998   0.0   1.0
1.72108333991   13.5630762681   0.0   1.0
2.15135417489   1.79615466485   0.0   1.0
2.14038137895   2.02272856709   0.0   1.0
2.12296341808   2.47276606464   0.0   1.0
2.10396982104   3.14524356310   0.0   1.0
2.08959910848   3.81633892004   0.0   1.0
2.07862673401   4.48673651177   0.0   1.0
2.07038364772   5.15674134243   0.0   1.0
2.06446059234   5.82638510327   0.0   1.0
2.06062114169   6.49572455825   0.0   1.0
2.05874549519   7.16527180272   0.0   1.0
2.05874475909   7.83472138912   0.0   1.0
2.06062766580   8.50413394263   0.0   1.0
2.06445731183   9.17366383955   0.0   1.0
2.07038030137   9.84329465699   0.0   1.0
2.07862746651   10.5132496155   0.0   1.0
2.08960183507   11.1836487128   0.0   1.0
2.10397258456   11.8547397273   0.0   1.0
2.12297681002   12.5271941479   0.0   1.0
2.14038631125   12.9772613389   0.0   1.0
2.15135417489   13.2038453351   0.0   1.0
2.58162500987   2.15538559782   0.0   1.0
2.56845765474   2.36681055175   0.0   1.0
2.54755610170   2.78765833062   0.0   1.0
2.52476378524   3.41733165867   0.0   1.0
2.50751893018   4.04613674089   0.0   1.0
2.49435208081   4.67451015137   0.0   1.0
2.48446037727   5.30264385297   0.0   1.0
2.47735271081   5.93054527998   0.0   1.0
2.47274537003   6.55824524439   0.0   1.0
2.47049459422   7.18610240617   0.0   1.0
2.47049371091   7.81389254871   0.0   1.0
2.47275319896   8.44165347417   0.0   1.0
2.47734877420   9.06948952817   0.0   1.0
2.48445636165   9.69738171498   0.0   1.0
2.49435295981   10.3254797485   0.0   1.0
2.50752220209   10.9538541857   0.0   1.0
2.52476710147   11.5826562115   0.0   1.0
2.54757217202   12.2123126791   0.0   1.0
2.56846357350   12.6331819780   0.0   1.0
2.58162500987   12.8446144022   0.0   1.0
3.01189584485   2.51461653079   0.0   1.0
2.99653393053   2.71089253640   0.0   1.0
2.97214878532   3.10255059661   0.0   1.0
2.94555774945   3.68941975423   0.0   1.0
2.92543875187   4.27593456175   0.0   1.0
2.91007742761   4.86228379096   0.0   1.0
2.89853710681   5.44854636352   0.0   1.0
2.89024482928   6.03470545670   0.0   1.0
2.88486959837   6.62076593053   0.0   1.0
2.88224369326   7.20693300961   0.0   1.0
2.88224266273   7.79306370831   0.0   1.0
2.88487873213   8.37917300571   0.0   1.0
2.89024023657   8.96531521679   0.0   1.0
2.89853242192   9.55146877296   0.0   1.0
2.91007845312   10.1377098815   0.0   1.0
2.9254425691   10.7240596587   0.0   1.0
2.94556161838   11.3105726956   0.0   1.0
2.97216753402   11.8974312102   0.0   1.0
2.99654083574   12.2891026171   0.0   1.0
3.01189584485   12.4853834692   0.0   1.0
3.44216667983   2.87384746376   0.0   1.0
3.42461020632   3.05497452105   0.0   1.0
3.39674146893   3.41744286260   0.0   1.0
3.36635171366   3.96150784979   0.0   1.0
3.34335857357   4.50573238261   0.0   1.0
3.32580277441   5.05005743056   0.0   1.0
3.31261383636   5.59444887406   0.0   1.0
3.30313694775   6.13886563341   0.0   1.0
3.29699382671   6.68328661667   0.0   1.0
3.29399279230   7.22776361306   0.0   1.0
3.29399161455   7.7722348679   0.0   1.0
3.29700426529   8.31669253725   0.0   1.0
3.30313169894   8.86114090540   0.0   1.0
3.31260848220   9.40555583095   0.0   1.0
3.32580394642   9.94994001453   0.0   1.0
3.34336293611   10.4942651316   0.0   1.0
3.36635613530   11.0384891797   0.0   1.0
3.39676289602   11.5825497414   0.0   1.0
3.42461809799   11.9450232561   0.0   1.0
3.44216667983   12.1261525362   0.0   1.0
3.87243751480   3.23307839673   0.0   1.0
3.85268648211   3.39905650570   0.0   1.0
3.82133415255   3.73233512858   0.0   1.0
3.78714567787   4.23359594535   0.0   1.0
3.76127839526   4.73553020346   0.0   1.0
3.74152812121   5.23783107016   0.0   1.0
3.72669056590   5.74035138461   0.0   1.0
3.71602906622   6.24302581012   0.0   1.0
3.70911805505   6.74580730281   0.0   1.0
3.70574189133   7.24859421651   0.0   1.0
3.70574056637   7.75140602749   0.0   1.0
3.70912979845   8.25421206879   0.0   1.0
3.71602316130   8.75696659402   0.0   1.0
3.72668454247   9.25964288894   0.0   1.0
3.74152943972   9.76217014756   0.0   1.0
3.76128330313   10.2644706046   0.0   1.0
3.78715065221   10.7664056639   0.0   1.0
3.82135825803   11.2676682726   0.0   1.0
3.85269536024   11.6009438952   0.0   1.0
3.87243751480   11.7669216033   0.0   1.0
4.30270834978   3.59230932970   0.0   1.0
4.2807627579   3.74313849035   0.0   1.0
4.24592683617   4.04722739457   0.0   1.0
4.20793964207   4.50568404092   0.0   1.0
4.17919821696   4.96532802432   0.0   1.0
4.15725346801   5.42560470976   0.0   1.0
4.14076729545   5.88625389515   0.0   1.0
4.12892118469   6.34718598683   0.0   1.0
4.12124228339   6.80832798895   0.0   1.0
4.11749099037   7.26942481995   0.0   1.0
4.11748951819   7.73057718709   0.0   1.0
4.12125533161   8.19173160032   0.0   1.0
4.12891462367   8.65279228264   0.0   1.0
4.14076060275   9.11372994693   0.0   1.0
4.15725493302   9.57440028059   0.0   1.0
4.17920367014   10.0346760775   0.0   1.0
4.20794516912   10.4943221480   0.0   1.0
4.24595362003   10.9527868038   0.0   1.0
4.28077262249   11.2568645343   0.0   1.0
4.30270834978   11.4076906703   0.0   1.0
4.73297918476   3.95154026267   0.0   1.0
4.70883903369   4.087220475   0.0   1.0
4.67051951978   4.36211966056   0.0   1.0
4.62873360628   4.77777213648   0.0   1.0
4.59711803865   5.19512584517   0.0   1.0
4.57297881481   5.61337834936   0.0   1.0
4.55484402499   6.03215640570   0.0   1.0
4.54181330315   6.45134616354   0.0   1.0
4.53336651172   6.87084867508   0.0   1.0
4.52924008941   7.29025542340   0.0   1.0
4.52923847001   7.70974834668   0.0   1.0
4.53338086477   8.12925113186   0.0   1.0
4.54180608604   8.54861797125   0.0   1.0
4.55483666302   8.96781700492   0.0   1.0
4.57298042633   9.38663041362   0.0   1.0
4.59712403716   9.80488155046   0.0   1.0
4.62873968603   10.2222386321   0.0   1.0
4.67054898203   10.6379053349   0.0   1.0
4.70884988474   10.9127851734   0.0   1.0
4.73297918476   11.0484597373   0.0   1.0
5.16325001974   4.31077119564   0.0   1.0
5.13691530948   4.43130245965   0.0   1.0
5.09511220340   4.67701192655   0.0   1.0
5.04952757049   5.04986023204   0.0   1.0
5.01503786035   5.42492366603   0.0   1.0
4.98870416162   5.80115198896   0.0   1.0
4.96892075454   6.17805891624   0.0   1.0
4.95470542162   6.55550634025   0.0   1.0
4.94549074006   6.93336936122   0.0   1.0
4.94098918845   7.31108602684   0.0   1.0
4.94098742183   7.68891950627   0.0   1.0
4.94550639793   8.06677066340   0.0   1.0
4.95469754840   8.44444365987   0.0   1.0
4.96891272330   8.82190406291   0.0   1.0
4.98870591963   9.19886054664   0.0   1.0
5.01504440417   9.57508702340   0.0   1.0
5.04953420294   9.95015511627   0.0   1.0
5.09514434404   10.3230238661   0.0   1.0
5.13692714699   10.5687058124   0.0   1.0
5.16325001974   10.6892288044   0.0   1.0
5.59352085472   4.67000212861   0.0   1.0
5.56499158527   4.77538444430   0.0   1.0
5.51970488701   4.99190419253   0.0   1.0
5.47032153470   5.32194832760   0.0   1.0
5.43295768205   5.65472148689   0.0   1.0
5.40442950842   5.98892562855   0.0   1.0
5.38299748408   6.32396142678   0.0   1.0
5.36759754009   6.65966651697   0.0   1.0
5.35761496840   6.99589004736   0.0   1.0
5.35273828748   7.33191663029   0.0   1.0
5.35273637365   7.66809066587   0.0   1.0
5.35763193109   8.00429019494   0.0   1.0
5.36758901077   8.34026934849   0.0   1.0
5.38298878357   8.67599112089   0.0   1.0
5.40443141293   9.01109067967   0.0   1.0
5.43296477119   9.34529249635   0.0   1.0
5.47032871986   9.67807160040   0.0   1.0
5.51973970604   10.0081423973   0.0   1.0
5.56500440924   10.2246264515   0.0   1.0
5.59352085472   10.3299978714   0.0   1.0
6.02379168969   5.02923306158   0.0   1.0
5.99306786106   5.11946642895   0.0   1.0
5.94429757063   5.30679645852   0.0   1.0
5.89111549890   5.59403642317   0.0   1.0
5.85087750374   5.88451930774   0.0   1.0
5.82015485522   6.17669926815   0.0   1.0
5.79707421363   6.46986393733   0.0   1.0
5.78048965856   6.76382669368   0.0   1.0
5.76973919674   7.05841073350   0.0   1.0
5.76448738652   7.35274723373   0.0   1.0
5.76448532546   7.64726182546   0.0   1.0
5.76975746425   7.94180972648   0.0   1.0
5.78048047314   8.23609503711   0.0   1.0
5.79706484385   8.53007817888   0.0   1.0
5.82015690623   8.82332081270   0.0   1.0
5.8508851382   9.11549796929   0.0   1.0
5.89112323677   9.40598808453   0.0   1.0
5.94433506804   9.69326092848   0.0   1.0
5.99308167149   9.88054709060   0.0   1.0
6.02379168969   9.97076693842   0.0   1.0
6.45406252467   5.38846399455   0.0   1.0
6.42114413685   5.46354841360   0.0   1.0
6.36889025425   5.62168872451   0.0   1.0
6.31190946311   5.86612451873   0.0   1.0
6.26879732544   6.11431712860   0.0   1.0
6.23588020202   6.36447290775   0.0   1.0
6.21115094317   6.61576644787   0.0   1.0
6.19338177703   6.86798687039   0.0   1.0
6.18186342508   7.12093141964   0.0   1.0
6.17623648556   7.37357783718   0.0   1.0
6.17623427728   7.62643298506   0.0   1.0
6.18188299741   7.87932925802   0.0   1.0
6.19337193550   8.13192072572   0.0   1.0
6.21114090412   8.38416523687   0.0   1.0
6.23588239954   8.63555094573   0.0   1.0
6.26880550521   8.88570344224   0.0   1.0
6.31191775368   9.13390456866   0.0   1.0
6.36893043005   9.37837945966   0.0   1.0
6.42115893374   9.53646772967   0.0   1.0
6.45406252467   9.61153600545   0.0   1.0
6.88433335965   5.74769492753   0.0   1.0
6.84922041264   5.80763039825   0.0   1.0
6.79348293786   5.93658099049   0.0   1.0
6.73270342732   6.13821261429   0.0   1.0
6.68671714713   6.34411494946   0.0   1.0
6.65160554882   6.55224654735   0.0   1.0
6.62522767272   6.76166895842   0.0   1.0
6.60627389550   6.97214704710   0.0   1.0
6.59398765342   7.18345210578   0.0   1.0
6.58798558459   7.39440844063   0.0   1.0
6.58798322910   7.60560414465   0.0   1.0
6.59400853057   7.81684878956   0.0   1.0
6.60626339787   8.02774641434   0.0   1.0
6.62521696440   8.23825229486   0.0   1.0
6.65160789284   8.44778107875   0.0   1.0
6.68672587223   8.65590891518   0.0   1.0
6.73271227059   8.86182105279   0.0   1.0
6.79352579205   9.06349799083   0.0   1.0
6.84923619599   9.19238836875   0.0   1.0
6.88433335965   9.25230507247   0.0   1.0
7.17118058297   5.98718221617   0.0   1.0
7.1346045965   6.03701838802   0.0   1.0
7.07654472694   6.14650916782   0.0   1.0
7.01323273679   6.31960467800   0.0   1.0
6.96533036160   6.49731349669   0.0   1.0
6.92875578002   6.67742897375   0.0   1.0
6.90127882575   6.85893729878   0.0   1.0
6.88153530781   7.04158716491   0.0   1.0
6.86873713898   7.22513256321   0.0   1.0
6.86248498395   7.40829550959   0.0   1.0
6.86248253032   7.59171825105   0.0   1.0
6.86875888601   7.77519514391   0.0   1.0
6.88152437278   7.95829687342   0.0   1.0
6.90126767125   8.14097700018   0.0   1.0
6.92875822171   8.32260116744   0.0   1.0
6.96533945024   8.50271256381   0.0   1.0
7.01324194853   8.68043204221   0.0   1.0
7.07658936672   8.85357701162   0.0   1.0
7.13462103749   8.96300212813   0.0   1.0
7.17118058297   9.01281778383   0.0   1.0
7.31460419463   6.10692586050   0.0   1.0
7.27729668843   6.15171238290   0.0   1.0
7.21807562148   6.25147325648   0.0   1.0
7.15349739152   6.41030070985   0.0   1.0
7.10463696883   6.57391277031   0.0   1.0
7.06733089562   6.74002018695   0.0   1.0
7.03930440226   6.90757146896   0.0   1.0
7.01916601397   7.07630722381   0.0   1.0
7.00611188176   7.24597279192   0.0   1.0
6.99973468363   7.41523904407   0.0   1.0
6.99973218092   7.58477530424   0.0   1.0
7.00613406373   7.75436832109   0.0   1.0
7.01915486024   7.92357210296   0.0   1.0
7.03929302467   8.09233935285   0.0   1.0
7.06733338614   8.26001121178   0.0   1.0
7.10464623924   8.42611438813   0.0   1.0
7.15350678750   8.58973753692   0.0   1.0
7.21812115405   8.74861652201   0.0   1.0
7.27731345824   8.84830900782   0.0   1.0
7.31460419463   8.89307413950   0.0   1.0

------------------------------------------------------------------------------------------
Number of control points  - (u, v, t) - PATCH 0
------------------------------------------------------------------------------------------
20 20 0

------------------------------------------------------------------------------------------
Degree (u,v,t) - PATCH 0
------------------------------------------------------------------------------------------
3 3 0

------------------------------------------------------------------------------------------
KNOT VECTOR (u) - PATCH 0
------------------------------------------------------------------------------------------
0.000000000000000
0.000000000000000
0.000000000000000
0.000000000000000
0.058823529411765
0.117647058823529
0.176470588235294
0.235294117647059
0.294117647058823
0.352941176470588
0.411764705882353
0.470588235294118
0.529411764705882
0.588235294117647
0.647058823529412
0.705882352941176
0.764705882352941
0.823529411764706
0.882352941176471
0.941176470588235
1.000000000000000
1.000000000000000
1.000000000000000
1.000000000000000

------------------------------------------------------------------------------------------
KNOT VECTOR (v) - PATCH 0
------------------------------------------------------------------------------------------
0.000000000000000
0.000000000000000
0.000000000000000
0.000000000000000
0.058823529411765
0.117647058823529
0.176470588235294
0.235294117647059
0.294117647058823
0.352941176470588
0.411764705882353
0.470588235294118
0.529411764705882
0.588235294117647
0.647058823529412
0.705882352941176
0.764705882352941
0.823529411764706
0.882352941176471
0.941176470588235
1.000000000000000
1.000000000000000
1.000000000000000
1.000000000000000

------------------------------------------------------------------------------------------
NUMBER OF NEUMMAN BOUNDARY CONDITION - PATCH 0
------------------------------------------------------------------------------------------
0

------------------------------------------------------------------------------------------
CONTROL POINT INDEX    VALUES (X, Y) - PATCH 0
------------------------------------------------------------------------------------------

------------------------------------------------------------------------------------------
NUMBER OF DIRICHELET BOUNDARY CONDITION - PATCH 0
------------------------------------------------------------------------------------------
20

------------------------------------------------------------------------------------------
CONTROL POINT INDEX    (0-FREE, 1- DISPLACEMENT) VALUES (X, Y) - PATCH 0
------------------------------------------------------------------------------------------
0	1	1	0.00	0.00
20	1	0	0.00	0.00
40	1	0	0.00	0.00
60	1	0	0.00	0.00
80	1	0	0.00	0.00
100	1	0	0.00	0.00
120	1	0	0.00	0.00
140	1	0	0.00	0.00
160	1	0	0.00	0.00
180	1	0	0.00	0.00
200	1	0	0.00	0.00
220	1	0	0.00	0.00
240	1	0	0.00	0.00
260	1	0	0.00	0.00
280	1	0	0.00	0.00
300	1	0	0.00	0.00
320	1	0	0.00	0.00
340	1	0	0.00	0.00
360	1	0	0.00	0.00
380	1	0	0.00	0.00

------------------------------------------------------------------------------------------
NUMBER OF CONTROL POINTS - PATCH 1        
------------------------------------------------------------------------------------------
400  

------------------------------------------------------------------------------------------
INDEX MATERIAL - PATCH 1
------------------------------------------------------------------------------------------
0 

------------------------------------------------------------------------------------------
THICKNESS - PATCH 1   
------------------------------------------------------------------------------------------
1.  
     
------------------------------------------------------------------------------------------
CONTROL POINTS COORDINATES AND WEIGHT (X,Y,Z,W) - PATCH 1
------------------------------------------------------------------------------------------
7.31460419463   8.89307413950   0.0   1.0
7.17118058297   9.01281778383   0.0   1.0
6.88433335965   9.25230507247   0.0   1.0
6.45406252467   9.61153600545   0.0   1.0
6.02379168969   9.97076693842   0.0   1.0
5.59352085472   10.3299978714   0.0   1.0
5.16325001974   10.6892288044   0.0   1.0
4.73297918476   11.0484597373   0.0   1.0
4.30270834978   11.4076906703   0.0   1.0
3.87243751480   11.7669216033   0.0   1.0
3.44216667983   12.1261525362   0.0   1.0
3.01189584485   12.4853834692   0.0   1.0
2.58162500987   12.8446144022   0.0   1.0
2.15135417489   13.2038453351   0.0   1.0
1.72108333991   13.5630762681   0.0   1.0
1.29081250493   13.9223072011   0.0   1.0
0.860541669956   14.2815381341   0.0   1.0
0.430270834978   14.6407690670   0.0   1.0
0.143423611659   14.8802563557   0.0   1.0
0.0   15.0   0.0   1.0
7.32014320232   8.89970852297   0.0   1.0
7.18241120289   9.01932208134   0.0   1.0
6.90694720402   9.25854919809   0.0   1.0
6.49375120573   9.61738987321   0.0   1.0
6.08055520743   9.97623054833   0.0   1.0
5.66735920913   10.3350712234   0.0   1.0
5.25416321084   10.6939118986   0.0   1.0
4.84096721254   11.0527525737   0.0   1.0
4.42777121424   11.4115932488   0.0   1.0
4.01457521595   11.7704339239   0.0   1.0
3.60137921765   12.1292745990   0.0   1.0
3.18818321935   12.4881152742   0.0   1.0
2.77498722106   12.8469559493   0.0   1.0
2.36179122276   13.2057966244   0.0   1.0
1.94859522446   13.5646372995   0.0   1.0
1.53539922617   13.9234779746   0.0   1.0
1.12220322787   14.2823186498   0.0   1.0
0.709007229572   14.6411593249   0.0   1.0
0.433543230707   14.8803864416   0.0   1.0
0.295811231275   15.0   0.0   1.0
7.33161209682   8.91288661798   0.0   1.0
7.20524802244   9.03224178233   0.0   1.0
6.95251987369   9.27095211104   0.0   1.0
6.57342765057   9.6290176041   0.0   1.0
6.19433542745   9.98708309716   0.0   1.0
5.81524320432   10.3451485902   0.0   1.0
5.43615098120   10.7032140833   0.0   1.0
5.05705875807   11.0612795763   0.0   1.0
4.67796653495   11.4193450694   0.0   1.0
4.29887431183   11.7774105625   0.0   1.0
3.91978208870   12.1354760555   0.0   1.0
3.54068986558   12.4935415486   0.0   1.0
3.16159764245   12.8516070416   0.0   1.0
2.78250541933   13.2096725347   0.0   1.0
2.40341319621   13.5677380278   0.0   1.0
2.02432097308   13.9258035208   0.0   1.0
1.64522874996   14.2838690139   0.0   1.0
1.26613652683   14.6419345069   0.0   1.0
1.01340837808   14.8806448356   0.0   1.0
0.88704430371   15.0   0.0   1.0
7.35002633904   8.93182268558   0.0   1.0
7.24066703636   9.05080655449   0.0   1.0
7.02194843098   9.28877429231   0.0   1.0
6.69387052292   9.64572589904   0.0   1.0
6.36579261486   10.0026775058   0.0   1.0
6.03771470680   10.3596291125   0.0   1.0
5.70963679873   10.7165807192   0.0   1.0
5.38155889067   11.0735323260   0.0   1.0
5.05348098261   11.4304839327   0.0   1.0
4.72540307455   11.7874355394   0.0   1.0
4.39732516649   12.1443871462   0.0   1.0
4.06924725842   12.5013387529   0.0   1.0
3.74116935036   12.8582903596   0.0   1.0
3.4130914423   13.2152419663   0.0   1.0
3.08501353424   13.5721935731   0.0   1.0
2.75693562618   13.9291451798   0.0   1.0
2.42885771811   14.2860967865   0.0   1.0
2.10077981005   14.6430483933   0.0   1.0
1.88206120468   14.8810161311   0.0   1.0
1.77270190199   15.0   0.0   1.0
7.36968805815   8.94937399441   0.0   1.0
7.27728514864   9.06801372001   0.0   1.0
7.09247932961   9.30529317121   0.0   1.0
6.81527060106   9.66121234801   0.0   1.0
6.53806187252   10.0171315248   0.0   1.0
6.26085314398   10.3730507016   0.0   1.0
5.98364441543   10.7289698784   0.0   1.0
5.70643568689   11.0848890552   0.0   1.0
5.42922695834   11.4408082320   0.0   1.0
5.15201822980   11.7967274088   0.0   1.0
4.87480950125   12.1526465856   0.0   1.0
4.59760077271   12.5085657624   0.0   1.0
4.32039204417   12.8644849392   0.0   1.0
4.04318331562   13.2204041160   0.0   1.0
3.76597458708   13.5763232928   0.0   1.0
3.48876585853   13.9322424696   0.0   1.0
3.21155712999   14.2881616464   0.0   1.0
2.93434840144   14.6440808232   0.0   1.0
2.74954258241   14.8813602744   0.0   1.0
2.65713967290   15.0   0.0   1.0
7.39063691796   8.96498791907   0.0   1.0
7.31514063061   9.08332148929   0.0   1.0
7.16414805592   9.31998862972   0.0   1.0
6.93765919388   9.67498934036   0.0   1.0
6.71117033183   10.0299900510   0.0   1.0
6.48468146979   10.3849907616   0.0   1.0
6.25819260775   10.7399914723   0.0   1.0
6.03170374571   11.0949921829   0.0   1.0
5.80521488367   11.4499928936   0.0   1.0
5.57872602163   11.8049936042   0.0   1.0
5.35223715959   12.1599943149   0.0   1.0
5.12574829755   12.5149950255   0.0   1.0
4.89925943551   12.8699957361   0.0   1.0
4.67277057347   13.2249964468   0.0   1.0
4.44628171143   13.5799971574   0.0   1.0
4.21979284939   13.9349978681   0.0   1.0
3.99330398735   14.2899985787   0.0   1.0
3.76681512530   14.6449992894   0.0   1.0
3.61582255061   14.8816664298   0.0   1.0
3.54032626326   15.0   0.0   1.0
7.41289865414   8.97813071196   0.0   1.0
7.35425828072   9.09620658035   0.0   1.0
7.23697753389   9.33235831714   0.0   1.0
7.06105641363   9.68658592232   0.0   1.0
6.88513529338   10.0408135275   0.0   1.0
6.70921417312   10.3950411327   0.0   1.0
6.53329305287   10.7492687379   0.0   1.0
6.35737193261   11.1034963430   0.0   1.0
6.18145081236   11.4577239482   0.0   1.0
6.00552969211   11.8119515534   0.0   1.0
5.82960857185   12.1661791586   0.0   1.0
5.65368745160   12.5204067637   0.0   1.0
5.47776633134   12.8746343689   0.0   1.0
5.30184521109   13.2288619741   0.0   1.0
5.12592409083   13.5830895793   0.0   1.0
4.95000297058   13.9373171845   0.0   1.0
4.77408185032   14.2915447896   0.0   1.0
4.59816073007   14.6457723948   0.0   1.0
4.48087998323   14.8819241316   0.0   1.0
4.42223960981   15.0   0.0   1.0
7.4365479608   8.98822149084   0.0   1.0
7.39470986539   9.10609950082   0.0   1.0
7.31103367456   9.34185552079   0.0   1.0
7.18551938833   9.69548955074   0.0   1.0
7.06000510209   10.0491235807   0.0   1.0
6.93449081586   10.4027576106   0.0   1.0
6.80897652962   10.7563916406   0.0   1.0
6.68346224339   11.1100256705   0.0   1.0
6.55794795715   11.4636597005   0.0   1.0
6.43243367092   11.8172937304   0.0   1.0
6.30691938468   12.1709277604   0.0   1.0
6.18140509845   12.5245617903   0.0   1.0
6.05589081221   12.8781958203   0.0   1.0
5.93037652597   13.2318298502   0.0   1.0
5.80486223974   13.5854638802   0.0   1.0
5.67934795350   13.9390979101   0.0   1.0
5.55383366727   14.2927319401   0.0   1.0
5.42831938103   14.6463659700   0.0   1.0
5.34464319021   14.8821219900   0.0   1.0
5.30280509480   15.0   0.0   1.0
7.46145224373   8.99490223870   0.0   1.0
7.43636783226   9.11264925362   0.0   1.0
7.38619900932   9.34814328348   0.0   1.0
7.31094577490   9.70138432826   0.0   1.0
7.23569254049   10.0546253730   0.0   1.0
7.16043930607   10.4078664178   0.0   1.0
7.08518607166   10.7611074626   0.0   1.0
7.00993283724   11.1143485074   0.0   1.0
6.93467960283   11.4675895522   0.0   1.0
6.85942636841   11.8208305970   0.0   1.0
6.78417313400   12.1740716417   0.0   1.0
6.70891989958   12.5273126865   0.0   1.0
6.63366666517   12.8805537313   0.0   1.0
6.55841343075   13.2337947761   0.0   1.0
6.48316019634   13.5870358209   0.0   1.0
6.40790696192   13.9402768657   0.0   1.0
6.33265372751   14.2935179104   0.0   1.0
6.25740049309   14.6467589552   0.0   1.0
6.20723167015   14.8822529851   0.0   1.0
6.18214725868   15.0   0.0   1.0
7.48706793741   8.99824662541   0.0   1.0
7.47870967397   9.11592806412   0.0   1.0
7.46199314709   9.35129094156   0.0   1.0
7.43691835676   9.70433525771   0.0   1.0
7.41184356644   10.0573795739   0.0   1.0
7.38676877611   10.4104238900   0.0   1.0
7.36169398578   10.7634682062   0.0   1.0
7.33661919546   11.1165125223   0.0   1.0
7.31154440513   11.4695568385   0.0   1.0
7.28646961480   11.8226011546   0.0   1.0
7.26139482448   12.1756454708   0.0   1.0
7.23632003415   12.5286897869   0.0   1.0
7.21124524383   12.8817341031   0.0   1.0
7.1861704535   13.2347784192   0.0   1.0
7.16109566317   13.5878227354   0.0   1.0
7.13602087285   13.9408670515   0.0   1.0
7.11094608252   14.2939113677   0.0   1.0
7.08587129220   14.6469556838   0.0   1.0
7.06915476531   14.8823185613   0.0   1.0
7.06079650187   15.0   0.0   1.0
7.51292851250   8.99824691686   0.0   1.0
7.52128691522   9.11592834986   0.0   1.0
7.53800372066   9.35129121587   0.0   1.0
7.56307892883   9.70433551488   0.0   1.0
7.58815413699   10.0573798139   0.0   1.0
7.61322934515   10.4104241129   0.0   1.0
7.63830455332   10.7634684119   0.0   1.0
7.66337976148   11.1165127109   0.0   1.0
7.68845496964   11.4695570099   0.0   1.0
7.71353017780   11.8226013089   0.0   1.0
7.73860538597   12.1756456079   0.0   1.0
7.76368059413   12.5286899069   0.0   1.0
7.78875580229   12.8817342060   0.0   1.0
7.81383101046   13.2347785050   0.0   1.0
7.83890621862   13.5878228040   0.0   1.0
7.86398142678   13.9408671030   0.0   1.0
7.88905663495   14.2939114020   0.0   1.0
7.91413184311   14.6469557010   0.0   1.0
7.93084864855   14.8823185670   0.0   1.0
7.93920705127   15.0   0.0   1.0
7.53854434976   8.99490306841   0.0   1.0
7.56362889698   9.11265006707   0.0   1.0
7.61379799142   9.34814406438   0.0   1.0
7.68905163308   9.70138506036   0.0   1.0
7.76430527474   10.0546260563   0.0   1.0
7.8395589164   10.4078670523   0.0   1.0
7.91481255806   10.7611080483   0.0   1.0
7.99006619972   11.1143490443   0.0   1.0
8.06531984138   11.4675900402   0.0   1.0
8.14057348305   11.8208310362   0.0   1.0
8.21582712471   12.1740720322   0.0   1.0
8.29108076637   12.5273130282   0.0   1.0
8.36633440803   12.8805540241   0.0   1.0
8.44158804969   13.2337950201   0.0   1.0
8.51684169135   13.5870360161   0.0   1.0
8.59209533301   13.9402770121   0.0   1.0
8.66734897467   14.2935180080   0.0   1.0
8.74260261633   14.6467590040   0.0   1.0
8.79277171078   14.8822530013   0.0   1.0
8.81785625800   15.0   0.0   1.0
7.56344891892   8.98822272874   0.0   1.0
7.60528714347   9.10610071446   0.0   1.0
7.68896359257   9.34185668588   0.0   1.0
7.81447826622   9.69549064301   0.0   1.0
7.93999293987   10.0491246001   0.0   1.0
8.06550761352   10.4027585573   0.0   1.0
8.19102228717   10.7563925144   0.0   1.0
8.31653696082   11.1100264715   0.0   1.0
8.44205163447   11.4636604287   0.0   1.0
8.56756630812   11.8172943858   0.0   1.0
8.69308098177   12.1709283429   0.0   1.0
8.81859565542   12.5245623001   0.0   1.0
8.94411032907   12.8781962572   0.0   1.0
9.06962500272   13.2318302143   0.0   1.0
9.19513967637   13.5854641715   0.0   1.0
9.32065435002   13.9390981286   0.0   1.0
9.44616902367   14.2927320857   0.0   1.0
9.57168369732   14.6463660429   0.0   1.0
9.65536014642   14.8821220143   0.0   1.0
9.69719837097   15.0   0.0   1.0
7.58709864243   8.97813213577   0.0   1.0
7.64573912086   9.09620797625   0.0   1.0
7.76302007773   9.33235965720   0.0   1.0
7.93894151304   9.68658717862   0.0   1.0
8.11486294834   10.0408147000   0.0   1.0
8.29078438365   10.3950422215   0.0   1.0
8.46670581895   10.7492697429   0.0   1.0
8.64262725426   11.1034972643   0.0   1.0
8.81854868956   11.4577247857   0.0   1.0
8.99447012487   11.8119523072   0.0   1.0
9.17039156018   12.1661798286   0.0   1.0
9.34631299548   12.5204073500   0.0   1.0
9.52223443079   12.8746348714   0.0   1.0
9.69815586609   13.2288623929   0.0   1.0
9.87407730140   13.5830899143   0.0   1.0
10.0499987367   13.9373174357   0.0   1.0
10.2259201720   14.2915449571   0.0   1.0
10.4018416073   14.6457724786   0.0   1.0
10.5191225642   14.8819241595   0.0   1.0
10.5777630426   15.0   0.0   1.0
7.60936092534   8.96498929876   0.0   1.0
7.68485730043   9.08332284192   0.0   1.0
7.83585005062   9.31998992824   0.0   1.0
8.06233917591   9.67499055773   0.0   1.0
8.28882830120   10.0299911872   0.0   1.0
8.51531742648   10.3849918167   0.0   1.0
8.74180655177   10.7399924462   0.0   1.0
8.96829567706   11.0949930757   0.0   1.0
9.19478480234   11.4499937052   0.0   1.0
9.42127392763   11.8049943346   0.0   1.0
9.64776305292   12.1599949641   0.0   1.0
9.87425217820   12.5149955936   0.0   1.0
10.1007413035   12.8699962231   0.0   1.0
10.3272304288   13.2249968526   0.0   1.0
10.5537195541   13.5799974821   0.0   1.0
10.7802086794   13.9349981115   0.0   1.0
11.0066978046   14.2899987410   0.0   1.0
11.2331869299   14.6449993705   0.0   1.0
11.3841796801   14.8816664568   0.0   1.0
11.4596760552   15.0   0.0   1.0
7.63031037826   8.94937516899   0.0   1.0
7.72271334855   9.06801487156   0.0   1.0
7.90751928914   9.30529427670   0.0   1.0
8.18472820001   9.66121338441   0.0   1.0
8.46193711089   10.0171324921   0.0   1.0
8.73914602176   10.3730515998   0.0   1.0
9.01635493264   10.7289707075   0.0   1.0
9.29356384351   11.0848898152   0.0   1.0
9.57077275439   11.4408089229   0.0   1.0
9.84798166526   11.7967280306   0.0   1.0
10.1251905761   12.1526471383   0.0   1.0
10.4023994870   12.5085662461   0.0   1.0
10.6796083979   12.8644853538   0.0   1.0
10.9568173088   13.2204044615   0.0   1.0
11.2340262196   13.5763235692   0.0   1.0
11.5112351305   13.9322426769   0.0   1.0
11.7884440414   14.2881617846   0.0   1.0
12.0656529523   14.6440808923   0.0   1.0
12.2504588928   14.8813602974   0.0   1.0
12.3428618631   15.0   0.0   1.0
7.64997270023   8.93182352713   0.0   1.0
7.75933204189   9.05080737954   0.0   1.0
7.97805072522   9.28877508436   0.0   1.0
8.30612875021   9.64572664158   0.0   1.0
8.63420677520   10.0026781988   0.0   1.0
8.96228480019   10.3596297560   0.0   1.0
9.29036282518   10.7165813133   0.0   1.0
9.61844085018   11.0735328705   0.0   1.0
9.94651887517   11.4304844277   0.0   1.0
10.2745969002   11.7874359850   0.0   1.0
10.6026749251   12.1443875422   0.0   1.0
10.9307529501   12.5013390994   0.0   1.0
11.2588309751   12.8582906566   0.0   1.0
11.5869090001   13.2152422139   0.0   1.0
11.9149870251   13.5721937711   0.0   1.0
12.2430650501   13.9291453283   0.0   1.0
12.5711430751   14.2860968855   0.0   1.0
12.8992211001   14.6430484428   0.0   1.0
13.1179397834   14.8810161476   0.0   1.0
13.2272991251   15.0   0.0   1.0
7.66838748694   8.91288705618   0.0   1.0
7.79475157484   9.03224221194   0.0   1.0
8.04747975066   9.27095252346   0.0   1.0
8.42657201438   9.62901799075   0.0   1.0
8.80566427810   9.98708345803   0.0   1.0
9.18475654182   10.3451489253   0.0   1.0
9.56384880555   10.7032143926   0.0   1.0
9.94294106927   11.0612798599   0.0   1.0
10.3220333330   11.4193453272   0.0   1.0
10.7011255967   11.7774107944   0.0   1.0
11.0802178604   12.1354762617   0.0   1.0
11.4593101242   12.4935417290   0.0   1.0
11.8384023879   12.8516071963   0.0   1.0
12.2174946516   13.2096726636   0.0   1.0
12.5965869153   13.5677381309   0.0   1.0
12.9756791790   13.9258035981   0.0   1.0
13.3547714428   14.2838690654   0.0   1.0
13.7338637065   14.6419345327   0.0   1.0
13.9865918823   14.8806448442   0.0   1.0
14.1129559702   15.0   0.0   1.0
7.67985667928   8.89970866487   0.0   1.0
7.81758868453   9.01932222046   0.0   1.0
8.09305269503   9.25854933165   0.0   1.0
8.50624871077   9.61738999842   0.0   1.0
8.91944472652   9.97623066519   0.0   1.0
9.33264074226   10.3350713320   0.0   1.0
9.74583675801   10.6939119987   0.0   1.0
10.1590327738   11.0527526655   0.0   1.0
10.5722287895   11.4115933323   0.0   1.0
10.9854248052   11.7704339991   0.0   1.0
11.3986208210   12.1292746658   0.0   1.0
11.8118168367   12.4881153326   0.0   1.0
12.2250128525   12.8469559994   0.0   1.0
12.6382088682   13.2057966661   0.0   1.0
13.0514048840   13.5646373329   0.0   1.0
13.4646008997   13.9234779997   0.0   1.0
13.8777969155   14.2823186665   0.0   1.0
14.2909929312   14.6411593332   0.0   1.0
14.5664569417   14.8803864444   0.0   1.0
14.7041889469   15.0   0.0   1.0
7.68539580537   8.89307413950   0.0   1.0
7.82881941703   9.01281778383   0.0   1.0
8.11566664035   9.25230507247   0.0   1.0
8.54593747533   9.61153600544   0.0   1.0
8.97620831031   9.97076693841   0.0   1.0
9.40647914529   10.3299978714   0.0   1.0
9.83674998026   10.6892288044   0.0   1.0
10.2670208152   11.0484597373   0.0   1.0
10.6972916502   11.4076906703   0.0   1.0
11.1275624852   11.7669216033   0.0   1.0
11.5578333202   12.1261525362   0.0   1.0
11.9881041552   12.4853834692   0.0   1.0
12.4183749901   12.8446144022   0.0   1.0
12.8486458251   13.2038453351   0.0   1.0
13.2789166601   13.5630762681   0.0   1.0
13.7091874951   13.9223072011   0.0   1.0
14.1394583300   14.2815381341   0.0   1.0
14.5697291650   14.6407690670   0.0   1.0
14.8565763883   14.8802563557   0.0   1.0
15.0   15.0   0.0   1.0

------------------------------------------------------------------------------------------
Number of control points  - (u, v, t) - PATCH 1
------------------------------------------------------------------------------------------
20 20 0

------------------------------------------------------------------------------------------
Degree (u,v,t) - PATCH 1
------------------------------------------------------------------------------------------
3 3 0

------------------------------------------------------------------------------------------
KNOT VECTOR (u) - PATCH 1
------------------------------------------------------------------------------------------
0.000000000000000
0.000000000000000
0.000000000000000
0.000000000000000
0.058823529411765
0.117647058823529
0.176470588235294
0.235294117647059
0.294117647058823
0.352941176470588
0.411764705882353
0.470588235294118
0.529411764705882
0.588235294117647
0.647058823529412
0.705882352941176
0.764705882352941
0.823529411764706
0.882352941176471
0.941176470588235
1.000000000000000
1.000000000000000
1.000000000000000
1.000000000000000

------------------------------------------------------------------------------------------
KNOT VECTOR (v) - PATCH 0
------------------------------------------------------------------------------------------
0.000000000000000
0.000000000000000
0.000000000000000
0.000000000000000
0.058823529411765
0.117647058823529
0.176470588235294
0.235294117647059
0.294117647058823
0.352941176470588
0.411764705882353
0.470588235294118
0.529411764705882
0.588235294117647
0.647058823529412
0.705882352941176
0.764705882352941
0.823529411764706
0.882352941176471
0.941176470588235
1.000000000000000
1.000000000000000
1.000000000000000
1.000000000000000

------------------------------------------------------------------------------------------
NUMBER OF NEUMMAN BOUNDARY CONDITION - PATCH 1
------------------------------------------------------------------------------------------
0

------------------------------------------------------------------------------------------
CONTROL POINT INDEX    VALUES (X, Y) - PATCH 1
------------------------------------------------------------------------------------------

------------------------------------------------------------------------------------------
NUMBER OF DIRICHELET BOUNDARY CONDITION - PATCH 1
------------------------------------------------------------------------------------------
0

------------------------------------------------------------------------------------------
CONTROL POINT INDEX    (0-FREE, 1- DISPLACEMENT) VALUES (X, Y) - PATCH 1
------------------------------------------------------------------------------------------

------------------------------------------------------------------------------------------
NUMBER OF CONTROL POINTS - PATCH 2   
------------------------------------------------------------------------------------------
400 

------------------------------------------------------------------------------------------
INDEX MATERIAL - PATCH 2
------------------------------------------------------------------------------------------
0 

------------------------------------------------------------------------------------------
THICKNESS - PATCH 2       
------------------------------------------------------------------------------------------
1.  
     
------------------------------------------------------------------------------------------
CONTROL POINTS COORDINATES AND WEIGHT (X,Y,Z,W) - PATCH 2
------------------------------------------------------------------------------------------
7.68539580535   6.10692586047   0.0   1.0
7.72272311002   6.15166964867   0.0   1.0
7.7819330448   6.25145337061   0.0   1.0
7.84653186404   6.41039155633   0.0   1.0
7.89537041477   6.57393491463   0.0   1.0
7.93264334548   6.73989523674   0.0   1.0
7.96067860984   6.90743414614   0.0   1.0
7.98083583819   7.07633205783   0.0   1.0
7.99387035845   7.24567397200   0.0   1.0
8.00026629216   7.41517365234   0.0   1.0
8.00026847715   7.58482046627   0.0   1.0
7.99386661687   7.75434961854   0.0   1.0
7.98084305494   7.92358598836   0.0   1.0
7.96072199251   8.09223920755   0.0   1.0
7.93268926628   8.25988911267   0.0   1.0
7.89538388706   8.42602476578   0.0   1.0
7.84652534723   8.58962689458   0.0   1.0
7.78194427465   8.74852124222   0.0   1.0
7.72272575076   8.84832708791   0.0   1.0
7.68539580537   8.89307413950   0.0   1.0
7.82881941701   5.98718221615   0.0   1.0
7.86541481375   6.03697729520   0.0   1.0
7.92346376941   6.14649003999   0.0   1.0
7.98679594514   6.31969192228   0.0   1.0
8.03467687723   6.49733476032   0.0   1.0
8.07121896616   6.67730893754   0.0   1.0
8.09870451945   6.85880537336   0.0   1.0
8.11846650803   7.04161103547   0.0   1.0
8.13124544946   7.22484548131   0.0   1.0
8.13751597271   7.40823270295   0.0   1.0
8.13751811485   7.59176166748   0.0   1.0
8.13124178124   7.77517720450   0.0   1.0
8.11847358328   7.95831024688   0.0   1.0
8.09874705148   8.14088082544   0.0   1.0
8.07126398655   8.32248390747   0.0   1.0
8.03469008535   8.50262651819   0.0   1.0
7.98678955611   8.6803258003   0.0   1.0
7.92347477907   8.85348558605   0.0   1.0
7.86541740271   8.96301957561   0.0   1.0
7.82881941703   9.01281778383   0.0   1.0
8.11566664033   5.74769492750   0.0   1.0
8.15079822120   5.80759258824   0.0   1.0
8.20652521864   5.93656337876   0.0   1.0
8.26732410733   6.13829265419   0.0   1.0
8.31328980214   6.34413445171   0.0   1.0
8.34837020751   6.55213633914   0.0   1.0
8.37475633868   6.7615478278   0.0   1.0
8.39372784771   6.97216899077   0.0   1.0
8.40599563148   7.18318849995   0.0   1.0
8.4120153338   7.39435080417   0.0   1.0
8.41201739026   7.60564406988   0.0   1.0
8.40599210999   7.81683237641   0.0   1.0
8.39373463994   8.02775876391   0.0   1.0
8.37479716943   8.23816406121   0.0   1.0
8.34841342709   8.44767349706   0.0   1.0
8.31330248194   8.65583002301   0.0   1.0
8.26731797387   8.86172361174   0.0   1.0
8.20653578790   9.06341427371   0.0   1.0
8.15080070660   9.19240455100   0.0   1.0
8.11566664035   9.25230507247   0.0   1.0
8.54593747531   5.38846399453   0.0   1.0
8.57887333237   5.46351552781   0.0   1.0
8.63111739247   5.62167338692   0.0   1.0
8.68811635062   5.86619375205   0.0   1.0
8.73120918950   6.11433398879   0.0   1.0
8.76409706954   6.36437744154   0.0   1.0
8.78883406751   6.61566150946   0.0   1.0
8.80661985722   6.86800592371   0.0   1.0
8.81812090452   7.12070302791   0.0   1.0
8.82376437544   7.37352795600   0.0   1.0
8.82376630337   7.62646767349   0.0   1.0
8.81811760312   7.87931513428   0.0   1.0
8.80662622495   8.13193153947   0.0   1.0
8.78887234634   8.38408891487   0.0   1.0
8.76413758789   8.63545788145   0.0   1.0
8.73122107682   8.88563528024   0.0   1.0
8.68811060050   9.13382032889   0.0   1.0
8.63112730116   9.37830730521   0.0   1.0
8.57887566244   9.53648201408   0.0   1.0
8.54593747533   9.61153600544   0.0   1.0
8.97620831029   5.02923306156   0.0   1.0
9.00694844355   5.11943846738   0.0   1.0
9.05570956631   5.30678339507   0.0   1.0
9.10890859392   5.59409484991   0.0   1.0
9.14912857687   5.88453352587   0.0   1.0
9.17982393157   6.17661854394   0.0   1.0
9.20291179634   6.46977519111   0.0   1.0
9.21951186674   6.76384285665   0.0   1.0
9.23024617755   7.05821755587   0.0   1.0
9.23551341707   7.35270510782   0.0   1.0
9.23551521648   7.64729127711   0.0   1.0
9.23024309624   7.94179789215   0.0   1.0
9.21951780995   8.23610431502   0.0   1.0
9.20294752325   8.53001376853   0.0   1.0
9.17986174870   8.82324226583   0.0   1.0
9.14913967170   9.11544053747   0.0   1.0
9.10890322713   9.40591704604   0.0   1.0
9.05571881441   9.69320033670   0.0   1.0
9.00695061827   9.88055947717   0.0   1.0
8.97620831031   9.97076693841   0.0   1.0
9.40647914527   4.67000212859   0.0   1.0
9.43502355472   4.77536140695   0.0   1.0
9.48030174014   4.99189340323   0.0   1.0
9.52970083721   5.32199594777   0.0   1.0
9.56704796424   5.65473306295   0.0   1.0
9.59555079361   5.98885964634   0.0   1.0
9.61698952517   6.32388887277   0.0   1.0
9.63240387626   6.65967978959   0.0   1.0
9.64237145058   6.99573208383   0.0   1.0
9.64726245871   7.33188225965   0.0   1.0
9.64726412959   7.66811488072   0.0   1.0
9.64236858937   8.00428065002   0.0   1.0
9.63240939495   8.34027709057   0.0   1.0
9.61702270016   8.67593862220   0.0   1.0
9.59558590951   9.01102665022   0.0   1.0
9.56705826658   9.34524579471   0.0   1.0
9.52969585377   9.67801376319   0.0   1.0
9.48031032767   10.0080933682   0.0   1.0
9.43502557411   10.2246369403   0.0   1.0
9.40647914529   10.3299978714   0.0   1.0
9.83674998025   4.31077119563   0.0   1.0
9.86309866590   4.43128434652   0.0   1.0
9.90489391398   4.67700341138   0.0   1.0
9.95049308050   5.04989704563   0.0   1.0
9.98496735160   5.42493260003   0.0   1.0
10.0112776556   5.80110074874   0.0   1.0
10.0310672540   6.17800255443   0.0   1.0
10.0452958858   6.55551672254   0.0   1.0
10.0544967236   6.93324661179   0.0   1.0
10.0590115003   7.31105941148   0.0   1.0
10.0590130427   7.68893848433   0.0   1.0
10.0544940825   8.06676340789   0.0   1.0
10.0453009800   8.44444986612   0.0   1.0
10.0310978771   8.82186347586   0.0   1.0
10.0113100703   9.19881103461   0.0   1.0
9.98497686145   9.57505105194   0.0   1.0
9.95048848040   9.95011048035   0.0   1.0
9.90490184093   10.3229863997   0.0   1.0
9.86310052995   10.5687144033   0.0   1.0
9.83674998026   10.6892288044   0.0   1.0
10.2670208152   3.95154026266   0.0   1.0
10.2911737771   4.08720728609   0.0   1.0
10.3294860878   4.36211341954   0.0   1.0
10.3712853238   4.77779814348   0.0   1.0
10.4028867390   5.19513213711   0.0   1.0
10.4270045177   5.61334185115   0.0   1.0
10.4451449828   6.03211623609   0.0   1.0
10.4581878953   6.45135365548   0.0   1.0
10.4666219966   6.87076113974   0.0   1.0
10.4707605420   7.29023656330   0.0   1.0
10.4707619558   7.70976208794   0.0   1.0
10.4666195756   8.12924616576   0.0   1.0
10.4581925650   8.54862264167   0.0   1.0
10.4451730540   8.96778832952   0.0   1.0
10.4270342311   9.38659541899   0.0   1.0
10.4028954563   9.80485630917   0.0   1.0
10.3712811070   10.2222071975   0.0   1.0
10.3294933542   10.6378794312   0.0   1.0
10.2911754858   10.9127918664   0.0   1.0
10.2670208152   11.0484597373   0.0   1.0
10.6972916502   3.59230932969   0.0   1.0
10.7192488882   3.74313022566   0.0   1.0
10.7540782616   4.04722342769   0.0   1.0
10.7920775671   4.50569924134   0.0   1.0
10.8208061263   4.96533167419   0.0   1.0
10.8427313797   5.42558295355   0.0   1.0
10.8592227117   5.88622991774   0.0   1.0
10.8710799048   6.34719058842   0.0   1.0
10.8787472697   6.80827566770   0.0   1.0
10.8825095836   7.26941371513   0.0   1.0
10.8825108689   7.73058569155   0.0   1.0
10.8787450687   8.19172892363   0.0   1.0
10.8710841500   8.65279541723   0.0   1.0
10.8592482309   9.11371318318   0.0   1.0
10.8427583919   9.57437980338   0.0   1.0
10.8208140512   10.0346615664   0.0   1.0
10.7920737337   10.4943039147   0.0   1.0
10.7540848674   10.9527724627   0.0   1.0
10.7192504416   11.2568693295   0.0   1.0
10.6972916502   11.4076906703   0.0   1.0
11.1275624852   3.23307839672   0.0   1.0
11.1473239994   3.39905316523   0.0   1.0
11.1786704355   3.73233343585   0.0   1.0
11.2128698104   4.23360033920   0.0   1.0
11.2387255137   4.73553121127   0.0   1.0
11.2584582417   5.23782405595   0.0   1.0
11.2733004405   5.74034359940   0.0   1.0
11.2839719143   6.24302752136   0.0   1.0
11.2908725427   6.74579019566   0.0   1.0
11.2942586253   7.24859086696   0.0   1.0
11.2942597820   7.75140929516   0.0   1.0
11.2908705619   8.25421168150   0.0   1.0
11.2839757350   8.75696819278   0.0   1.0
11.2733234078   9.25963803684   0.0   1.0
11.2584825527   9.76216418777   0.0   1.0
11.2387326461   10.2644668236   0.0   1.0
11.2128663603   10.7664006318   0.0   1.0
11.1786763807   11.2676654942   0.0   1.0
11.1473253975   11.6009467926   0.0   1.0
11.1275624852   11.7669216033   0.0   1.0
11.5578333202   2.87384746375   0.0   1.0
11.5753991106   3.05497610480   0.0   1.0
11.6032626093   3.417443444   0.0   1.0
11.6336620537   3.96150143706   0.0   1.0
11.6566449011   4.50573074835   0.0   1.0
11.6741851038   5.05006515835   0.0   1.0
11.6873781693   5.59445728106   0.0   1.0
11.6968639239   6.13886445430   0.0   1.0
11.7029978157   6.68330472362   0.0   1.0
11.7060076669   7.22776801878   0.0   1.0
11.7060086951   7.77223289877   0.0   1.0
11.7029960550   8.31669443937   0.0   1.0
11.6968673200   8.86114096833   0.0   1.0
11.6873985847   9.40556289051   0.0   1.0
11.6742067135   9.94994857216   0.0   1.0
11.6566512410   10.4942720809   0.0   1.0
11.6336589869   11.0384973490   0.0   1.0
11.6032678940   11.5825585257   0.0   1.0
11.5754003533   11.9450242557   0.0   1.0
11.5578333202   12.1261525362   0.0   1.0
11.9881041551   2.51461653078   0.0   1.0
12.0034742218   2.71089904437   0.0   1.0
12.0278547832   3.10255345215   0.0   1.0
12.0544542970   3.68940253492   0.0   1.0
12.0745642884   4.27593028543   0.0   1.0
12.0899119658   4.86230626075   0.0   1.0
12.1014558982   5.44857096271   0.0   1.0
12.1097559334   6.03470138724   0.0   1.0
12.1151230888   6.62081925158   0.0   1.0
12.1177567085   7.20694517061   0.0   1.0
12.1177576082   7.79305650238   0.0   1.0
12.1151215481   8.37917719724   0.0   1.0
12.1097589050   8.96531374388   0.0   1.0
12.1014737616   9.55148774417   0.0   1.0
12.0899308744   10.1377329565   0.0   1.0
12.0745698358   10.7240773381   0.0   1.0
12.0544516136   11.3105940661   0.0   1.0
12.0278594072   11.8974515572   0.0   1.0
12.0034753091   12.2891017188   0.0   1.0
11.9881041552   12.4853834692   0.0   1.0
12.4183749901   2.15538559781   0.0   1.0
12.4315493329   2.36682198393   0.0   1.0
12.4524469570   2.78766346031   0.0   1.0
12.4752465402   3.41730363278   0.0   1.0
12.4924836758   4.04612982251   0.0   1.0
12.5056388278   4.67454736315   0.0   1.0
12.5155336270   5.30268464437   0.0   1.0
12.5226479429   5.93053832019   0.0   1.0
12.5272483618   6.55833377954   0.0   1.0
12.5295057502   7.18612232244   0.0   1.0
12.5295065213   7.81388010599   0.0   1.0
12.5272470412   8.44165995511   0.0   1.0
12.5226504900   9.06948651943   0.0   1.0
12.5155489385   9.69741259783   0.0   1.0
12.5056550352   10.3255173409   0.0   1.0
12.4924884307   10.9538825953   0.0   1.0
12.4752442402   11.5826907833   0.0   1.0
12.4524509205   12.2123445887   0.0   1.0
12.4315502650   12.6331791818   0.0   1.0
12.4183749901   12.8446144022   0.0   1.0
12.8486458251   1.79615466484   0.0   1.0
12.8596244441   2.02274492350   0.0   1.0
12.8770391308   2.47277346846   0.0   1.0
12.8960387835   3.14520473064   0.0   1.0
12.9104030632   3.81632935959   0.0   1.0
12.9213656898   4.48678846556   0.0   1.0
12.9296113558   5.15679832603   0.0   1.0
12.9355399524   5.82637525313   0.0   1.0
12.9393736348   6.49584830749   0.0   1.0
12.9412547918   7.16529947426   0.0   1.0
12.9412554345   7.83470370960   0.0   1.0
12.9393725344   8.50414271298   0.0   1.0
12.9355420750   9.17365929499   0.0   1.0
12.9296241154   9.84333745149   0.0   1.0
12.9213791960   10.5133017253   0.0   1.0
12.9104070256   11.1836878526   0.0   1.0
12.8960368668   11.8547875004   0.0   1.0
12.8770424337   12.5272376202   0.0   1.0
12.8596252208   12.9772566449   0.0   1.0
12.8486458251   13.2038453351   0.0   1.0
13.2789166601   1.43692373188   0.0   1.0
13.2876995553   1.67866786307   0.0   1.0
13.3016313047   2.15788347662   0.0   1.0
13.3168310268   2.87310582850   0.0   1.0
13.3283224505   3.58652889668   0.0   1.0
13.3370925519   4.29902956796   0.0   1.0
13.3436890847   5.01091200768   0.0   1.0
13.3484319619   5.72221218607   0.0   1.0
13.3514989079   6.43336283545   0.0   1.0
13.3530038334   7.14447662609   0.0   1.0
13.3530043476   7.85552731321   0.0   1.0
13.3514980275   8.56662547085   0.0   1.0
13.3484336600   9.27783207054   0.0   1.0
13.3436992924   9.98926230515   0.0   1.0
13.3371033568   10.7010861097   0.0   1.0
13.3283256205   11.4134931098   0.0   1.0
13.3168294935   12.1268842176   0.0   1.0
13.3016339470   12.8421306517   0.0   1.0
13.2877001766   13.3213341080   0.0   1.0
13.2789166601   13.5630762681   0.0   1.0
13.7091874951   1.07769279891   0.0   1.0
13.7157746665   1.33459080264   0.0   1.0
13.7262234785   1.84299348477   0.0   1.0
13.7376232701   2.60100692636   0.0   1.0
13.7462418379   3.35672843376   0.0   1.0
13.7528194139   4.11127067036   0.0   1.0
13.7577668135   4.86502568934   0.0   1.0
13.7613239714   5.61804911901   0.0   1.0
13.7636241809   6.37087736341   0.0   1.0
13.7647528751   7.12365377792   0.0   1.0
13.7647532607   7.87635091682   0.0   1.0
13.7636235206   8.62910822872   0.0   1.0
13.7613252450   9.38200484609   0.0   1.0
13.7577744693   10.1351871588   0.0   1.0
13.7528275176   10.8888704941   0.0   1.0
13.7462442154   11.6432983670   0.0   1.0
13.7376221201   12.3989809347   0.0   1.0
13.7262254602   13.1570236832   0.0   1.0
13.7157751325   13.6654115711   0.0   1.0
13.7091874951   13.9223072011   0.0   1.0
14.1394583300   0.718461865938   0.0   1.0
14.1438497776   0.990513742211   0.0   1.0
14.1508156523   1.52810349293   0.0   1.0
14.1584155134   2.32890802422   0.0   1.0
14.1641612253   3.12692797084   0.0   1.0
14.1685462759   3.92351177276   0.0   1.0
14.1718445423   4.71913937100   0.0   1.0
14.1742159810   5.51388605195   0.0   1.0
14.1757494539   6.30839189137   0.0   1.0
14.1765019167   7.10283092974   0.0   1.0
14.1765021738   7.89717452043   0.0   1.0
14.1757490137   8.69159098659   0.0   1.0
14.1742168300   9.48617762164   0.0   1.0
14.1718496462   10.2811120125   0.0   1.0
14.1685516784   11.0766548785   0.0   1.0
14.1641628102   11.8731036242   0.0   1.0
14.1584147467   12.6710776519   0.0   1.0
14.1508169735   13.4719167146   0.0   1.0
14.1438500883   14.0094890342   0.0   1.0
14.1394583300   14.2815381341   0.0   1.0
14.5697291650   0.359230932969   0.0   1.0
14.5719248888   0.64643668178   0.0   1.0
14.5754078262   1.21321350108   0.0   1.0
14.5792077567   2.05680912208   0.0   1.0
14.5820806126   2.89712750792   0.0   1.0
14.5842731380   3.73575287516   0.0   1.0
14.5859222712   4.57325305266   0.0   1.0
14.5871079905   5.40972298489   0.0   1.0
14.5878747270   6.24590641933   0.0   1.0
14.5882509584   7.08200808157   0.0   1.0
14.5882510869   7.91799812404   0.0   1.0
14.5878745069   8.75407374445   0.0   1.0
14.5871084150   9.59035039719   0.0   1.0
14.5859248231   10.4270368661   0.0   1.0
14.5842758392   11.2644392629   0.0   1.0
14.5820814051   12.1029088815   0.0   1.0
14.5792073734   12.9431743690   0.0   1.0
14.5754084867   13.7868097461   0.0   1.0
14.5719250442   14.3535664973   0.0   1.0
14.5697291650   14.6407690670   0.0   1.0
14.8565763883   0.119743644323   0.0   1.0
14.8573082963   0.417051974827   0.0   1.0
14.8584692754   1.00328683985   0.0   1.0
14.8597359189   1.87540985398   0.0   1.0
14.8606935375   2.74392719930   0.0   1.0
14.8614243793   3.61058027676   0.0   1.0
14.8619740904   4.47599550709   0.0   1.0
14.8623693302   5.34028094019   0.0   1.0
14.8626249090   6.20424943797   0.0   1.0
14.8627503195   7.06812618279   0.0   1.0
14.8627503623   7.93188052645   0.0   1.0
14.8626248356   8.79572891637   0.0   1.0
14.8623694717   9.65979891423   0.0   1.0
14.8619749410   10.5243201019   0.0   1.0
14.8614252797   11.3896288525   0.0   1.0
14.8606938017   12.2561123863   0.0   1.0
14.8597357911   13.1245721805   0.0   1.0
14.8584694956   13.9967384338   0.0   1.0
14.8573083481   14.5829514727   0.0   1.0
14.8565763883   14.8802563557   0.0   1.0
15.0   0.0   0.0   1.0
15.0   0.30235962135   0.0   1.0
15.0   0.898323509236   0.0   1.0
15.0   1.78471021994   0.0   1.0
15.0   2.66732704500   0.0   1.0
15.0   3.54799397757   0.0   1.0
15.0   4.42736673431   0.0   1.0
15.0   5.30555991784   0.0   1.0
15.0   6.18342094728   0.0   1.0
15.0   7.06118523340   0.0   1.0
15.0   7.93882172765   0.0   1.0
15.0   8.81655650232   0.0   1.0
15.0   9.69452317274   0.0   1.0
15.0   10.5729617198   0.0   1.0
15.0   11.4522236473   0.0   1.0
15.0   12.3327141387   0.0   1.0
15.0   13.2152710862   0.0   1.0
15.0   14.1017027776   0.0   1.0
15.0   14.6976439603   0.0   1.0
15.0   15.0   0.0   1.0

------------------------------------------------------------------------------------------
Number of control points  - (u, v, t) - PATCH 2
------------------------------------------------------------------------------------------
20 20 0

------------------------------------------------------------------------------------------
Degree (u,v,t) - PATCH 2
------------------------------------------------------------------------------------------
3 3 0

------------------------------------------------------------------------------------------
KNOT VECTOR (u) - PATCH 2
------------------------------------------------------------------------------------------
0.000000000000000
0.000000000000000
0.000000000000000
0.000000000000000
0.058823529411765
0.117647058823529
0.176470588235294
0.235294117647059
0.294117647058823
0.352941176470588
0.411764705882353
0.470588235294118
0.529411764705882
0.588235294117647
0.647058823529412
0.705882352941176
0.764705882352941
0.823529411764706
0.882352941176471
0.941176470588235
1.000000000000000
1.000000000000000
1.000000000000000
1.000000000000000

------------------------------------------------------------------------------------------
KNOT VECTOR (v) - PATCH 2
------------------------------------------------------------------------------------------
0.000000000000000
0.000000000000000
0.000000000000000
0.000000000000000
0.058823529411765
0.117647058823529
0.176470588235294
0.235294117647059
0.294117647058823
0.352941176470588
0.411764705882353
0.470588235294118
0.529411764705882
0.588235294117647
0.647058823529412
0.705882352941176
0.764705882352941
0.823529411764706
0.882352941176471
0.941176470588235
1.000000000000000
1.000000000000000
1.000000000000000
1.000000000000000

------------------------------------------------------------------------------------------
NUMBER OF NEUMMAN BOUNDARY CONDITION - PATCH 2
------------------------------------------------------------------------------------------
20

------------------------------------------------------------------------------------------
CONTROL POINT INDEX    VALUES (X, Y) - PATCH 2
------------------------------------------------------------------------------------------
19 22.5 0.0
39 22.5 0.0
59 22.5 0.0
79 22.5 0.0
99 22.5 0.0
119 22.5 0.0
139 22.5 0.0
159 22.5 0.0
179 22.5 0.0
199 22.5 0.0
219 22.5 0.0
239 22.5 0.0
259 22.5 0.0
279 22.5 0.0
299 22.5 0.0
319 22.5 0.0
339 22.5 0.0
359 22.5 0.0
379 22.5 0.0
399 22.5 0.0

------------------------------------------------------------------------------------------
NUMBER OF DIRICHELET BOUNDARY CONDITION - PATCH 2
------------------------------------------------------------------------------------------
0

------------------------------------------------------------------------------------------
CONTROL POINT INDEX    (0-FREE, 1- DISPLACEMENT) VALUES (X, Y) - PATCH 2
------------------------------------------------------------------------------------------

------------------------------------------------------------------------------------------
NUMBER OF CONTROL POINTS - PATCH 3        
------------------------------------------------------------------------------------------
400  

------------------------------------------------------------------------------------------
INDEX MATERIAL - PATCH 3
------------------------------------------------------------------------------------------
0 

------------------------------------------------------------------------------------------
THICKNESS - PATCH 3        
------------------------------------------------------------------------------------------
1.  
     
------------------------------------------------------------------------------------------
CONTROL POINTS COORDINATES AND WEIGHT (X,Y,Z,W) - PATCH 3
------------------------------------------------------------------------------------------
0.0   0.0   0.0   1.0
0.143423611659   0.119743644323   0.0   1.0
0.430270834978   0.35923093297   0.0   1.0
0.860541669956   0.718461865941   0.0   1.0
1.29081250493   1.07769279891   0.0   1.0
1.72108333991   1.43692373188   0.0   1.0
2.15135417489   1.79615466485   0.0   1.0
2.58162500987   2.15538559782   0.0   1.0
3.01189584485   2.51461653079   0.0   1.0
3.44216667983   2.87384746376   0.0   1.0
3.87243751480   3.23307839673   0.0   1.0
4.30270834978   3.59230932970   0.0   1.0
4.73297918476   3.95154026267   0.0   1.0
5.16325001974   4.31077119564   0.0   1.0
5.59352085472   4.67000212861   0.0   1.0
6.02379168969   5.02923306158   0.0   1.0
6.45406252467   5.38846399455   0.0   1.0
6.88433335965   5.74769492753   0.0   1.0
7.17118058297   5.98718221617   0.0   1.0
7.31460419463   6.10692586050   0.0   1.0
0.295767566075   0.0   0.0   1.0
0.43350125946   0.119612556086   0.0   1.0
0.70896864623   0.358837668257   0.0   1.0
1.12216972638   0.717675336513   0.0   1.0
1.53537080654   1.07651300477   0.0   1.0
1.94857188669   1.43535067303   0.0   1.0
2.36177296685   1.79418834128   0.0   1.0
2.77497404700   2.15302600954   0.0   1.0
3.18817512716   2.51186367780   0.0   1.0
3.60137620731   2.87070134605   0.0   1.0
4.01457728747   3.22953901431   0.0   1.0
4.42777836762   3.58837668257   0.0   1.0
4.84097944778   3.94721435082   0.0   1.0
5.25418052793   4.30605201908   0.0   1.0
5.66738160809   4.66488968734   0.0   1.0
6.08058268824   5.02372735559   0.0   1.0
6.49378376839   5.38256502385   0.0   1.0
6.90698484855   5.74140269211   0.0   1.0
7.18245223532   5.98062780428   0.0   1.0
7.32018592870   6.10024036036   0.0   1.0
0.886961134174   0.0   0.0   1.0
1.01332850767   0.119355754402   0.0   1.0
1.26606325467   0.358067263207   0.0   1.0
1.64516537516   0.716134526415   0.0   1.0
2.02426749565   1.07420178962   0.0   1.0
2.40336961614   1.43226905283   0.0   1.0
2.78247173664   1.79033631604   0.0   1.0
3.16157385713   2.14840357924   0.0   1.0
3.54067597762   2.50647084245   0.0   1.0
3.91977809812   2.86453810566   0.0   1.0
4.29888021861   3.22260536887   0.0   1.0
4.67798233910   3.58067263207   0.0   1.0
5.05708445959   3.93873989528   0.0   1.0
5.43618658009   4.29680715849   0.0   1.0
5.81528870058   4.65487442170   0.0   1.0
6.19439082107   5.01294168490   0.0   1.0
6.57349294157   5.37100894811   0.0   1.0
6.95259506206   5.72907621132   0.0   1.0
7.20532980905   5.96778772012   0.0   1.0
7.33169718255   6.08714347452   0.0   1.0
1.77264156426   0.0   0.0   1.0
1.88200343430   0.118991867468   0.0   1.0
2.10072717436   0.356975602405   0.0   1.0
2.42881278446   0.713951204811   0.0   1.0
2.75689839456   1.07092680722   0.0   1.0
3.08498400466   1.42790240962   0.0   1.0
3.41306961476   1.78487801203   0.0   1.0
3.74115522486   2.14185361443   0.0   1.0
4.06924083496   2.49882921684   0.0   1.0
4.39732644506   2.85580481924   0.0   1.0
4.72541205516   3.21278042165   0.0   1.0
5.05349766526   3.56975602405   0.0   1.0
5.38158327536   3.92673162646   0.0   1.0
5.70966888546   4.28370722886   0.0   1.0
6.03775449556   4.64068283127   0.0   1.0
6.36584010565   4.99765843368   0.0   1.0
6.69392571575   5.35463403608   0.0   1.0
7.02201132585   5.71160963849   0.0   1.0
7.24073506592   5.94959337342   0.0   1.0
7.35009693595   6.06858524089   0.0   1.0
2.65712528327   0.0   0.0   1.0
2.74952909993   0.118654162185   0.0   1.0
2.93433673326   0.355962486556   0.0   1.0
3.21154818325   0.711924973111   0.0   1.0
3.48875963324   1.06788745967   0.0   1.0
3.76597108323   1.42384994622   0.0   1.0
4.04318253322   1.77981243278   0.0   1.0
4.32039398321   2.13577491933   0.0   1.0
4.5976054332   2.49173740589   0.0   1.0
4.87481688319   2.84769989244   0.0   1.0
5.15202833318   3.203662379   0.0   1.0
5.42923978317   3.55962486556   0.0   1.0
5.70645123316   3.91558735211   0.0   1.0
5.98366268315   4.27154983867   0.0   1.0
6.26087413314   4.62751232522   0.0   1.0
6.53808558313   4.98347481178   0.0   1.0
6.81529703312   5.33943729833   0.0   1.0
7.09250848311   5.69539978489   0.0   1.0
7.27731611644   5.93270810926   0.0   1.0
7.36971993310   6.05136227144   0.0   1.0
3.54033286111   0.0   0.0   1.0
3.61582925228   0.118348381568   0.0   1.0
3.76682203461   0.355045144703   0.0   1.0
3.99331120810   0.710090289405   0.0   1.0
4.21980038160   1.06513543411   0.0   1.0
4.44628955510   1.42018057881   0.0   1.0
4.67277872859   1.77522572351   0.0   1.0
4.89926790209   2.13027086822   0.0   1.0
5.12575707559   2.48531601292   0.0   1.0
5.35224624909   2.84036115762   0.0   1.0
5.57873542258   3.19540630232   0.0   1.0
5.80522459608   3.55045144703   0.0   1.0
6.03171376958   3.90549659173   0.0   1.0
6.25820294307   4.26054173643   0.0   1.0
6.48469211657   4.61558688113   0.0   1.0
6.71118129007   4.97063202584   0.0   1.0
6.93767046356   5.32567717054   0.0   1.0
7.16415963706   5.68072231524   0.0   1.0
7.31515241939   5.91741907838   0.0   1.0
7.39064881056   6.03576745994   0.0   1.0
4.42225244574   0.0   0.0   1.0
4.48089260641   0.118084906354   0.0   1.0
4.59817292776   0.354254719062   0.0   1.0
4.77409340978   0.708509438124   0.0   1.0
4.95001389179   1.06276415719   0.0   1.0
5.12593437381   1.41701887625   0.0   1.0
5.30185485583   1.77127359531   0.0   1.0
5.47777533785   2.12552831437   0.0   1.0
5.65369581986   2.47978303343   0.0   1.0
5.82961630188   2.83403775250   0.0   1.0
6.0055367839   3.18829247156   0.0   1.0
6.18145726592   3.54254719062   0.0   1.0
6.35737774794   3.89680190968   0.0   1.0
6.53329822995   4.25105662874   0.0   1.0
6.70921871197   4.60531134780   0.0   1.0
6.88513919399   4.95956606687   0.0   1.0
7.06105967601   5.31382078593   0.0   1.0
7.23698015802   5.66807550499   0.0   1.0
7.35426047937   5.90424531770   0.0   1.0
7.41290064004   6.02233022405   0.0   1.0
5.30281350883   0.0   0.0   1.0
5.34465142002   0.117873588231   0.0   1.0
5.42832724240   0.353620764694   0.0   1.0
5.55384097596   0.707241529389   0.0   1.0
5.67935470953   1.06086229408   0.0   1.0
5.80486844309   1.41448305878   0.0   1.0
5.93038217666   1.76810382347   0.0   1.0
6.05589591022   2.12172458817   0.0   1.0
6.18140964379   2.47534535286   0.0   1.0
6.30692337736   2.82896611756   0.0   1.0
6.43243711092   3.18258688225   0.0   1.0
6.55795084449   3.53620764694   0.0   1.0
6.68346457805   3.88982841164   0.0   1.0
6.80897831162   4.24344917633   0.0   1.0
6.93449204518   4.59706994103   0.0   1.0
7.06000577875   4.95069070572   0.0   1.0
7.18551951232   5.30431147042   0.0   1.0
7.31103324588   5.65793223511   0.0   1.0
7.39470906826   5.89367941157   0.0   1.0
7.43654697945   6.01155299980   0.0   1.0
6.18214866774   0.0   0.0   1.0
6.20723303722   0.117723961263   0.0   1.0
6.25740177616   0.35317188379   0.0   1.0
6.33265488458   0.706343767579   0.0   1.0
6.40790799300   1.05951565137   0.0   1.0
6.48316110142   1.41268753516   0.0   1.0
6.55841420983   1.76585941895   0.0   1.0
6.63366731825   2.11903130274   0.0   1.0
6.70892042667   2.47220318653   0.0   1.0
6.78417353509   2.82537507032   0.0   1.0
6.85942664351   3.17854695411   0.0   1.0
6.93467975192   3.53171883790   0.0   1.0
7.00993286034   3.88489072169   0.0   1.0
7.08518596876   4.23806260547   0.0   1.0
7.16043907718   4.59123448926   0.0   1.0
7.23569218560   4.94440637305   0.0   1.0
7.31094529401   5.29757825684   0.0   1.0
7.38619840243   5.65075014063   0.0   1.0
7.43636714138   5.88619806316   0.0   1.0
7.46145151085   6.00392202442   0.0   1.0
7.06079434183   0.0   0.0   1.0
7.06915267107   0.11764392263   0.0   1.0
7.08586932955   0.352931767889   0.0   1.0
7.11094431727   0.705863535778   0.0   1.0
7.13601930500   1.05879530367   0.0   1.0
7.16109429272   1.41172707156   0.0   1.0
7.18616928044   1.76465883944   0.0   1.0
7.21124426816   2.11759060733   0.0   1.0
7.23631925588   2.47052237522   0.0   1.0
7.26139424360   2.82345414311   0.0   1.0
7.28646923132   3.176385911   0.0   1.0
7.31154421904   3.52931767889   0.0   1.0
7.33661920676   3.88224944678   0.0   1.0
7.36169419448   4.23518121467   0.0   1.0
7.38676918221   4.58811298256   0.0   1.0
7.41184416993   4.94104475044   0.0   1.0
7.43691915765   5.29397651833   0.0   1.0
7.46199414537   5.64690828622   0.0   1.0
7.47871080385   5.88219613148   0.0   1.0
7.48706913309   5.99984005411   0.0   1.0
7.93920553316   0.0   0.0   1.0
7.93084720701   0.11764390721   0.0   1.0
7.91413055470   0.35293172163   0.0   1.0
7.88905557625   0.705863443261   0.0   1.0
7.86398059779   1.05879516489   0.0   1.0
7.83890561934   1.41172688652   0.0   1.0
7.81383064088   1.76465860815   0.0   1.0
7.78875566243   2.11759032978   0.0   1.0
7.76368068397   2.47052205141   0.0   1.0
7.73860570551   2.82345377304   0.0   1.0
7.71353072706   3.17638549467   0.0   1.0
7.68845574860   3.52931721630   0.0   1.0
7.66338077015   3.88224893793   0.0   1.0
7.63830579169   4.23518065956   0.0   1.0
7.61323081324   4.58811238120   0.0   1.0
7.58815583478   4.94104410283   0.0   1.0
7.56308085633   5.29397582446   0.0   1.0
7.53800587787   5.64690754609   0.0   1.0
7.52128922557   5.88219536051   0.0   1.0
7.51293089942   5.99983926772   0.0   1.0
8.81785346215   0.0   0.0   1.0
8.79276900788   0.117723923017   0.0   1.0
8.74260009934   0.35317176905   0.0   1.0
8.66734673654   0.706343538101   0.0   1.0
8.59209337373   1.05951530715   0.0   1.0
8.51684001092   1.41268707620   0.0   1.0
8.44158664811   1.76585884525   0.0   1.0
8.36633328530   2.11903061430   0.0   1.0
8.29107992249   2.47220238335   0.0   1.0
8.21582655968   2.82537415240   0.0   1.0
8.14057319688   3.17854592145   0.0   1.0
8.06531983407   3.53171769050   0.0   1.0
7.99006647126   3.88488945955   0.0   1.0
7.91481310845   4.23806122860   0.0   1.0
7.83955974564   4.59123299765   0.0   1.0
7.76430638283   4.94440476670   0.0   1.0
7.68905302002   5.29757653575   0.0   1.0
7.61379965721   5.65074830480   0.0   1.0
7.56363074868   5.88619615084   0.0   1.0
7.53854629441   6.00392007386   0.0   1.0
9.69719047576   0.0   0.0   1.0
9.65535241207   0.117873548228   0.0   1.0
9.57167628468   0.353620644685   0.0   1.0
9.44616209360   0.707241289369   0.0   1.0
9.32064790252   1.06086193405   0.0   1.0
9.19513371144   1.41448257874   0.0   1.0
9.06961952036   1.76810322342   0.0   1.0
8.94410532928   2.12172386811   0.0   1.0
8.81859113820   2.47534451279   0.0   1.0
8.69307694712   2.82896515748   0.0   1.0
8.56756275604   3.18258580216   0.0   1.0
8.44204856496   3.53620644685   0.0   1.0
8.31653437388   3.88982709153   0.0   1.0
8.19102018280   4.24344773622   0.0   1.0
8.06550599172   4.59706838090   0.0   1.0
7.93999180064   4.95068902559   0.0   1.0
7.81447760956   5.30430967027   0.0   1.0
7.68896341848   5.65793031496   0.0   1.0
7.60528729109   5.89367741141   0.0   1.0
7.56344922740   6.01155095964   0.0   1.0
10.5777493167   0.0   0.0   1.0
10.5191090862   0.118084904533   0.0   1.0
10.4018286251   0.354254713599   0.0   1.0
10.2259079334   0.708509427199   0.0   1.0
10.0499872418   1.06276414080   0.0   1.0
9.87406655016   1.41701885440   0.0   1.0
9.69814585853   1.77127356800   0.0   1.0
9.52222516689   2.12552828160   0.0   1.0
9.34630447525   2.47978299520   0.0   1.0
9.17038378361   2.83403770880   0.0   1.0
8.99446309197   3.18829242240   0.0   1.0
8.81854240033   3.54254713599   0.0   1.0
8.64262170869   3.89680184959   0.0   1.0
8.46670101705   4.25105656319   0.0   1.0
8.29078032541   4.60531127679   0.0   1.0
8.11485963377   4.95956599039   0.0   1.0
7.93893894213   5.31382070399   0.0   1.0
7.76301825049   5.66807541759   0.0   1.0
7.64573778939   5.90424522666   0.0   1.0
7.58709755885   6.02233013119   0.0   1.0
11.4596644223   0.0   0.0   1.0
11.3841681360   0.118348438561   0.0   1.0
11.2331755633   0.355045315682   0.0   1.0
11.0066867043   0.710090631365   0.0   1.0
10.7801978453   1.06513594705   0.0   1.0
10.5537089863   1.42018126273   0.0   1.0
10.3272201273   1.77522657841   0.0   1.0
10.1007312683   2.13027189409   0.0   1.0
9.87424240931   2.48531720978   0.0   1.0
9.64775355030   2.84036252546   0.0   1.0
9.42126469130   3.19540784114   0.0   1.0
9.19477583229   3.55045315682   0.0   1.0
8.96828697329   3.90549847251   0.0   1.0
8.74179811428   4.26054378819   0.0   1.0
8.51530925528   4.61558910387   0.0   1.0
8.28882039627   4.97063441955   0.0   1.0
8.06233153727   5.32567973524   0.0   1.0
7.83584267826   5.68072505092   0.0   1.0
7.68485010559   5.91742192804   0.0   1.0
7.60935381926   6.03577036660   0.0   1.0
12.3428684676   0.0   0.0   1.0
12.2504648957   0.118654262649   0.0   1.0
12.0656577520   0.355962787948   0.0   1.0
11.7884470363   0.711925575896   0.0   1.0
11.5112363207   1.06788836384   0.0   1.0
11.2340256050   1.42385115179   0.0   1.0
10.9568148894   1.77981393974   0.0   1.0
10.6796041738   2.13577672769   0.0   1.0
10.4023934581   2.49173951564   0.0   1.0
10.1251827425   2.84770230358   0.0   1.0
9.84797202683   3.20366509153   0.0   1.0
9.57076131119   3.55962787948   0.0   1.0
9.29355059555   3.91559066743   0.0   1.0
9.01633987991   4.27155345538   0.0   1.0
8.73912916427   4.62751624332   0.0   1.0
8.46191844863   4.98347903127   0.0   1.0
8.18470773299   5.33944181922   0.0   1.0
7.90749701734   5.69540460717   0.0   1.0
7.72268987358   5.93271313247   0.0   1.0
7.63028630170   6.05136739512   0.0   1.0
13.2273526574   0.0   0.0   1.0
13.1179910119   0.118991958491   0.0   1.0
12.8992677207   0.356975875473   0.0   1.0
12.5711827840   0.713951750945   0.0   1.0
12.2430978473   1.07092762642   0.0   1.0
11.9150129106   1.42790350189   0.0   1.0
11.5869279739   1.78487937736   0.0   1.0
11.2588430372   2.14185525284   0.0   1.0
10.9307581005   2.49883112831   0.0   1.0
10.6026731638   2.85580700378   0.0   1.0
10.2745882272   3.21278287925   0.0   1.0
9.94650329045   3.56975875473   0.0   1.0
9.61841835376   3.9267346302   0.0   1.0
9.29033341706   4.28371050567   0.0   1.0
8.96224848036   4.64068638115   0.0   1.0
8.63416354366   4.99766225662   0.0   1.0
8.30607860696   5.35463813209   0.0   1.0
7.97799367027   5.71161400756   0.0   1.0
7.75927037913   5.94959792455   0.0   1.0
7.64990873357   6.06858988304   0.0   1.0
14.1130362467   0.0   0.0   1.0
13.9866689746   0.119355801116   0.0   1.0
13.7339344306   0.358067403349   0.0   1.0
13.3548326144   0.716134806697   0.0   1.0
12.9757307983   1.07420221005   0.0   1.0
12.5966289822   1.43226961339   0.0   1.0
12.2175271661   1.79033701674   0.0   1.0
11.8384253500   2.14840442009   0.0   1.0
11.4593235338   2.50647182344   0.0   1.0
11.0802217177   2.86453922679   0.0   1.0
10.7011199016   3.22260663014   0.0   1.0
10.3220180855   3.58067403349   0.0   1.0
9.94291626937   3.93874143684   0.0   1.0
9.56381445325   4.29680884018   0.0   1.0
9.18471263713   4.65487624353   0.0   1.0
8.80561082101   5.01294364688   0.0   1.0
8.42650900489   5.37101105023   0.0   1.0
8.04740718877   5.72907845358   0.0   1.0
7.79467264469   5.96779005581   0.0   1.0
7.66830537265   6.08714585693   0.0   1.0
14.7042318824   0.0   0.0   1.0
14.5664982110   0.119612569457   0.0   1.0
14.2910308682   0.358837708372   0.0   1.0
13.8778298540   0.717675416744   0.0   1.0
13.4646288399   1.07651312512   0.0   1.0
13.0514278257   1.43535083349   0.0   1.0
12.6382268116   1.79418854186   0.0   1.0
12.2250257974   2.15302625023   0.0   1.0
11.8118247833   2.51186395860   0.0   1.0
11.3986237691   2.87070166698   0.0   1.0
10.9854227550   3.22953937535   0.0   1.0
10.5722217408   3.58837708372   0.0   1.0
10.1590207266   3.94721479209   0.0   1.0
9.74581971249   4.30605250046   0.0   1.0
9.33261869833   4.66489020884   0.0   1.0
8.91941768418   5.02372791721   0.0   1.0
8.50621667002   5.38256562558   0.0   1.0
8.09301565586   5.74140333395   0.0   1.0
7.81754831309   5.98062847287   0.0   1.0
7.67981464171   6.10024104232   0.0   1.0
15.0   0.0   0.0   1.0
14.8565763883   0.119743644323   0.0   1.0
14.5697291650   0.359230932969   0.0   1.0
14.1394583300   0.718461865938   0.0   1.0
13.7091874951   1.07769279891   0.0   1.0
13.2789166601   1.43692373188   0.0   1.0
12.8486458251   1.79615466484   0.0   1.0
12.4183749901   2.15538559781   0.0   1.0
11.9881041551   2.51461653078   0.0   1.0
11.5578333202   2.87384746375   0.0   1.0
11.1275624852   3.23307839672   0.0   1.0
10.6972916502   3.59230932969   0.0   1.0
10.2670208152   3.95154026266   0.0   1.0
9.83674998025   4.31077119563   0.0   1.0
9.40647914527   4.67000212859   0.0   1.0
8.97620831029   5.02923306156   0.0   1.0
8.54593747531   5.38846399453   0.0   1.0
8.11566664033   5.74769492750   0.0   1.0
7.82881941701   5.98718221615   0.0   1.0
7.68539580535   6.10692586047   0.0   1.0

------------------------------------------------------------------------------------------
Number of control points  - (u, v, t) - PATCH 3
------------------------------------------------------------------------------------------
20 20 0

------------------------------------------------------------------------------------------
Degree (u,v,t) - PATCH 3
------------------------------------------------------------------------------------------
3 3 0

------------------------------------------------------------------------------------------
KNOT VECTOR (u) - PATCH 3
------------------------------------------------------------------------------------------
0.000000000000000
0.000000000000000
0.000000000000000
0.000000000000000
0.058823529411765
0.117647058823529
0.176470588235294
0.235294117647059
0.294117647058823
0.352941176470588
0.411764705882353
0.470588235294118
0.529411764705882
0.588235294117647
0.647058823529412
0.705882352941176
0.764705882352941
0.823529411764706
0.882352941176471
0.941176470588235
1.000000000000000
1.000000000000000
1.000000000000000
1.000000000000000

------------------------------------------------------------------------------------------
KNOT VECTOR (v) - PATCH 3
------------------------------------------------------------------------------------------
0.000000000000000
0.000000000000000
0.000000000000000
0.000000000000000
0.058823529411765
0.117647058823529
0.176470588235294
0.235294117647059
0.294117647058823
0.352941176470588
0.411764705882353
0.470588235294118
0.529411764705882
0.588235294117647
0.647058823529412
0.705882352941176
0.764705882352941
0.823529411764706
0.882352941176471
0.941176470588235
1.000000000000000
1.000000000000000
1.000000000000000
1.000000000000000

------------------------------------------------------------------------------------------
NUMBER OF NEUMMAN BOUNDARY CONDITION - PATCH 3
------------------------------------------------------------------------------------------
0

------------------------------------------------------------------------------------------
CONTROL POINT INDEX    VALUES (X, Y) - PATCH 3
------------------------------------------------------------------------------------------

------------------------------------------------------------------------------------------
NUMBER OF DIRICHELET BOUNDARY CONDITION - PATCH 3
------------------------------------------------------------------------------------------
0

------------------------------------------------------------------------------------------
CONTROL POINT INDEX    (0-FREE, 1- DISPLACEMENT) VALUES (X, Y) - PATCH 3
------------------------------------------------------------------------------------------


