------------------------------------------------------------------------------------------
NUMBER OF PATCHES        
------------------------------------------------------------------------------------------
1  
  
------------------------------------------------------------------------------------------
NUMBER OF CONTROL POINTS - PATCH 0        
------------------------------------------------------------------------------------------
2000  

------------------------------------------------------------------------------------------
INDEX MATERIAL - PATCH 0
------------------------------------------------------------------------------------------
0 

------------------------------------------------------------------------------------------
THICKNESS - PATCH 0        
------------------------------------------------------------------------------------------
12.  
     
------------------------------------------------------------------------------------------
CONTROL POINTS COORDINATES AND WEIGHT (X,Y,Z,W) - PATCH 0
------------------------------------------------------------------------------------------
0.0   0.0   0.0   1.0
0.0   1.875   0.0   1.0
0.0   5.625   0.0   1.0
0.0   9.375   0.0   1.0
0.0   13.125   0.0   1.0
0.0   16.875   0.0   1.0
0.0   20.625   0.0   1.0
0.0   24.375   0.0   1.0
0.0   28.125   0.0   1.0
0.0   30.0   0.0   1.0
1.26262626263   0.0   0.0   1.0
1.26262626263   1.875   0.0   1.0
1.26262626263   5.625   0.0   1.0
1.26262626263   9.375   0.0   1.0
1.26262626263   13.125   0.0   1.0
1.26262626263   16.875   0.0   1.0
1.26262626263   20.625   0.0   1.0
1.26262626263   24.375   0.0   1.0
1.26262626263   28.125   0.0   1.0
1.26262626263   30.0   0.0   1.0
3.78787878788   0.0   0.0   1.0
3.78787878788   1.875   0.0   1.0
3.78787878788   5.625   0.0   1.0
3.78787878788   9.375   0.0   1.0
3.78787878788   13.125   0.0   1.0
3.78787878788   16.875   0.0   1.0
3.78787878788   20.625   0.0   1.0
3.78787878788   24.375   0.0   1.0
3.78787878788   28.125   0.0   1.0
3.78787878788   30.0   0.0   1.0
6.31313131313   0.0   0.0   1.0
6.31313131313   1.875   0.0   1.0
6.31313131313   5.625   0.0   1.0
6.31313131313   9.375   0.0   1.0
6.31313131313   13.125   0.0   1.0
6.31313131313   16.875   0.0   1.0
6.31313131313   20.625   0.0   1.0
6.31313131313   24.375   0.0   1.0
6.31313131313   28.125   0.0   1.0
6.31313131313   30.0   0.0   1.0
8.83838383838   0.0   0.0   1.0
8.83838383838   1.875   0.0   1.0
8.83838383838   5.625   0.0   1.0
8.83838383838   9.375   0.0   1.0
8.83838383838   13.125   0.0   1.0
8.83838383838   16.875   0.0   1.0
8.83838383838   20.625   0.0   1.0
8.83838383838   24.375   0.0   1.0
8.83838383838   28.125   0.0   1.0
8.83838383838   30.0   0.0   1.0
11.3636363636   0.0   0.0   1.0
11.3636363636   1.875   0.0   1.0
11.3636363636   5.625   0.0   1.0
11.3636363636   9.375   0.0   1.0
11.3636363636   13.125   0.0   1.0
11.3636363636   16.875   0.0   1.0
11.3636363636   20.625   0.0   1.0
11.3636363636   24.375   0.0   1.0
11.3636363636   28.125   0.0   1.0
11.3636363636   30.0   0.0   1.0
13.8888888889   0.0   0.0   1.0
13.8888888889   1.875   0.0   1.0
13.8888888889   5.625   0.0   1.0
13.8888888889   9.375   0.0   1.0
13.8888888889   13.125   0.0   1.0
13.8888888889   16.875   0.0   1.0
13.8888888889   20.625   0.0   1.0
13.8888888889   24.375   0.0   1.0
13.8888888889   28.125   0.0   1.0
13.8888888889   30.0   0.0   1.0
16.4141414141   0.0   0.0   1.0
16.4141414141   1.875   0.0   1.0
16.4141414141   5.625   0.0   1.0
16.4141414141   9.375   0.0   1.0
16.4141414141   13.125   0.0   1.0
16.4141414141   16.875   0.0   1.0
16.4141414141   20.625   0.0   1.0
16.4141414141   24.375   0.0   1.0
16.4141414141   28.125   0.0   1.0
16.4141414141   30.0   0.0   1.0
18.9393939394   0.0   0.0   1.0
18.9393939394   1.875   0.0   1.0
18.9393939394   5.625   0.0   1.0
18.9393939394   9.375   0.0   1.0
18.9393939394   13.125   0.0   1.0
18.9393939394   16.875   0.0   1.0
18.9393939394   20.625   0.0   1.0
18.9393939394   24.375   0.0   1.0
18.9393939394   28.125   0.0   1.0
18.9393939394   30.0   0.0   1.0
21.4646464646   0.0   0.0   1.0
21.4646464646   1.875   0.0   1.0
21.4646464646   5.625   0.0   1.0
21.4646464646   9.375   0.0   1.0
21.4646464646   13.125   0.0   1.0
21.4646464646   16.875   0.0   1.0
21.4646464646   20.625   0.0   1.0
21.4646464646   24.375   0.0   1.0
21.4646464646   28.125   0.0   1.0
21.4646464646   30.0   0.0   1.0
23.9898989899   0.0   0.0   1.0
23.9898989899   1.875   0.0   1.0
23.9898989899   5.625   0.0   1.0
23.9898989899   9.375   0.0   1.0
23.9898989899   13.125   0.0   1.0
23.9898989899   16.875   0.0   1.0
23.9898989899   20.625   0.0   1.0
23.9898989899   24.375   0.0   1.0
23.9898989899   28.125   0.0   1.0
23.9898989899   30.0   0.0   1.0
26.5151515152   0.0   0.0   1.0
26.5151515152   1.875   0.0   1.0
26.5151515152   5.625   0.0   1.0
26.5151515152   9.375   0.0   1.0
26.5151515152   13.125   0.0   1.0
26.5151515152   16.875   0.0   1.0
26.5151515152   20.625   0.0   1.0
26.5151515152   24.375   0.0   1.0
26.5151515152   28.125   0.0   1.0
26.5151515152   30.0   0.0   1.0
29.0404040404   0.0   0.0   1.0
29.0404040404   1.875   0.0   1.0
29.0404040404   5.625   0.0   1.0
29.0404040404   9.375   0.0   1.0
29.0404040404   13.125   0.0   1.0
29.0404040404   16.875   0.0   1.0
29.0404040404   20.625   0.0   1.0
29.0404040404   24.375   0.0   1.0
29.0404040404   28.125   0.0   1.0
29.0404040404   30.0   0.0   1.0
31.5656565657   0.0   0.0   1.0
31.5656565657   1.875   0.0   1.0
31.5656565657   5.625   0.0   1.0
31.5656565657   9.375   0.0   1.0
31.5656565657   13.125   0.0   1.0
31.5656565657   16.875   0.0   1.0
31.5656565657   20.625   0.0   1.0
31.5656565657   24.375   0.0   1.0
31.5656565657   28.125   0.0   1.0
31.5656565657   30.0   0.0   1.0
34.0909090909   0.0   0.0   1.0
34.0909090909   1.875   0.0   1.0
34.0909090909   5.625   0.0   1.0
34.0909090909   9.375   0.0   1.0
34.0909090909   13.125   0.0   1.0
34.0909090909   16.875   0.0   1.0
34.0909090909   20.625   0.0   1.0
34.0909090909   24.375   0.0   1.0
34.0909090909   28.125   0.0   1.0
34.0909090909   30.0   0.0   1.0
36.6161616162   0.0   0.0   1.0
36.6161616162   1.875   0.0   1.0
36.6161616162   5.625   0.0   1.0
36.6161616162   9.375   0.0   1.0
36.6161616162   13.125   0.0   1.0
36.6161616162   16.875   0.0   1.0
36.6161616162   20.625   0.0   1.0
36.6161616162   24.375   0.0   1.0
36.6161616162   28.125   0.0   1.0
36.6161616162   30.0   0.0   1.0
39.1414141414   0.0   0.0   1.0
39.1414141414   1.875   0.0   1.0
39.1414141414   5.625   0.0   1.0
39.1414141414   9.375   0.0   1.0
39.1414141414   13.125   0.0   1.0
39.1414141414   16.875   0.0   1.0
39.1414141414   20.625   0.0   1.0
39.1414141414   24.375   0.0   1.0
39.1414141414   28.125   0.0   1.0
39.1414141414   30.0   0.0   1.0
41.6666666667   0.0   0.0   1.0
41.6666666667   1.875   0.0   1.0
41.6666666667   5.625   0.0   1.0
41.6666666667   9.375   0.0   1.0
41.6666666667   13.125   0.0   1.0
41.6666666667   16.875   0.0   1.0
41.6666666667   20.625   0.0   1.0
41.6666666667   24.375   0.0   1.0
41.6666666667   28.125   0.0   1.0
41.6666666667   30.0   0.0   1.0
44.1919191919   0.0   0.0   1.0
44.1919191919   1.875   0.0   1.0
44.1919191919   5.625   0.0   1.0
44.1919191919   9.375   0.0   1.0
44.1919191919   13.125   0.0   1.0
44.1919191919   16.875   0.0   1.0
44.1919191919   20.625   0.0   1.0
44.1919191919   24.375   0.0   1.0
44.1919191919   28.125   0.0   1.0
44.1919191919   30.0   0.0   1.0
46.7171717172   0.0   0.0   1.0
46.7171717172   1.875   0.0   1.0
46.7171717172   5.625   0.0   1.0
46.7171717172   9.375   0.0   1.0
46.7171717172   13.125   0.0   1.0
46.7171717172   16.875   0.0   1.0
46.7171717172   20.625   0.0   1.0
46.7171717172   24.375   0.0   1.0
46.7171717172   28.125   0.0   1.0
46.7171717172   30.0   0.0   1.0
49.2424242424   0.0   0.0   1.0
49.2424242424   1.875   0.0   1.0
49.2424242424   5.625   0.0   1.0
49.2424242424   9.375   0.0   1.0
49.2424242424   13.125   0.0   1.0
49.2424242424   16.875   0.0   1.0
49.2424242424   20.625   0.0   1.0
49.2424242424   24.375   0.0   1.0
49.2424242424   28.125   0.0   1.0
49.2424242424   30.0   0.0   1.0
51.7676767677   0.0   0.0   1.0
51.7676767677   1.875   0.0   1.0
51.7676767677   5.625   0.0   1.0
51.7676767677   9.375   0.0   1.0
51.7676767677   13.125   0.0   1.0
51.7676767677   16.875   0.0   1.0
51.7676767677   20.625   0.0   1.0
51.7676767677   24.375   0.0   1.0
51.7676767677   28.125   0.0   1.0
51.7676767677   30.0   0.0   1.0
54.2929292929   0.0   0.0   1.0
54.2929292929   1.875   0.0   1.0
54.2929292929   5.625   0.0   1.0
54.2929292929   9.375   0.0   1.0
54.2929292929   13.125   0.0   1.0
54.2929292929   16.875   0.0   1.0
54.2929292929   20.625   0.0   1.0
54.2929292929   24.375   0.0   1.0
54.2929292929   28.125   0.0   1.0
54.2929292929   30.0   0.0   1.0
56.8181818182   0.0   0.0   1.0
56.8181818182   1.875   0.0   1.0
56.8181818182   5.625   0.0   1.0
56.8181818182   9.375   0.0   1.0
56.8181818182   13.125   0.0   1.0
56.8181818182   16.875   0.0   1.0
56.8181818182   20.625   0.0   1.0
56.8181818182   24.375   0.0   1.0
56.8181818182   28.125   0.0   1.0
56.8181818182   30.0   0.0   1.0
59.3434343434   0.0   0.0   1.0
59.3434343434   1.875   0.0   1.0
59.3434343434   5.625   0.0   1.0
59.3434343434   9.375   0.0   1.0
59.3434343434   13.125   0.0   1.0
59.3434343434   16.875   0.0   1.0
59.3434343434   20.625   0.0   1.0
59.3434343434   24.375   0.0   1.0
59.3434343434   28.125   0.0   1.0
59.3434343434   30.0   0.0   1.0
61.8686868687   0.0   0.0   1.0
61.8686868687   1.875   0.0   1.0
61.8686868687   5.625   0.0   1.0
61.8686868687   9.375   0.0   1.0
61.8686868687   13.125   0.0   1.0
61.8686868687   16.875   0.0   1.0
61.8686868687   20.625   0.0   1.0
61.8686868687   24.375   0.0   1.0
61.8686868687   28.125   0.0   1.0
61.8686868687   30.0   0.0   1.0
64.3939393939   0.0   0.0   1.0
64.3939393939   1.875   0.0   1.0
64.3939393939   5.625   0.0   1.0
64.3939393939   9.375   0.0   1.0
64.3939393939   13.125   0.0   1.0
64.3939393939   16.875   0.0   1.0
64.3939393939   20.625   0.0   1.0
64.3939393939   24.375   0.0   1.0
64.3939393939   28.125   0.0   1.0
64.3939393939   30.0   0.0   1.0
66.9191919192   0.0   0.0   1.0
66.9191919192   1.875   0.0   1.0
66.9191919192   5.625   0.0   1.0
66.9191919192   9.375   0.0   1.0
66.9191919192   13.125   0.0   1.0
66.9191919192   16.875   0.0   1.0
66.9191919192   20.625   0.0   1.0
66.9191919192   24.375   0.0   1.0
66.9191919192   28.125   0.0   1.0
66.9191919192   30.0   0.0   1.0
69.4444444444   0.0   0.0   1.0
69.4444444444   1.875   0.0   1.0
69.4444444444   5.625   0.0   1.0
69.4444444444   9.375   0.0   1.0
69.4444444444   13.125   0.0   1.0
69.4444444444   16.875   0.0   1.0
69.4444444444   20.625   0.0   1.0
69.4444444444   24.375   0.0   1.0
69.4444444444   28.125   0.0   1.0
69.4444444444   30.0   0.0   1.0
71.9696969697   0.0   0.0   1.0
71.9696969697   1.875   0.0   1.0
71.9696969697   5.625   0.0   1.0
71.9696969697   9.375   0.0   1.0
71.9696969697   13.125   0.0   1.0
71.9696969697   16.875   0.0   1.0
71.9696969697   20.625   0.0   1.0
71.9696969697   24.375   0.0   1.0
71.9696969697   28.125   0.0   1.0
71.9696969697   30.0   0.0   1.0
74.4949494949   0.0   0.0   1.0
74.4949494949   1.875   0.0   1.0
74.4949494949   5.625   0.0   1.0
74.4949494949   9.375   0.0   1.0
74.4949494949   13.125   0.0   1.0
74.4949494949   16.875   0.0   1.0
74.4949494949   20.625   0.0   1.0
74.4949494949   24.375   0.0   1.0
74.4949494949   28.125   0.0   1.0
74.4949494949   30.0   0.0   1.0
77.0202020202   0.0   0.0   1.0
77.0202020202   1.875   0.0   1.0
77.0202020202   5.625   0.0   1.0
77.0202020202   9.375   0.0   1.0
77.0202020202   13.125   0.0   1.0
77.0202020202   16.875   0.0   1.0
77.0202020202   20.625   0.0   1.0
77.0202020202   24.375   0.0   1.0
77.0202020202   28.125   0.0   1.0
77.0202020202   30.0   0.0   1.0
79.5454545455   0.0   0.0   1.0
79.5454545455   1.875   0.0   1.0
79.5454545455   5.625   0.0   1.0
79.5454545455   9.375   0.0   1.0
79.5454545455   13.125   0.0   1.0
79.5454545455   16.875   0.0   1.0
79.5454545455   20.625   0.0   1.0
79.5454545455   24.375   0.0   1.0
79.5454545455   28.125   0.0   1.0
79.5454545455   30.0   0.0   1.0
82.0707070707   0.0   0.0   1.0
82.0707070707   1.875   0.0   1.0
82.0707070707   5.625   0.0   1.0
82.0707070707   9.375   0.0   1.0
82.0707070707   13.125   0.0   1.0
82.0707070707   16.875   0.0   1.0
82.0707070707   20.625   0.0   1.0
82.0707070707   24.375   0.0   1.0
82.0707070707   28.125   0.0   1.0
82.0707070707   30.0   0.0   1.0
84.5959595960   0.0   0.0   1.0
84.5959595960   1.875   0.0   1.0
84.5959595960   5.625   0.0   1.0
84.5959595960   9.375   0.0   1.0
84.5959595960   13.125   0.0   1.0
84.5959595960   16.875   0.0   1.0
84.5959595960   20.625   0.0   1.0
84.5959595960   24.375   0.0   1.0
84.5959595960   28.125   0.0   1.0
84.5959595960   30.0   0.0   1.0
87.1212121212   0.0   0.0   1.0
87.1212121212   1.875   0.0   1.0
87.1212121212   5.625   0.0   1.0
87.1212121212   9.375   0.0   1.0
87.1212121212   13.125   0.0   1.0
87.1212121212   16.875   0.0   1.0
87.1212121212   20.625   0.0   1.0
87.1212121212   24.375   0.0   1.0
87.1212121212   28.125   0.0   1.0
87.1212121212   30.0   0.0   1.0
89.6464646465   0.0   0.0   1.0
89.6464646465   1.875   0.0   1.0
89.6464646465   5.625   0.0   1.0
89.6464646465   9.375   0.0   1.0
89.6464646465   13.125   0.0   1.0
89.6464646465   16.875   0.0   1.0
89.6464646465   20.625   0.0   1.0
89.6464646465   24.375   0.0   1.0
89.6464646465   28.125   0.0   1.0
89.6464646465   30.0   0.0   1.0
92.1717171717   0.0   0.0   1.0
92.1717171717   1.875   0.0   1.0
92.1717171717   5.625   0.0   1.0
92.1717171717   9.375   0.0   1.0
92.1717171717   13.125   0.0   1.0
92.1717171717   16.875   0.0   1.0
92.1717171717   20.625   0.0   1.0
92.1717171717   24.375   0.0   1.0
92.1717171717   28.125   0.0   1.0
92.1717171717   30.0   0.0   1.0
94.6969696970   0.0   0.0   1.0
94.6969696970   1.875   0.0   1.0
94.6969696970   5.625   0.0   1.0
94.6969696970   9.375   0.0   1.0
94.6969696970   13.125   0.0   1.0
94.6969696970   16.875   0.0   1.0
94.6969696970   20.625   0.0   1.0
94.6969696970   24.375   0.0   1.0
94.6969696970   28.125   0.0   1.0
94.6969696970   30.0   0.0   1.0
97.2222222222   0.0   0.0   1.0
97.2222222222   1.875   0.0   1.0
97.2222222222   5.625   0.0   1.0
97.2222222222   9.375   0.0   1.0
97.2222222222   13.125   0.0   1.0
97.2222222222   16.875   0.0   1.0
97.2222222222   20.625   0.0   1.0
97.2222222222   24.375   0.0   1.0
97.2222222222   28.125   0.0   1.0
97.2222222222   30.0   0.0   1.0
99.7474747475   0.0   0.0   1.0
99.7474747475   1.875   0.0   1.0
99.7474747475   5.625   0.0   1.0
99.7474747475   9.375   0.0   1.0
99.7474747475   13.125   0.0   1.0
99.7474747475   16.875   0.0   1.0
99.7474747475   20.625   0.0   1.0
99.7474747475   24.375   0.0   1.0
99.7474747475   28.125   0.0   1.0
99.7474747475   30.0   0.0   1.0
102.272727273   0.0   0.0   1.0
102.272727273   1.875   0.0   1.0
102.272727273   5.625   0.0   1.0
102.272727273   9.375   0.0   1.0
102.272727273   13.125   0.0   1.0
102.272727273   16.875   0.0   1.0
102.272727273   20.625   0.0   1.0
102.272727273   24.375   0.0   1.0
102.272727273   28.125   0.0   1.0
102.272727273   30.0   0.0   1.0
104.797979798   0.0   0.0   1.0
104.797979798   1.875   0.0   1.0
104.797979798   5.625   0.0   1.0
104.797979798   9.375   0.0   1.0
104.797979798   13.125   0.0   1.0
104.797979798   16.875   0.0   1.0
104.797979798   20.625   0.0   1.0
104.797979798   24.375   0.0   1.0
104.797979798   28.125   0.0   1.0
104.797979798   30.0   0.0   1.0
107.323232323   0.0   0.0   1.0
107.323232323   1.875   0.0   1.0
107.323232323   5.625   0.0   1.0
107.323232323   9.375   0.0   1.0
107.323232323   13.125   0.0   1.0
107.323232323   16.875   0.0   1.0
107.323232323   20.625   0.0   1.0
107.323232323   24.375   0.0   1.0
107.323232323   28.125   0.0   1.0
107.323232323   30.0   0.0   1.0
109.848484848   0.0   0.0   1.0
109.848484848   1.875   0.0   1.0
109.848484848   5.625   0.0   1.0
109.848484848   9.375   0.0   1.0
109.848484848   13.125   0.0   1.0
109.848484848   16.875   0.0   1.0
109.848484848   20.625   0.0   1.0
109.848484848   24.375   0.0   1.0
109.848484848   28.125   0.0   1.0
109.848484848   30.0   0.0   1.0
112.373737374   0.0   0.0   1.0
112.373737374   1.875   0.0   1.0
112.373737374   5.625   0.0   1.0
112.373737374   9.375   0.0   1.0
112.373737374   13.125   0.0   1.0
112.373737374   16.875   0.0   1.0
112.373737374   20.625   0.0   1.0
112.373737374   24.375   0.0   1.0
112.373737374   28.125   0.0   1.0
112.373737374   30.0   0.0   1.0
114.898989899   0.0   0.0   1.0
114.898989899   1.875   0.0   1.0
114.898989899   5.625   0.0   1.0
114.898989899   9.375   0.0   1.0
114.898989899   13.125   0.0   1.0
114.898989899   16.875   0.0   1.0
114.898989899   20.625   0.0   1.0
114.898989899   24.375   0.0   1.0
114.898989899   28.125   0.0   1.0
114.898989899   30.0   0.0   1.0
117.424242424   0.0   0.0   1.0
117.424242424   1.875   0.0   1.0
117.424242424   5.625   0.0   1.0
117.424242424   9.375   0.0   1.0
117.424242424   13.125   0.0   1.0
117.424242424   16.875   0.0   1.0
117.424242424   20.625   0.0   1.0
117.424242424   24.375   0.0   1.0
117.424242424   28.125   0.0   1.0
117.424242424   30.0   0.0   1.0
119.949494949   0.0   0.0   1.0
119.949494949   1.875   0.0   1.0
119.949494949   5.625   0.0   1.0
119.949494949   9.375   0.0   1.0
119.949494949   13.125   0.0   1.0
119.949494949   16.875   0.0   1.0
119.949494949   20.625   0.0   1.0
119.949494949   24.375   0.0   1.0
119.949494949   28.125   0.0   1.0
119.949494949   30.0   0.0   1.0
122.474747475   0.0   0.0   1.0
122.474747475   1.875   0.0   1.0
122.474747475   5.625   0.0   1.0
122.474747475   9.375   0.0   1.0
122.474747475   13.125   0.0   1.0
122.474747475   16.875   0.0   1.0
122.474747475   20.625   0.0   1.0
122.474747475   24.375   0.0   1.0
122.474747475   28.125   0.0   1.0
122.474747475   30.0   0.0   1.0
125.0   0.0   0.0   1.0
125.0   1.875   0.0   1.0
125.0   5.625   0.0   1.0
125.0   9.375   0.0   1.0
125.0   13.125   0.0   1.0
125.0   16.875   0.0   1.0
125.0   20.625   0.0   1.0
125.0   24.375   0.0   1.0
125.0   28.125   0.0   1.0
125.0   30.0   0.0   1.0
127.525252525   0.0   0.0   1.0
127.525252525   1.875   0.0   1.0
127.525252525   5.625   0.0   1.0
127.525252525   9.375   0.0   1.0
127.525252525   13.125   0.0   1.0
127.525252525   16.875   0.0   1.0
127.525252525   20.625   0.0   1.0
127.525252525   24.375   0.0   1.0
127.525252525   28.125   0.0   1.0
127.525252525   30.0   0.0   1.0
130.050505051   0.0   0.0   1.0
130.050505051   1.875   0.0   1.0
130.050505051   5.625   0.0   1.0
130.050505051   9.375   0.0   1.0
130.050505051   13.125   0.0   1.0
130.050505051   16.875   0.0   1.0
130.050505051   20.625   0.0   1.0
130.050505051   24.375   0.0   1.0
130.050505051   28.125   0.0   1.0
130.050505051   30.0   0.0   1.0
132.575757576   0.0   0.0   1.0
132.575757576   1.875   0.0   1.0
132.575757576   5.625   0.0   1.0
132.575757576   9.375   0.0   1.0
132.575757576   13.125   0.0   1.0
132.575757576   16.875   0.0   1.0
132.575757576   20.625   0.0   1.0
132.575757576   24.375   0.0   1.0
132.575757576   28.125   0.0   1.0
132.575757576   30.0   0.0   1.0
135.101010101   0.0   0.0   1.0
135.101010101   1.875   0.0   1.0
135.101010101   5.625   0.0   1.0
135.101010101   9.375   0.0   1.0
135.101010101   13.125   0.0   1.0
135.101010101   16.875   0.0   1.0
135.101010101   20.625   0.0   1.0
135.101010101   24.375   0.0   1.0
135.101010101   28.125   0.0   1.0
135.101010101   30.0   0.0   1.0
137.626262626   0.0   0.0   1.0
137.626262626   1.875   0.0   1.0
137.626262626   5.625   0.0   1.0
137.626262626   9.375   0.0   1.0
137.626262626   13.125   0.0   1.0
137.626262626   16.875   0.0   1.0
137.626262626   20.625   0.0   1.0
137.626262626   24.375   0.0   1.0
137.626262626   28.125   0.0   1.0
137.626262626   30.0   0.0   1.0
140.151515152   0.0   0.0   1.0
140.151515152   1.875   0.0   1.0
140.151515152   5.625   0.0   1.0
140.151515152   9.375   0.0   1.0
140.151515152   13.125   0.0   1.0
140.151515152   16.875   0.0   1.0
140.151515152   20.625   0.0   1.0
140.151515152   24.375   0.0   1.0
140.151515152   28.125   0.0   1.0
140.151515152   30.0   0.0   1.0
142.676767677   0.0   0.0   1.0
142.676767677   1.875   0.0   1.0
142.676767677   5.625   0.0   1.0
142.676767677   9.375   0.0   1.0
142.676767677   13.125   0.0   1.0
142.676767677   16.875   0.0   1.0
142.676767677   20.625   0.0   1.0
142.676767677   24.375   0.0   1.0
142.676767677   28.125   0.0   1.0
142.676767677   30.0   0.0   1.0
145.202020202   0.0   0.0   1.0
145.202020202   1.875   0.0   1.0
145.202020202   5.625   0.0   1.0
145.202020202   9.375   0.0   1.0
145.202020202   13.125   0.0   1.0
145.202020202   16.875   0.0   1.0
145.202020202   20.625   0.0   1.0
145.202020202   24.375   0.0   1.0
145.202020202   28.125   0.0   1.0
145.202020202   30.0   0.0   1.0
147.727272727   0.0   0.0   1.0
147.727272727   1.875   0.0   1.0
147.727272727   5.625   0.0   1.0
147.727272727   9.375   0.0   1.0
147.727272727   13.125   0.0   1.0
147.727272727   16.875   0.0   1.0
147.727272727   20.625   0.0   1.0
147.727272727   24.375   0.0   1.0
147.727272727   28.125   0.0   1.0
147.727272727   30.0   0.0   1.0
150.252525253   0.0   0.0   1.0
150.252525253   1.875   0.0   1.0
150.252525253   5.625   0.0   1.0
150.252525253   9.375   0.0   1.0
150.252525253   13.125   0.0   1.0
150.252525253   16.875   0.0   1.0
150.252525253   20.625   0.0   1.0
150.252525253   24.375   0.0   1.0
150.252525253   28.125   0.0   1.0
150.252525253   30.0   0.0   1.0
152.777777778   0.0   0.0   1.0
152.777777778   1.875   0.0   1.0
152.777777778   5.625   0.0   1.0
152.777777778   9.375   0.0   1.0
152.777777778   13.125   0.0   1.0
152.777777778   16.875   0.0   1.0
152.777777778   20.625   0.0   1.0
152.777777778   24.375   0.0   1.0
152.777777778   28.125   0.0   1.0
152.777777778   30.0   0.0   1.0
155.303030303   0.0   0.0   1.0
155.303030303   1.875   0.0   1.0
155.303030303   5.625   0.0   1.0
155.303030303   9.375   0.0   1.0
155.303030303   13.125   0.0   1.0
155.303030303   16.875   0.0   1.0
155.303030303   20.625   0.0   1.0
155.303030303   24.375   0.0   1.0
155.303030303   28.125   0.0   1.0
155.303030303   30.0   0.0   1.0
157.828282828   0.0   0.0   1.0
157.828282828   1.875   0.0   1.0
157.828282828   5.625   0.0   1.0
157.828282828   9.375   0.0   1.0
157.828282828   13.125   0.0   1.0
157.828282828   16.875   0.0   1.0
157.828282828   20.625   0.0   1.0
157.828282828   24.375   0.0   1.0
157.828282828   28.125   0.0   1.0
157.828282828   30.0   0.0   1.0
160.353535354   0.0   0.0   1.0
160.353535354   1.875   0.0   1.0
160.353535354   5.625   0.0   1.0
160.353535354   9.375   0.0   1.0
160.353535354   13.125   0.0   1.0
160.353535354   16.875   0.0   1.0
160.353535354   20.625   0.0   1.0
160.353535354   24.375   0.0   1.0
160.353535354   28.125   0.0   1.0
160.353535354   30.0   0.0   1.0
162.878787879   0.0   0.0   1.0
162.878787879   1.875   0.0   1.0
162.878787879   5.625   0.0   1.0
162.878787879   9.375   0.0   1.0
162.878787879   13.125   0.0   1.0
162.878787879   16.875   0.0   1.0
162.878787879   20.625   0.0   1.0
162.878787879   24.375   0.0   1.0
162.878787879   28.125   0.0   1.0
162.878787879   30.0   0.0   1.0
165.404040404   0.0   0.0   1.0
165.404040404   1.875   0.0   1.0
165.404040404   5.625   0.0   1.0
165.404040404   9.375   0.0   1.0
165.404040404   13.125   0.0   1.0
165.404040404   16.875   0.0   1.0
165.404040404   20.625   0.0   1.0
165.404040404   24.375   0.0   1.0
165.404040404   28.125   0.0   1.0
165.404040404   30.0   0.0   1.0
167.929292929   0.0   0.0   1.0
167.929292929   1.875   0.0   1.0
167.929292929   5.625   0.0   1.0
167.929292929   9.375   0.0   1.0
167.929292929   13.125   0.0   1.0
167.929292929   16.875   0.0   1.0
167.929292929   20.625   0.0   1.0
167.929292929   24.375   0.0   1.0
167.929292929   28.125   0.0   1.0
167.929292929   30.0   0.0   1.0
170.454545455   0.0   0.0   1.0
170.454545455   1.875   0.0   1.0
170.454545455   5.625   0.0   1.0
170.454545455   9.375   0.0   1.0
170.454545455   13.125   0.0   1.0
170.454545455   16.875   0.0   1.0
170.454545455   20.625   0.0   1.0
170.454545455   24.375   0.0   1.0
170.454545455   28.125   0.0   1.0
170.454545455   30.0   0.0   1.0
172.979797980   0.0   0.0   1.0
172.979797980   1.875   0.0   1.0
172.979797980   5.625   0.0   1.0
172.979797980   9.375   0.0   1.0
172.979797980   13.125   0.0   1.0
172.979797980   16.875   0.0   1.0
172.979797980   20.625   0.0   1.0
172.979797980   24.375   0.0   1.0
172.979797980   28.125   0.0   1.0
172.979797980   30.0   0.0   1.0
175.505050505   0.0   0.0   1.0
175.505050505   1.875   0.0   1.0
175.505050505   5.625   0.0   1.0
175.505050505   9.375   0.0   1.0
175.505050505   13.125   0.0   1.0
175.505050505   16.875   0.0   1.0
175.505050505   20.625   0.0   1.0
175.505050505   24.375   0.0   1.0
175.505050505   28.125   0.0   1.0
175.505050505   30.0   0.0   1.0
178.030303030   0.0   0.0   1.0
178.030303030   1.875   0.0   1.0
178.030303030   5.625   0.0   1.0
178.030303030   9.375   0.0   1.0
178.030303030   13.125   0.0   1.0
178.030303030   16.875   0.0   1.0
178.030303030   20.625   0.0   1.0
178.030303030   24.375   0.0   1.0
178.030303030   28.125   0.0   1.0
178.030303030   30.0   0.0   1.0
180.555555556   0.0   0.0   1.0
180.555555556   1.875   0.0   1.0
180.555555556   5.625   0.0   1.0
180.555555556   9.375   0.0   1.0
180.555555556   13.125   0.0   1.0
180.555555556   16.875   0.0   1.0
180.555555556   20.625   0.0   1.0
180.555555556   24.375   0.0   1.0
180.555555556   28.125   0.0   1.0
180.555555556   30.0   0.0   1.0
183.080808081   0.0   0.0   1.0
183.080808081   1.875   0.0   1.0
183.080808081   5.625   0.0   1.0
183.080808081   9.375   0.0   1.0
183.080808081   13.125   0.0   1.0
183.080808081   16.875   0.0   1.0
183.080808081   20.625   0.0   1.0
183.080808081   24.375   0.0   1.0
183.080808081   28.125   0.0   1.0
183.080808081   30.0   0.0   1.0
185.606060606   0.0   0.0   1.0
185.606060606   1.875   0.0   1.0
185.606060606   5.625   0.0   1.0
185.606060606   9.375   0.0   1.0
185.606060606   13.125   0.0   1.0
185.606060606   16.875   0.0   1.0
185.606060606   20.625   0.0   1.0
185.606060606   24.375   0.0   1.0
185.606060606   28.125   0.0   1.0
185.606060606   30.0   0.0   1.0
188.131313131   0.0   0.0   1.0
188.131313131   1.875   0.0   1.0
188.131313131   5.625   0.0   1.0
188.131313131   9.375   0.0   1.0
188.131313131   13.125   0.0   1.0
188.131313131   16.875   0.0   1.0
188.131313131   20.625   0.0   1.0
188.131313131   24.375   0.0   1.0
188.131313131   28.125   0.0   1.0
188.131313131   30.0   0.0   1.0
190.656565657   0.0   0.0   1.0
190.656565657   1.875   0.0   1.0
190.656565657   5.625   0.0   1.0
190.656565657   9.375   0.0   1.0
190.656565657   13.125   0.0   1.0
190.656565657   16.875   0.0   1.0
190.656565657   20.625   0.0   1.0
190.656565657   24.375   0.0   1.0
190.656565657   28.125   0.0   1.0
190.656565657   30.0   0.0   1.0
193.181818182   0.0   0.0   1.0
193.181818182   1.875   0.0   1.0
193.181818182   5.625   0.0   1.0
193.181818182   9.375   0.0   1.0
193.181818182   13.125   0.0   1.0
193.181818182   16.875   0.0   1.0
193.181818182   20.625   0.0   1.0
193.181818182   24.375   0.0   1.0
193.181818182   28.125   0.0   1.0
193.181818182   30.0   0.0   1.0
195.707070707   0.0   0.0   1.0
195.707070707   1.875   0.0   1.0
195.707070707   5.625   0.0   1.0
195.707070707   9.375   0.0   1.0
195.707070707   13.125   0.0   1.0
195.707070707   16.875   0.0   1.0
195.707070707   20.625   0.0   1.0
195.707070707   24.375   0.0   1.0
195.707070707   28.125   0.0   1.0
195.707070707   30.0   0.0   1.0
198.232323232   0.0   0.0   1.0
198.232323232   1.875   0.0   1.0
198.232323232   5.625   0.0   1.0
198.232323232   9.375   0.0   1.0
198.232323232   13.125   0.0   1.0
198.232323232   16.875   0.0   1.0
198.232323232   20.625   0.0   1.0
198.232323232   24.375   0.0   1.0
198.232323232   28.125   0.0   1.0
198.232323232   30.0   0.0   1.0
200.757575758   0.0   0.0   1.0
200.757575758   1.875   0.0   1.0
200.757575758   5.625   0.0   1.0
200.757575758   9.375   0.0   1.0
200.757575758   13.125   0.0   1.0
200.757575758   16.875   0.0   1.0
200.757575758   20.625   0.0   1.0
200.757575758   24.375   0.0   1.0
200.757575758   28.125   0.0   1.0
200.757575758   30.0   0.0   1.0
203.282828283   0.0   0.0   1.0
203.282828283   1.875   0.0   1.0
203.282828283   5.625   0.0   1.0
203.282828283   9.375   0.0   1.0
203.282828283   13.125   0.0   1.0
203.282828283   16.875   0.0   1.0
203.282828283   20.625   0.0   1.0
203.282828283   24.375   0.0   1.0
203.282828283   28.125   0.0   1.0
203.282828283   30.0   0.0   1.0
205.808080808   0.0   0.0   1.0
205.808080808   1.875   0.0   1.0
205.808080808   5.625   0.0   1.0
205.808080808   9.375   0.0   1.0
205.808080808   13.125   0.0   1.0
205.808080808   16.875   0.0   1.0
205.808080808   20.625   0.0   1.0
205.808080808   24.375   0.0   1.0
205.808080808   28.125   0.0   1.0
205.808080808   30.0   0.0   1.0
208.333333333   0.0   0.0   1.0
208.333333333   1.875   0.0   1.0
208.333333333   5.625   0.0   1.0
208.333333333   9.375   0.0   1.0
208.333333333   13.125   0.0   1.0
208.333333333   16.875   0.0   1.0
208.333333333   20.625   0.0   1.0
208.333333333   24.375   0.0   1.0
208.333333333   28.125   0.0   1.0
208.333333333   30.0   0.0   1.0
210.858585859   0.0   0.0   1.0
210.858585859   1.875   0.0   1.0
210.858585859   5.625   0.0   1.0
210.858585859   9.375   0.0   1.0
210.858585859   13.125   0.0   1.0
210.858585859   16.875   0.0   1.0
210.858585859   20.625   0.0   1.0
210.858585859   24.375   0.0   1.0
210.858585859   28.125   0.0   1.0
210.858585859   30.0   0.0   1.0
213.383838384   0.0   0.0   1.0
213.383838384   1.875   0.0   1.0
213.383838384   5.625   0.0   1.0
213.383838384   9.375   0.0   1.0
213.383838384   13.125   0.0   1.0
213.383838384   16.875   0.0   1.0
213.383838384   20.625   0.0   1.0
213.383838384   24.375   0.0   1.0
213.383838384   28.125   0.0   1.0
213.383838384   30.0   0.0   1.0
215.909090909   0.0   0.0   1.0
215.909090909   1.875   0.0   1.0
215.909090909   5.625   0.0   1.0
215.909090909   9.375   0.0   1.0
215.909090909   13.125   0.0   1.0
215.909090909   16.875   0.0   1.0
215.909090909   20.625   0.0   1.0
215.909090909   24.375   0.0   1.0
215.909090909   28.125   0.0   1.0
215.909090909   30.0   0.0   1.0
218.434343434   0.0   0.0   1.0
218.434343434   1.875   0.0   1.0
218.434343434   5.625   0.0   1.0
218.434343434   9.375   0.0   1.0
218.434343434   13.125   0.0   1.0
218.434343434   16.875   0.0   1.0
218.434343434   20.625   0.0   1.0
218.434343434   24.375   0.0   1.0
218.434343434   28.125   0.0   1.0
218.434343434   30.0   0.0   1.0
220.959595960   0.0   0.0   1.0
220.959595960   1.875   0.0   1.0
220.959595960   5.625   0.0   1.0
220.959595960   9.375   0.0   1.0
220.959595960   13.125   0.0   1.0
220.959595960   16.875   0.0   1.0
220.959595960   20.625   0.0   1.0
220.959595960   24.375   0.0   1.0
220.959595960   28.125   0.0   1.0
220.959595960   30.0   0.0   1.0
223.484848485   0.0   0.0   1.0
223.484848485   1.875   0.0   1.0
223.484848485   5.625   0.0   1.0
223.484848485   9.375   0.0   1.0
223.484848485   13.125   0.0   1.0
223.484848485   16.875   0.0   1.0
223.484848485   20.625   0.0   1.0
223.484848485   24.375   0.0   1.0
223.484848485   28.125   0.0   1.0
223.484848485   30.0   0.0   1.0
226.010101010   0.0   0.0   1.0
226.010101010   1.875   0.0   1.0
226.010101010   5.625   0.0   1.0
226.010101010   9.375   0.0   1.0
226.010101010   13.125   0.0   1.0
226.010101010   16.875   0.0   1.0
226.010101010   20.625   0.0   1.0
226.010101010   24.375   0.0   1.0
226.010101010   28.125   0.0   1.0
226.010101010   30.0   0.0   1.0
228.535353535   0.0   0.0   1.0
228.535353535   1.875   0.0   1.0
228.535353535   5.625   0.0   1.0
228.535353535   9.375   0.0   1.0
228.535353535   13.125   0.0   1.0
228.535353535   16.875   0.0   1.0
228.535353535   20.625   0.0   1.0
228.535353535   24.375   0.0   1.0
228.535353535   28.125   0.0   1.0
228.535353535   30.0   0.0   1.0
231.060606061   0.0   0.0   1.0
231.060606061   1.875   0.0   1.0
231.060606061   5.625   0.0   1.0
231.060606061   9.375   0.0   1.0
231.060606061   13.125   0.0   1.0
231.060606061   16.875   0.0   1.0
231.060606061   20.625   0.0   1.0
231.060606061   24.375   0.0   1.0
231.060606061   28.125   0.0   1.0
231.060606061   30.0   0.0   1.0
233.585858586   0.0   0.0   1.0
233.585858586   1.875   0.0   1.0
233.585858586   5.625   0.0   1.0
233.585858586   9.375   0.0   1.0
233.585858586   13.125   0.0   1.0
233.585858586   16.875   0.0   1.0
233.585858586   20.625   0.0   1.0
233.585858586   24.375   0.0   1.0
233.585858586   28.125   0.0   1.0
233.585858586   30.0   0.0   1.0
236.111111111   0.0   0.0   1.0
236.111111111   1.875   0.0   1.0
236.111111111   5.625   0.0   1.0
236.111111111   9.375   0.0   1.0
236.111111111   13.125   0.0   1.0
236.111111111   16.875   0.0   1.0
236.111111111   20.625   0.0   1.0
236.111111111   24.375   0.0   1.0
236.111111111   28.125   0.0   1.0
236.111111111   30.0   0.0   1.0
238.636363636   0.0   0.0   1.0
238.636363636   1.875   0.0   1.0
238.636363636   5.625   0.0   1.0
238.636363636   9.375   0.0   1.0
238.636363636   13.125   0.0   1.0
238.636363636   16.875   0.0   1.0
238.636363636   20.625   0.0   1.0
238.636363636   24.375   0.0   1.0
238.636363636   28.125   0.0   1.0
238.636363636   30.0   0.0   1.0
241.161616162   0.0   0.0   1.0
241.161616162   1.875   0.0   1.0
241.161616162   5.625   0.0   1.0
241.161616162   9.375   0.0   1.0
241.161616162   13.125   0.0   1.0
241.161616162   16.875   0.0   1.0
241.161616162   20.625   0.0   1.0
241.161616162   24.375   0.0   1.0
241.161616162   28.125   0.0   1.0
241.161616162   30.0   0.0   1.0
243.686868687   0.0   0.0   1.0
243.686868687   1.875   0.0   1.0
243.686868687   5.625   0.0   1.0
243.686868687   9.375   0.0   1.0
243.686868687   13.125   0.0   1.0
243.686868687   16.875   0.0   1.0
243.686868687   20.625   0.0   1.0
243.686868687   24.375   0.0   1.0
243.686868687   28.125   0.0   1.0
243.686868687   30.0   0.0   1.0
246.212121212   0.0   0.0   1.0
246.212121212   1.875   0.0   1.0
246.212121212   5.625   0.0   1.0
246.212121212   9.375   0.0   1.0
246.212121212   13.125   0.0   1.0
246.212121212   16.875   0.0   1.0
246.212121212   20.625   0.0   1.0
246.212121212   24.375   0.0   1.0
246.212121212   28.125   0.0   1.0
246.212121212   30.0   0.0   1.0
248.737373737   0.0   0.0   1.0
248.737373737   1.875   0.0   1.0
248.737373737   5.625   0.0   1.0
248.737373737   9.375   0.0   1.0
248.737373737   13.125   0.0   1.0
248.737373737   16.875   0.0   1.0
248.737373737   20.625   0.0   1.0
248.737373737   24.375   0.0   1.0
248.737373737   28.125   0.0   1.0
248.737373737   30.0   0.0   1.0
251.262626263   0.0   0.0   1.0
251.262626263   1.875   0.0   1.0
251.262626263   5.625   0.0   1.0
251.262626263   9.375   0.0   1.0
251.262626263   13.125   0.0   1.0
251.262626263   16.875   0.0   1.0
251.262626263   20.625   0.0   1.0
251.262626263   24.375   0.0   1.0
251.262626263   28.125   0.0   1.0
251.262626263   30.0   0.0   1.0
253.787878788   0.0   0.0   1.0
253.787878788   1.875   0.0   1.0
253.787878788   5.625   0.0   1.0
253.787878788   9.375   0.0   1.0
253.787878788   13.125   0.0   1.0
253.787878788   16.875   0.0   1.0
253.787878788   20.625   0.0   1.0
253.787878788   24.375   0.0   1.0
253.787878788   28.125   0.0   1.0
253.787878788   30.0   0.0   1.0
256.313131313   0.0   0.0   1.0
256.313131313   1.875   0.0   1.0
256.313131313   5.625   0.0   1.0
256.313131313   9.375   0.0   1.0
256.313131313   13.125   0.0   1.0
256.313131313   16.875   0.0   1.0
256.313131313   20.625   0.0   1.0
256.313131313   24.375   0.0   1.0
256.313131313   28.125   0.0   1.0
256.313131313   30.0   0.0   1.0
258.838383838   0.0   0.0   1.0
258.838383838   1.875   0.0   1.0
258.838383838   5.625   0.0   1.0
258.838383838   9.375   0.0   1.0
258.838383838   13.125   0.0   1.0
258.838383838   16.875   0.0   1.0
258.838383838   20.625   0.0   1.0
258.838383838   24.375   0.0   1.0
258.838383838   28.125   0.0   1.0
258.838383838   30.0   0.0   1.0
261.363636364   0.0   0.0   1.0
261.363636364   1.875   0.0   1.0
261.363636364   5.625   0.0   1.0
261.363636364   9.375   0.0   1.0
261.363636364   13.125   0.0   1.0
261.363636364   16.875   0.0   1.0
261.363636364   20.625   0.0   1.0
261.363636364   24.375   0.0   1.0
261.363636364   28.125   0.0   1.0
261.363636364   30.0   0.0   1.0
263.888888889   0.0   0.0   1.0
263.888888889   1.875   0.0   1.0
263.888888889   5.625   0.0   1.0
263.888888889   9.375   0.0   1.0
263.888888889   13.125   0.0   1.0
263.888888889   16.875   0.0   1.0
263.888888889   20.625   0.0   1.0
263.888888889   24.375   0.0   1.0
263.888888889   28.125   0.0   1.0
263.888888889   30.0   0.0   1.0
266.414141414   0.0   0.0   1.0
266.414141414   1.875   0.0   1.0
266.414141414   5.625   0.0   1.0
266.414141414   9.375   0.0   1.0
266.414141414   13.125   0.0   1.0
266.414141414   16.875   0.0   1.0
266.414141414   20.625   0.0   1.0
266.414141414   24.375   0.0   1.0
266.414141414   28.125   0.0   1.0
266.414141414   30.0   0.0   1.0
268.939393939   0.0   0.0   1.0
268.939393939   1.875   0.0   1.0
268.939393939   5.625   0.0   1.0
268.939393939   9.375   0.0   1.0
268.939393939   13.125   0.0   1.0
268.939393939   16.875   0.0   1.0
268.939393939   20.625   0.0   1.0
268.939393939   24.375   0.0   1.0
268.939393939   28.125   0.0   1.0
268.939393939   30.0   0.0   1.0
271.464646465   0.0   0.0   1.0
271.464646465   1.875   0.0   1.0
271.464646465   5.625   0.0   1.0
271.464646465   9.375   0.0   1.0
271.464646465   13.125   0.0   1.0
271.464646465   16.875   0.0   1.0
271.464646465   20.625   0.0   1.0
271.464646465   24.375   0.0   1.0
271.464646465   28.125   0.0   1.0
271.464646465   30.0   0.0   1.0
273.989898990   0.0   0.0   1.0
273.989898990   1.875   0.0   1.0
273.989898990   5.625   0.0   1.0
273.989898990   9.375   0.0   1.0
273.989898990   13.125   0.0   1.0
273.989898990   16.875   0.0   1.0
273.989898990   20.625   0.0   1.0
273.989898990   24.375   0.0   1.0
273.989898990   28.125   0.0   1.0
273.989898990   30.0   0.0   1.0
276.515151515   0.0   0.0   1.0
276.515151515   1.875   0.0   1.0
276.515151515   5.625   0.0   1.0
276.515151515   9.375   0.0   1.0
276.515151515   13.125   0.0   1.0
276.515151515   16.875   0.0   1.0
276.515151515   20.625   0.0   1.0
276.515151515   24.375   0.0   1.0
276.515151515   28.125   0.0   1.0
276.515151515   30.0   0.0   1.0
279.040404040   0.0   0.0   1.0
279.040404040   1.875   0.0   1.0
279.040404040   5.625   0.0   1.0
279.040404040   9.375   0.0   1.0
279.040404040   13.125   0.0   1.0
279.040404040   16.875   0.0   1.0
279.040404040   20.625   0.0   1.0
279.040404040   24.375   0.0   1.0
279.040404040   28.125   0.0   1.0
279.040404040   30.0   0.0   1.0
281.565656566   0.0   0.0   1.0
281.565656566   1.875   0.0   1.0
281.565656566   5.625   0.0   1.0
281.565656566   9.375   0.0   1.0
281.565656566   13.125   0.0   1.0
281.565656566   16.875   0.0   1.0
281.565656566   20.625   0.0   1.0
281.565656566   24.375   0.0   1.0
281.565656566   28.125   0.0   1.0
281.565656566   30.0   0.0   1.0
284.090909091   0.0   0.0   1.0
284.090909091   1.875   0.0   1.0
284.090909091   5.625   0.0   1.0
284.090909091   9.375   0.0   1.0
284.090909091   13.125   0.0   1.0
284.090909091   16.875   0.0   1.0
284.090909091   20.625   0.0   1.0
284.090909091   24.375   0.0   1.0
284.090909091   28.125   0.0   1.0
284.090909091   30.0   0.0   1.0
286.616161616   0.0   0.0   1.0
286.616161616   1.875   0.0   1.0
286.616161616   5.625   0.0   1.0
286.616161616   9.375   0.0   1.0
286.616161616   13.125   0.0   1.0
286.616161616   16.875   0.0   1.0
286.616161616   20.625   0.0   1.0
286.616161616   24.375   0.0   1.0
286.616161616   28.125   0.0   1.0
286.616161616   30.0   0.0   1.0
289.141414141   0.0   0.0   1.0
289.141414141   1.875   0.0   1.0
289.141414141   5.625   0.0   1.0
289.141414141   9.375   0.0   1.0
289.141414141   13.125   0.0   1.0
289.141414141   16.875   0.0   1.0
289.141414141   20.625   0.0   1.0
289.141414141   24.375   0.0   1.0
289.141414141   28.125   0.0   1.0
289.141414141   30.0   0.0   1.0
291.666666667   0.0   0.0   1.0
291.666666667   1.875   0.0   1.0
291.666666667   5.625   0.0   1.0
291.666666667   9.375   0.0   1.0
291.666666667   13.125   0.0   1.0
291.666666667   16.875   0.0   1.0
291.666666667   20.625   0.0   1.0
291.666666667   24.375   0.0   1.0
291.666666667   28.125   0.0   1.0
291.666666667   30.0   0.0   1.0
294.191919192   0.0   0.0   1.0
294.191919192   1.875   0.0   1.0
294.191919192   5.625   0.0   1.0
294.191919192   9.375   0.0   1.0
294.191919192   13.125   0.0   1.0
294.191919192   16.875   0.0   1.0
294.191919192   20.625   0.0   1.0
294.191919192   24.375   0.0   1.0
294.191919192   28.125   0.0   1.0
294.191919192   30.0   0.0   1.0
296.717171717   0.0   0.0   1.0
296.717171717   1.875   0.0   1.0
296.717171717   5.625   0.0   1.0
296.717171717   9.375   0.0   1.0
296.717171717   13.125   0.0   1.0
296.717171717   16.875   0.0   1.0
296.717171717   20.625   0.0   1.0
296.717171717   24.375   0.0   1.0
296.717171717   28.125   0.0   1.0
296.717171717   30.0   0.0   1.0
299.242424242   0.0   0.0   1.0
299.242424242   1.875   0.0   1.0
299.242424242   5.625   0.0   1.0
299.242424242   9.375   0.0   1.0
299.242424242   13.125   0.0   1.0
299.242424242   16.875   0.0   1.0
299.242424242   20.625   0.0   1.0
299.242424242   24.375   0.0   1.0
299.242424242   28.125   0.0   1.0
299.242424242   30.0   0.0   1.0
301.767676768   0.0   0.0   1.0
301.767676768   1.875   0.0   1.0
301.767676768   5.625   0.0   1.0
301.767676768   9.375   0.0   1.0
301.767676768   13.125   0.0   1.0
301.767676768   16.875   0.0   1.0
301.767676768   20.625   0.0   1.0
301.767676768   24.375   0.0   1.0
301.767676768   28.125   0.0   1.0
301.767676768   30.0   0.0   1.0
304.292929293   0.0   0.0   1.0
304.292929293   1.875   0.0   1.0
304.292929293   5.625   0.0   1.0
304.292929293   9.375   0.0   1.0
304.292929293   13.125   0.0   1.0
304.292929293   16.875   0.0   1.0
304.292929293   20.625   0.0   1.0
304.292929293   24.375   0.0   1.0
304.292929293   28.125   0.0   1.0
304.292929293   30.0   0.0   1.0
306.818181818   0.0   0.0   1.0
306.818181818   1.875   0.0   1.0
306.818181818   5.625   0.0   1.0
306.818181818   9.375   0.0   1.0
306.818181818   13.125   0.0   1.0
306.818181818   16.875   0.0   1.0
306.818181818   20.625   0.0   1.0
306.818181818   24.375   0.0   1.0
306.818181818   28.125   0.0   1.0
306.818181818   30.0   0.0   1.0
309.343434343   0.0   0.0   1.0
309.343434343   1.875   0.0   1.0
309.343434343   5.625   0.0   1.0
309.343434343   9.375   0.0   1.0
309.343434343   13.125   0.0   1.0
309.343434343   16.875   0.0   1.0
309.343434343   20.625   0.0   1.0
309.343434343   24.375   0.0   1.0
309.343434343   28.125   0.0   1.0
309.343434343   30.0   0.0   1.0
311.868686869   0.0   0.0   1.0
311.868686869   1.875   0.0   1.0
311.868686869   5.625   0.0   1.0
311.868686869   9.375   0.0   1.0
311.868686869   13.125   0.0   1.0
311.868686869   16.875   0.0   1.0
311.868686869   20.625   0.0   1.0
311.868686869   24.375   0.0   1.0
311.868686869   28.125   0.0   1.0
311.868686869   30.0   0.0   1.0
314.393939394   0.0   0.0   1.0
314.393939394   1.875   0.0   1.0
314.393939394   5.625   0.0   1.0
314.393939394   9.375   0.0   1.0
314.393939394   13.125   0.0   1.0
314.393939394   16.875   0.0   1.0
314.393939394   20.625   0.0   1.0
314.393939394   24.375   0.0   1.0
314.393939394   28.125   0.0   1.0
314.393939394   30.0   0.0   1.0
316.919191919   0.0   0.0   1.0
316.919191919   1.875   0.0   1.0
316.919191919   5.625   0.0   1.0
316.919191919   9.375   0.0   1.0
316.919191919   13.125   0.0   1.0
316.919191919   16.875   0.0   1.0
316.919191919   20.625   0.0   1.0
316.919191919   24.375   0.0   1.0
316.919191919   28.125   0.0   1.0
316.919191919   30.0   0.0   1.0
319.444444444   0.0   0.0   1.0
319.444444444   1.875   0.0   1.0
319.444444444   5.625   0.0   1.0
319.444444444   9.375   0.0   1.0
319.444444444   13.125   0.0   1.0
319.444444444   16.875   0.0   1.0
319.444444444   20.625   0.0   1.0
319.444444444   24.375   0.0   1.0
319.444444444   28.125   0.0   1.0
319.444444444   30.0   0.0   1.0
321.969696970   0.0   0.0   1.0
321.969696970   1.875   0.0   1.0
321.969696970   5.625   0.0   1.0
321.969696970   9.375   0.0   1.0
321.969696970   13.125   0.0   1.0
321.969696970   16.875   0.0   1.0
321.969696970   20.625   0.0   1.0
321.969696970   24.375   0.0   1.0
321.969696970   28.125   0.0   1.0
321.969696970   30.0   0.0   1.0
324.494949495   0.0   0.0   1.0
324.494949495   1.875   0.0   1.0
324.494949495   5.625   0.0   1.0
324.494949495   9.375   0.0   1.0
324.494949495   13.125   0.0   1.0
324.494949495   16.875   0.0   1.0
324.494949495   20.625   0.0   1.0
324.494949495   24.375   0.0   1.0
324.494949495   28.125   0.0   1.0
324.494949495   30.0   0.0   1.0
327.020202020   0.0   0.0   1.0
327.020202020   1.875   0.0   1.0
327.020202020   5.625   0.0   1.0
327.020202020   9.375   0.0   1.0
327.020202020   13.125   0.0   1.0
327.020202020   16.875   0.0   1.0
327.020202020   20.625   0.0   1.0
327.020202020   24.375   0.0   1.0
327.020202020   28.125   0.0   1.0
327.020202020   30.0   0.0   1.0
329.545454545   0.0   0.0   1.0
329.545454545   1.875   0.0   1.0
329.545454545   5.625   0.0   1.0
329.545454545   9.375   0.0   1.0
329.545454545   13.125   0.0   1.0
329.545454545   16.875   0.0   1.0
329.545454545   20.625   0.0   1.0
329.545454545   24.375   0.0   1.0
329.545454545   28.125   0.0   1.0
329.545454545   30.0   0.0   1.0
332.070707071   0.0   0.0   1.0
332.070707071   1.875   0.0   1.0
332.070707071   5.625   0.0   1.0
332.070707071   9.375   0.0   1.0
332.070707071   13.125   0.0   1.0
332.070707071   16.875   0.0   1.0
332.070707071   20.625   0.0   1.0
332.070707071   24.375   0.0   1.0
332.070707071   28.125   0.0   1.0
332.070707071   30.0   0.0   1.0
334.595959596   0.0   0.0   1.0
334.595959596   1.875   0.0   1.0
334.595959596   5.625   0.0   1.0
334.595959596   9.375   0.0   1.0
334.595959596   13.125   0.0   1.0
334.595959596   16.875   0.0   1.0
334.595959596   20.625   0.0   1.0
334.595959596   24.375   0.0   1.0
334.595959596   28.125   0.0   1.0
334.595959596   30.0   0.0   1.0
337.121212121   0.0   0.0   1.0
337.121212121   1.875   0.0   1.0
337.121212121   5.625   0.0   1.0
337.121212121   9.375   0.0   1.0
337.121212121   13.125   0.0   1.0
337.121212121   16.875   0.0   1.0
337.121212121   20.625   0.0   1.0
337.121212121   24.375   0.0   1.0
337.121212121   28.125   0.0   1.0
337.121212121   30.0   0.0   1.0
339.646464646   0.0   0.0   1.0
339.646464646   1.875   0.0   1.0
339.646464646   5.625   0.0   1.0
339.646464646   9.375   0.0   1.0
339.646464646   13.125   0.0   1.0
339.646464646   16.875   0.0   1.0
339.646464646   20.625   0.0   1.0
339.646464646   24.375   0.0   1.0
339.646464646   28.125   0.0   1.0
339.646464646   30.0   0.0   1.0
342.171717172   0.0   0.0   1.0
342.171717172   1.875   0.0   1.0
342.171717172   5.625   0.0   1.0
342.171717172   9.375   0.0   1.0
342.171717172   13.125   0.0   1.0
342.171717172   16.875   0.0   1.0
342.171717172   20.625   0.0   1.0
342.171717172   24.375   0.0   1.0
342.171717172   28.125   0.0   1.0
342.171717172   30.0   0.0   1.0
344.696969697   0.0   0.0   1.0
344.696969697   1.875   0.0   1.0
344.696969697   5.625   0.0   1.0
344.696969697   9.375   0.0   1.0
344.696969697   13.125   0.0   1.0
344.696969697   16.875   0.0   1.0
344.696969697   20.625   0.0   1.0
344.696969697   24.375   0.0   1.0
344.696969697   28.125   0.0   1.0
344.696969697   30.0   0.0   1.0
347.222222222   0.0   0.0   1.0
347.222222222   1.875   0.0   1.0
347.222222222   5.625   0.0   1.0
347.222222222   9.375   0.0   1.0
347.222222222   13.125   0.0   1.0
347.222222222   16.875   0.0   1.0
347.222222222   20.625   0.0   1.0
347.222222222   24.375   0.0   1.0
347.222222222   28.125   0.0   1.0
347.222222222   30.0   0.0   1.0
349.747474747   0.0   0.0   1.0
349.747474747   1.875   0.0   1.0
349.747474747   5.625   0.0   1.0
349.747474747   9.375   0.0   1.0
349.747474747   13.125   0.0   1.0
349.747474747   16.875   0.0   1.0
349.747474747   20.625   0.0   1.0
349.747474747   24.375   0.0   1.0
349.747474747   28.125   0.0   1.0
349.747474747   30.0   0.0   1.0
352.272727273   0.0   0.0   1.0
352.272727273   1.875   0.0   1.0
352.272727273   5.625   0.0   1.0
352.272727273   9.375   0.0   1.0
352.272727273   13.125   0.0   1.0
352.272727273   16.875   0.0   1.0
352.272727273   20.625   0.0   1.0
352.272727273   24.375   0.0   1.0
352.272727273   28.125   0.0   1.0
352.272727273   30.0   0.0   1.0
354.797979798   0.0   0.0   1.0
354.797979798   1.875   0.0   1.0
354.797979798   5.625   0.0   1.0
354.797979798   9.375   0.0   1.0
354.797979798   13.125   0.0   1.0
354.797979798   16.875   0.0   1.0
354.797979798   20.625   0.0   1.0
354.797979798   24.375   0.0   1.0
354.797979798   28.125   0.0   1.0
354.797979798   30.0   0.0   1.0
357.323232323   0.0   0.0   1.0
357.323232323   1.875   0.0   1.0
357.323232323   5.625   0.0   1.0
357.323232323   9.375   0.0   1.0
357.323232323   13.125   0.0   1.0
357.323232323   16.875   0.0   1.0
357.323232323   20.625   0.0   1.0
357.323232323   24.375   0.0   1.0
357.323232323   28.125   0.0   1.0
357.323232323   30.0   0.0   1.0
359.848484848   0.0   0.0   1.0
359.848484848   1.875   0.0   1.0
359.848484848   5.625   0.0   1.0
359.848484848   9.375   0.0   1.0
359.848484848   13.125   0.0   1.0
359.848484848   16.875   0.0   1.0
359.848484848   20.625   0.0   1.0
359.848484848   24.375   0.0   1.0
359.848484848   28.125   0.0   1.0
359.848484848   30.0   0.0   1.0
362.373737374   0.0   0.0   1.0
362.373737374   1.875   0.0   1.0
362.373737374   5.625   0.0   1.0
362.373737374   9.375   0.0   1.0
362.373737374   13.125   0.0   1.0
362.373737374   16.875   0.0   1.0
362.373737374   20.625   0.0   1.0
362.373737374   24.375   0.0   1.0
362.373737374   28.125   0.0   1.0
362.373737374   30.0   0.0   1.0
364.898989899   0.0   0.0   1.0
364.898989899   1.875   0.0   1.0
364.898989899   5.625   0.0   1.0
364.898989899   9.375   0.0   1.0
364.898989899   13.125   0.0   1.0
364.898989899   16.875   0.0   1.0
364.898989899   20.625   0.0   1.0
364.898989899   24.375   0.0   1.0
364.898989899   28.125   0.0   1.0
364.898989899   30.0   0.0   1.0
367.424242424   0.0   0.0   1.0
367.424242424   1.875   0.0   1.0
367.424242424   5.625   0.0   1.0
367.424242424   9.375   0.0   1.0
367.424242424   13.125   0.0   1.0
367.424242424   16.875   0.0   1.0
367.424242424   20.625   0.0   1.0
367.424242424   24.375   0.0   1.0
367.424242424   28.125   0.0   1.0
367.424242424   30.0   0.0   1.0
369.949494949   0.0   0.0   1.0
369.949494949   1.875   0.0   1.0
369.949494949   5.625   0.0   1.0
369.949494949   9.375   0.0   1.0
369.949494949   13.125   0.0   1.0
369.949494949   16.875   0.0   1.0
369.949494949   20.625   0.0   1.0
369.949494949   24.375   0.0   1.0
369.949494949   28.125   0.0   1.0
369.949494949   30.0   0.0   1.0
372.474747475   0.0   0.0   1.0
372.474747475   1.875   0.0   1.0
372.474747475   5.625   0.0   1.0
372.474747475   9.375   0.0   1.0
372.474747475   13.125   0.0   1.0
372.474747475   16.875   0.0   1.0
372.474747475   20.625   0.0   1.0
372.474747475   24.375   0.0   1.0
372.474747475   28.125   0.0   1.0
372.474747475   30.0   0.0   1.0
375.0   0.0   0.0   1.0
375.0   1.875   0.0   1.0
375.0   5.625   0.0   1.0
375.0   9.375   0.0   1.0
375.0   13.125   0.0   1.0
375.0   16.875   0.0   1.0
375.0   20.625   0.0   1.0
375.0   24.375   0.0   1.0
375.0   28.125   0.0   1.0
375.0   30.0   0.0   1.0
377.525252525   0.0   0.0   1.0
377.525252525   1.875   0.0   1.0
377.525252525   5.625   0.0   1.0
377.525252525   9.375   0.0   1.0
377.525252525   13.125   0.0   1.0
377.525252525   16.875   0.0   1.0
377.525252525   20.625   0.0   1.0
377.525252525   24.375   0.0   1.0
377.525252525   28.125   0.0   1.0
377.525252525   30.0   0.0   1.0
380.050505051   0.0   0.0   1.0
380.050505051   1.875   0.0   1.0
380.050505051   5.625   0.0   1.0
380.050505051   9.375   0.0   1.0
380.050505051   13.125   0.0   1.0
380.050505051   16.875   0.0   1.0
380.050505051   20.625   0.0   1.0
380.050505051   24.375   0.0   1.0
380.050505051   28.125   0.0   1.0
380.050505051   30.0   0.0   1.0
382.575757576   0.0   0.0   1.0
382.575757576   1.875   0.0   1.0
382.575757576   5.625   0.0   1.0
382.575757576   9.375   0.0   1.0
382.575757576   13.125   0.0   1.0
382.575757576   16.875   0.0   1.0
382.575757576   20.625   0.0   1.0
382.575757576   24.375   0.0   1.0
382.575757576   28.125   0.0   1.0
382.575757576   30.0   0.0   1.0
385.101010101   0.0   0.0   1.0
385.101010101   1.875   0.0   1.0
385.101010101   5.625   0.0   1.0
385.101010101   9.375   0.0   1.0
385.101010101   13.125   0.0   1.0
385.101010101   16.875   0.0   1.0
385.101010101   20.625   0.0   1.0
385.101010101   24.375   0.0   1.0
385.101010101   28.125   0.0   1.0
385.101010101   30.0   0.0   1.0
387.626262626   0.0   0.0   1.0
387.626262626   1.875   0.0   1.0
387.626262626   5.625   0.0   1.0
387.626262626   9.375   0.0   1.0
387.626262626   13.125   0.0   1.0
387.626262626   16.875   0.0   1.0
387.626262626   20.625   0.0   1.0
387.626262626   24.375   0.0   1.0
387.626262626   28.125   0.0   1.0
387.626262626   30.0   0.0   1.0
390.151515152   0.0   0.0   1.0
390.151515152   1.875   0.0   1.0
390.151515152   5.625   0.0   1.0
390.151515152   9.375   0.0   1.0
390.151515152   13.125   0.0   1.0
390.151515152   16.875   0.0   1.0
390.151515152   20.625   0.0   1.0
390.151515152   24.375   0.0   1.0
390.151515152   28.125   0.0   1.0
390.151515152   30.0   0.0   1.0
392.676767677   0.0   0.0   1.0
392.676767677   1.875   0.0   1.0
392.676767677   5.625   0.0   1.0
392.676767677   9.375   0.0   1.0
392.676767677   13.125   0.0   1.0
392.676767677   16.875   0.0   1.0
392.676767677   20.625   0.0   1.0
392.676767677   24.375   0.0   1.0
392.676767677   28.125   0.0   1.0
392.676767677   30.0   0.0   1.0
395.202020202   0.0   0.0   1.0
395.202020202   1.875   0.0   1.0
395.202020202   5.625   0.0   1.0
395.202020202   9.375   0.0   1.0
395.202020202   13.125   0.0   1.0
395.202020202   16.875   0.0   1.0
395.202020202   20.625   0.0   1.0
395.202020202   24.375   0.0   1.0
395.202020202   28.125   0.0   1.0
395.202020202   30.0   0.0   1.0
397.727272727   0.0   0.0   1.0
397.727272727   1.875   0.0   1.0
397.727272727   5.625   0.0   1.0
397.727272727   9.375   0.0   1.0
397.727272727   13.125   0.0   1.0
397.727272727   16.875   0.0   1.0
397.727272727   20.625   0.0   1.0
397.727272727   24.375   0.0   1.0
397.727272727   28.125   0.0   1.0
397.727272727   30.0   0.0   1.0
400.252525253   0.0   0.0   1.0
400.252525253   1.875   0.0   1.0
400.252525253   5.625   0.0   1.0
400.252525253   9.375   0.0   1.0
400.252525253   13.125   0.0   1.0
400.252525253   16.875   0.0   1.0
400.252525253   20.625   0.0   1.0
400.252525253   24.375   0.0   1.0
400.252525253   28.125   0.0   1.0
400.252525253   30.0   0.0   1.0
402.777777778   0.0   0.0   1.0
402.777777778   1.875   0.0   1.0
402.777777778   5.625   0.0   1.0
402.777777778   9.375   0.0   1.0
402.777777778   13.125   0.0   1.0
402.777777778   16.875   0.0   1.0
402.777777778   20.625   0.0   1.0
402.777777778   24.375   0.0   1.0
402.777777778   28.125   0.0   1.0
402.777777778   30.0   0.0   1.0
405.303030303   0.0   0.0   1.0
405.303030303   1.875   0.0   1.0
405.303030303   5.625   0.0   1.0
405.303030303   9.375   0.0   1.0
405.303030303   13.125   0.0   1.0
405.303030303   16.875   0.0   1.0
405.303030303   20.625   0.0   1.0
405.303030303   24.375   0.0   1.0
405.303030303   28.125   0.0   1.0
405.303030303   30.0   0.0   1.0
407.828282828   0.0   0.0   1.0
407.828282828   1.875   0.0   1.0
407.828282828   5.625   0.0   1.0
407.828282828   9.375   0.0   1.0
407.828282828   13.125   0.0   1.0
407.828282828   16.875   0.0   1.0
407.828282828   20.625   0.0   1.0
407.828282828   24.375   0.0   1.0
407.828282828   28.125   0.0   1.0
407.828282828   30.0   0.0   1.0
410.353535354   0.0   0.0   1.0
410.353535354   1.875   0.0   1.0
410.353535354   5.625   0.0   1.0
410.353535354   9.375   0.0   1.0
410.353535354   13.125   0.0   1.0
410.353535354   16.875   0.0   1.0
410.353535354   20.625   0.0   1.0
410.353535354   24.375   0.0   1.0
410.353535354   28.125   0.0   1.0
410.353535354   30.0   0.0   1.0
412.878787879   0.0   0.0   1.0
412.878787879   1.875   0.0   1.0
412.878787879   5.625   0.0   1.0
412.878787879   9.375   0.0   1.0
412.878787879   13.125   0.0   1.0
412.878787879   16.875   0.0   1.0
412.878787879   20.625   0.0   1.0
412.878787879   24.375   0.0   1.0
412.878787879   28.125   0.0   1.0
412.878787879   30.0   0.0   1.0
415.404040404   0.0   0.0   1.0
415.404040404   1.875   0.0   1.0
415.404040404   5.625   0.0   1.0
415.404040404   9.375   0.0   1.0
415.404040404   13.125   0.0   1.0
415.404040404   16.875   0.0   1.0
415.404040404   20.625   0.0   1.0
415.404040404   24.375   0.0   1.0
415.404040404   28.125   0.0   1.0
415.404040404   30.0   0.0   1.0
417.929292929   0.0   0.0   1.0
417.929292929   1.875   0.0   1.0
417.929292929   5.625   0.0   1.0
417.929292929   9.375   0.0   1.0
417.929292929   13.125   0.0   1.0
417.929292929   16.875   0.0   1.0
417.929292929   20.625   0.0   1.0
417.929292929   24.375   0.0   1.0
417.929292929   28.125   0.0   1.0
417.929292929   30.0   0.0   1.0
420.454545455   0.0   0.0   1.0
420.454545455   1.875   0.0   1.0
420.454545455   5.625   0.0   1.0
420.454545455   9.375   0.0   1.0
420.454545455   13.125   0.0   1.0
420.454545455   16.875   0.0   1.0
420.454545455   20.625   0.0   1.0
420.454545455   24.375   0.0   1.0
420.454545455   28.125   0.0   1.0
420.454545455   30.0   0.0   1.0
422.979797980   0.0   0.0   1.0
422.979797980   1.875   0.0   1.0
422.979797980   5.625   0.0   1.0
422.979797980   9.375   0.0   1.0
422.979797980   13.125   0.0   1.0
422.979797980   16.875   0.0   1.0
422.979797980   20.625   0.0   1.0
422.979797980   24.375   0.0   1.0
422.979797980   28.125   0.0   1.0
422.979797980   30.0   0.0   1.0
425.505050505   0.0   0.0   1.0
425.505050505   1.875   0.0   1.0
425.505050505   5.625   0.0   1.0
425.505050505   9.375   0.0   1.0
425.505050505   13.125   0.0   1.0
425.505050505   16.875   0.0   1.0
425.505050505   20.625   0.0   1.0
425.505050505   24.375   0.0   1.0
425.505050505   28.125   0.0   1.0
425.505050505   30.0   0.0   1.0
428.030303030   0.0   0.0   1.0
428.030303030   1.875   0.0   1.0
428.030303030   5.625   0.0   1.0
428.030303030   9.375   0.0   1.0
428.030303030   13.125   0.0   1.0
428.030303030   16.875   0.0   1.0
428.030303030   20.625   0.0   1.0
428.030303030   24.375   0.0   1.0
428.030303030   28.125   0.0   1.0
428.030303030   30.0   0.0   1.0
430.555555556   0.0   0.0   1.0
430.555555556   1.875   0.0   1.0
430.555555556   5.625   0.0   1.0
430.555555556   9.375   0.0   1.0
430.555555556   13.125   0.0   1.0
430.555555556   16.875   0.0   1.0
430.555555556   20.625   0.0   1.0
430.555555556   24.375   0.0   1.0
430.555555556   28.125   0.0   1.0
430.555555556   30.0   0.0   1.0
433.080808081   0.0   0.0   1.0
433.080808081   1.875   0.0   1.0
433.080808081   5.625   0.0   1.0
433.080808081   9.375   0.0   1.0
433.080808081   13.125   0.0   1.0
433.080808081   16.875   0.0   1.0
433.080808081   20.625   0.0   1.0
433.080808081   24.375   0.0   1.0
433.080808081   28.125   0.0   1.0
433.080808081   30.0   0.0   1.0
435.606060606   0.0   0.0   1.0
435.606060606   1.875   0.0   1.0
435.606060606   5.625   0.0   1.0
435.606060606   9.375   0.0   1.0
435.606060606   13.125   0.0   1.0
435.606060606   16.875   0.0   1.0
435.606060606   20.625   0.0   1.0
435.606060606   24.375   0.0   1.0
435.606060606   28.125   0.0   1.0
435.606060606   30.0   0.0   1.0
438.131313131   0.0   0.0   1.0
438.131313131   1.875   0.0   1.0
438.131313131   5.625   0.0   1.0
438.131313131   9.375   0.0   1.0
438.131313131   13.125   0.0   1.0
438.131313131   16.875   0.0   1.0
438.131313131   20.625   0.0   1.0
438.131313131   24.375   0.0   1.0
438.131313131   28.125   0.0   1.0
438.131313131   30.0   0.0   1.0
440.656565657   0.0   0.0   1.0
440.656565657   1.875   0.0   1.0
440.656565657   5.625   0.0   1.0
440.656565657   9.375   0.0   1.0
440.656565657   13.125   0.0   1.0
440.656565657   16.875   0.0   1.0
440.656565657   20.625   0.0   1.0
440.656565657   24.375   0.0   1.0
440.656565657   28.125   0.0   1.0
440.656565657   30.0   0.0   1.0
443.181818182   0.0   0.0   1.0
443.181818182   1.875   0.0   1.0
443.181818182   5.625   0.0   1.0
443.181818182   9.375   0.0   1.0
443.181818182   13.125   0.0   1.0
443.181818182   16.875   0.0   1.0
443.181818182   20.625   0.0   1.0
443.181818182   24.375   0.0   1.0
443.181818182   28.125   0.0   1.0
443.181818182   30.0   0.0   1.0
445.707070707   0.0   0.0   1.0
445.707070707   1.875   0.0   1.0
445.707070707   5.625   0.0   1.0
445.707070707   9.375   0.0   1.0
445.707070707   13.125   0.0   1.0
445.707070707   16.875   0.0   1.0
445.707070707   20.625   0.0   1.0
445.707070707   24.375   0.0   1.0
445.707070707   28.125   0.0   1.0
445.707070707   30.0   0.0   1.0
448.232323232   0.0   0.0   1.0
448.232323232   1.875   0.0   1.0
448.232323232   5.625   0.0   1.0
448.232323232   9.375   0.0   1.0
448.232323232   13.125   0.0   1.0
448.232323232   16.875   0.0   1.0
448.232323232   20.625   0.0   1.0
448.232323232   24.375   0.0   1.0
448.232323232   28.125   0.0   1.0
448.232323232   30.0   0.0   1.0
450.757575758   0.0   0.0   1.0
450.757575758   1.875   0.0   1.0
450.757575758   5.625   0.0   1.0
450.757575758   9.375   0.0   1.0
450.757575758   13.125   0.0   1.0
450.757575758   16.875   0.0   1.0
450.757575758   20.625   0.0   1.0
450.757575758   24.375   0.0   1.0
450.757575758   28.125   0.0   1.0
450.757575758   30.0   0.0   1.0
453.282828283   0.0   0.0   1.0
453.282828283   1.875   0.0   1.0
453.282828283   5.625   0.0   1.0
453.282828283   9.375   0.0   1.0
453.282828283   13.125   0.0   1.0
453.282828283   16.875   0.0   1.0
453.282828283   20.625   0.0   1.0
453.282828283   24.375   0.0   1.0
453.282828283   28.125   0.0   1.0
453.282828283   30.0   0.0   1.0
455.808080808   0.0   0.0   1.0
455.808080808   1.875   0.0   1.0
455.808080808   5.625   0.0   1.0
455.808080808   9.375   0.0   1.0
455.808080808   13.125   0.0   1.0
455.808080808   16.875   0.0   1.0
455.808080808   20.625   0.0   1.0
455.808080808   24.375   0.0   1.0
455.808080808   28.125   0.0   1.0
455.808080808   30.0   0.0   1.0
458.333333333   0.0   0.0   1.0
458.333333333   1.875   0.0   1.0
458.333333333   5.625   0.0   1.0
458.333333333   9.375   0.0   1.0
458.333333333   13.125   0.0   1.0
458.333333333   16.875   0.0   1.0
458.333333333   20.625   0.0   1.0
458.333333333   24.375   0.0   1.0
458.333333333   28.125   0.0   1.0
458.333333333   30.0   0.0   1.0
460.858585859   0.0   0.0   1.0
460.858585859   1.875   0.0   1.0
460.858585859   5.625   0.0   1.0
460.858585859   9.375   0.0   1.0
460.858585859   13.125   0.0   1.0
460.858585859   16.875   0.0   1.0
460.858585859   20.625   0.0   1.0
460.858585859   24.375   0.0   1.0
460.858585859   28.125   0.0   1.0
460.858585859   30.0   0.0   1.0
463.383838384   0.0   0.0   1.0
463.383838384   1.875   0.0   1.0
463.383838384   5.625   0.0   1.0
463.383838384   9.375   0.0   1.0
463.383838384   13.125   0.0   1.0
463.383838384   16.875   0.0   1.0
463.383838384   20.625   0.0   1.0
463.383838384   24.375   0.0   1.0
463.383838384   28.125   0.0   1.0
463.383838384   30.0   0.0   1.0
465.909090909   0.0   0.0   1.0
465.909090909   1.875   0.0   1.0
465.909090909   5.625   0.0   1.0
465.909090909   9.375   0.0   1.0
465.909090909   13.125   0.0   1.0
465.909090909   16.875   0.0   1.0
465.909090909   20.625   0.0   1.0
465.909090909   24.375   0.0   1.0
465.909090909   28.125   0.0   1.0
465.909090909   30.0   0.0   1.0
468.434343434   0.0   0.0   1.0
468.434343434   1.875   0.0   1.0
468.434343434   5.625   0.0   1.0
468.434343434   9.375   0.0   1.0
468.434343434   13.125   0.0   1.0
468.434343434   16.875   0.0   1.0
468.434343434   20.625   0.0   1.0
468.434343434   24.375   0.0   1.0
468.434343434   28.125   0.0   1.0
468.434343434   30.0   0.0   1.0
470.959595960   0.0   0.0   1.0
470.959595960   1.875   0.0   1.0
470.959595960   5.625   0.0   1.0
470.959595960   9.375   0.0   1.0
470.959595960   13.125   0.0   1.0
470.959595960   16.875   0.0   1.0
470.959595960   20.625   0.0   1.0
470.959595960   24.375   0.0   1.0
470.959595960   28.125   0.0   1.0
470.959595960   30.0   0.0   1.0
473.484848485   0.0   0.0   1.0
473.484848485   1.875   0.0   1.0
473.484848485   5.625   0.0   1.0
473.484848485   9.375   0.0   1.0
473.484848485   13.125   0.0   1.0
473.484848485   16.875   0.0   1.0
473.484848485   20.625   0.0   1.0
473.484848485   24.375   0.0   1.0
473.484848485   28.125   0.0   1.0
473.484848485   30.0   0.0   1.0
476.010101010   0.0   0.0   1.0
476.010101010   1.875   0.0   1.0
476.010101010   5.625   0.0   1.0
476.010101010   9.375   0.0   1.0
476.010101010   13.125   0.0   1.0
476.010101010   16.875   0.0   1.0
476.010101010   20.625   0.0   1.0
476.010101010   24.375   0.0   1.0
476.010101010   28.125   0.0   1.0
476.010101010   30.0   0.0   1.0
478.535353535   0.0   0.0   1.0
478.535353535   1.875   0.0   1.0
478.535353535   5.625   0.0   1.0
478.535353535   9.375   0.0   1.0
478.535353535   13.125   0.0   1.0
478.535353535   16.875   0.0   1.0
478.535353535   20.625   0.0   1.0
478.535353535   24.375   0.0   1.0
478.535353535   28.125   0.0   1.0
478.535353535   30.0   0.0   1.0
481.060606061   0.0   0.0   1.0
481.060606061   1.875   0.0   1.0
481.060606061   5.625   0.0   1.0
481.060606061   9.375   0.0   1.0
481.060606061   13.125   0.0   1.0
481.060606061   16.875   0.0   1.0
481.060606061   20.625   0.0   1.0
481.060606061   24.375   0.0   1.0
481.060606061   28.125   0.0   1.0
481.060606061   30.0   0.0   1.0
483.585858586   0.0   0.0   1.0
483.585858586   1.875   0.0   1.0
483.585858586   5.625   0.0   1.0
483.585858586   9.375   0.0   1.0
483.585858586   13.125   0.0   1.0
483.585858586   16.875   0.0   1.0
483.585858586   20.625   0.0   1.0
483.585858586   24.375   0.0   1.0
483.585858586   28.125   0.0   1.0
483.585858586   30.0   0.0   1.0
486.111111111   0.0   0.0   1.0
486.111111111   1.875   0.0   1.0
486.111111111   5.625   0.0   1.0
486.111111111   9.375   0.0   1.0
486.111111111   13.125   0.0   1.0
486.111111111   16.875   0.0   1.0
486.111111111   20.625   0.0   1.0
486.111111111   24.375   0.0   1.0
486.111111111   28.125   0.0   1.0
486.111111111   30.0   0.0   1.0
488.636363636   0.0   0.0   1.0
488.636363636   1.875   0.0   1.0
488.636363636   5.625   0.0   1.0
488.636363636   9.375   0.0   1.0
488.636363636   13.125   0.0   1.0
488.636363636   16.875   0.0   1.0
488.636363636   20.625   0.0   1.0
488.636363636   24.375   0.0   1.0
488.636363636   28.125   0.0   1.0
488.636363636   30.0   0.0   1.0
491.161616162   0.0   0.0   1.0
491.161616162   1.875   0.0   1.0
491.161616162   5.625   0.0   1.0
491.161616162   9.375   0.0   1.0
491.161616162   13.125   0.0   1.0
491.161616162   16.875   0.0   1.0
491.161616162   20.625   0.0   1.0
491.161616162   24.375   0.0   1.0
491.161616162   28.125   0.0   1.0
491.161616162   30.0   0.0   1.0
493.686868687   0.0   0.0   1.0
493.686868687   1.875   0.0   1.0
493.686868687   5.625   0.0   1.0
493.686868687   9.375   0.0   1.0
493.686868687   13.125   0.0   1.0
493.686868687   16.875   0.0   1.0
493.686868687   20.625   0.0   1.0
493.686868687   24.375   0.0   1.0
493.686868687   28.125   0.0   1.0
493.686868687   30.0   0.0   1.0
496.212121212   0.0   0.0   1.0
496.212121212   1.875   0.0   1.0
496.212121212   5.625   0.0   1.0
496.212121212   9.375   0.0   1.0
496.212121212   13.125   0.0   1.0
496.212121212   16.875   0.0   1.0
496.212121212   20.625   0.0   1.0
496.212121212   24.375   0.0   1.0
496.212121212   28.125   0.0   1.0
496.212121212   30.0   0.0   1.0
498.737373737   0.0   0.0   1.0
498.737373737   1.875   0.0   1.0
498.737373737   5.625   0.0   1.0
498.737373737   9.375   0.0   1.0
498.737373737   13.125   0.0   1.0
498.737373737   16.875   0.0   1.0
498.737373737   20.625   0.0   1.0
498.737373737   24.375   0.0   1.0
498.737373737   28.125   0.0   1.0
498.737373737   30.0   0.0   1.0
500.0   0.0   0.0   1.0
500.0   1.875   0.0   1.0
500.0   5.625   0.0   1.0
500.0   9.375   0.0   1.0
500.0   13.125   0.0   1.0
500.0   16.875   0.0   1.0
500.0   20.625   0.0   1.0
500.0   24.375   0.0   1.0
500.0   28.125   0.0   1.0
500.0   30.0   0.0   1.0

------------------------------------------------------------------------------------------
Number of control points  - (u, v, t) - PATCH 0
------------------------------------------------------------------------------------------
200 10 0

------------------------------------------------------------------------------------------
Degree (u,v,t) - PATCH 0
------------------------------------------------------------------------------------------
2 2 0

------------------------------------------------------------------------------------------
KNOT VECTOR (u) - PATCH 0
------------------------------------------------------------------------------------------
0.000000000000
0.000000000000
0.000000000000
0.005050505051
0.010101010101
0.015151515152
0.020202020202
0.025252525253
0.030303030303
0.035353535354
0.040404040404
0.045454545455
0.050505050505
0.055555555556
0.060606060606
0.065656565657
0.070707070707
0.075757575758
0.080808080808
0.085858585859
0.090909090909
0.095959595960
0.101010101010
0.106060606061
0.111111111111
0.116161616162
0.121212121212
0.126262626263
0.131313131313
0.136363636364
0.141414141414
0.146464646465
0.151515151515
0.156565656566
0.161616161616
0.166666666667
0.171717171717
0.176767676768
0.181818181818
0.186868686869
0.191919191919
0.196969696970
0.202020202020
0.207070707070
0.212121212122
0.217171717172
0.222222222222
0.227272727272
0.232323232324
0.237373737374
0.242424242424
0.247474747474
0.252525252526
0.257575757576
0.262626262626
0.267676767676
0.272727272728
0.277777777778
0.282828282828
0.287878787878
0.292929292930
0.297979797980
0.303030303030
0.308080808080
0.313131313132
0.318181818182
0.323232323232
0.328282828282
0.333333333334
0.338383838384
0.343434343434
0.348484848484
0.353535353536
0.358585858586
0.363636363636
0.368686868686
0.373737373738
0.378787878788
0.383838383838
0.388888888888
0.393939393940
0.398989898990
0.404040404040
0.409090909090
0.414141414142
0.419191919192
0.424242424242
0.429292929292
0.434343434344
0.439393939394
0.444444444444
0.449494949494
0.454545454546
0.459595959596
0.464646464646
0.469696969696
0.474747474748
0.479797979798
0.484848484848
0.489898989898
0.494949494950
0.500000000000
0.505050505050
0.510101010102
0.515151515152
0.520202020202
0.525252525252
0.530303030304
0.535353535354
0.540404040404
0.545454545454
0.550505050506
0.555555555556
0.560606060606
0.565656565656
0.570707070708
0.575757575758
0.580808080808
0.585858585858
0.590909090910
0.595959595960
0.601010101010
0.606060606060
0.611111111112
0.616161616162
0.621212121212
0.626262626262
0.631313131314
0.636363636364
0.641414141414
0.646464646464
0.651515151516
0.656565656566
0.661616161616
0.666666666666
0.671717171718
0.676767676768
0.681818181818
0.686868686868
0.691919191920
0.696969696970
0.702020202020
0.707070707070
0.712121212122
0.717171717172
0.722222222222
0.727272727272
0.732323232324
0.737373737374
0.742424242424
0.747474747474
0.752525252526
0.757575757576
0.762626262626
0.767676767676
0.772727272728
0.777777777778
0.782828282828
0.787878787878
0.792929292930
0.797979797980
0.803030303030
0.808080808080
0.813131313132
0.818181818182
0.823232323232
0.828282828282
0.833333333334
0.838383838384
0.843434343434
0.848484848484
0.853535353536
0.858585858586
0.863636363636
0.868686868686
0.873737373738
0.878787878788
0.883838383838
0.888888888888
0.893939393940
0.898989898990
0.904040404040
0.909090909090
0.914141414142
0.919191919192
0.924242424242
0.929292929292
0.934343434344
0.939393939394
0.944444444444
0.949494949494
0.954545454546
0.959595959596
0.964646464646
0.969696969696
0.974747474748
0.979797979798
0.984848484848
0.989898989898
0.994949494950
1.000000000000
1.000000000000
1.000000000000

------------------------------------------------------------------------------------------
KNOT VECTOR (v) - PATCH 0
------------------------------------------------------------------------------------------
0.00000
0.00000
0.00000
0.12500
0.25000
0.37500
0.50000
0.62500
0.75000
0.87500
1.00000
1.00000
1.00000

------------------------------------------------------------------------------------------
NUMBER OF NEUMMAN BOUNDARY CONDITION
------------------------------------------------------------------------------------------
0

------------------------------------------------------------------------------------------
CONTROL POINT INDEX    VALUES (X, Y)
------------------------------------------------------------------------------------------

------------------------------------------------------------------------------------------
NUMBER OF DIRICHELET BOUNDARY CONDITION
------------------------------------------------------------------------------------------
0

------------------------------------------------------------------------------------------
CONTROL POINT INDEX    (0-FREE, 1- DISPLACEMENT) VALUES (X, Y)
------------------------------------------------------------------------------------------

